    23.000         *         *         *         *         *         *    26.566    26.566         *         *         *         *         *     2.687    11.000     8.000     1.000     1.000     0.000     1.000     2.000         *         *         *         *         *    28.170     3.492    -1.884     0.912    26.926     0.371    -0.057     0.088
    21.000    20.000    28.000    16.000    14.000     8.000     8.000    28.000    27.283    28.000    28.000    27.283    28.000    28.000    10.712     9.000     8.000     0.000     0.000     0.000     1.000     2.000     3.000     4.000     5.000     6.000     7.000    27.152     2.720    -2.568     0.583    27.801     0.242    -0.030     0.045
    25.000         *         *         *         *         *         *    27.283    26.566         *         *         *         *         *    15.259    13.000     3.000     1.000     0.000     1.000     1.000     2.000         *         *         *         *         *    26.223     3.492    -2.406     0.912    27.311     0.371    -0.140     0.088
    35.000         *    50.000    32.000         *         *         *    26.566    22.981    26.566    25.132    27.283    26.566         *     0.856     6.000     6.000     0.000     0.000     0.000     1.000     2.000     3.000     4.000     5.000     6.000         *    41.840     3.088    -1.842     0.810    26.318     0.268    -0.051     0.058
    34.000    34.000    34.000    30.000         *         *         *    27.283    27.283    26.566    28.000    28.000    28.000         *    13.819    13.000    -8.000     0.000     0.000     0.000     1.000     2.000     3.000     4.000     5.000     6.000         *    36.352     2.822    -2.405     0.802    27.479     0.268     0.024     0.058
    27.000    32.000    28.000    22.000    20.000    16.000    10.000    25.849    28.000    27.283    26.566    25.132    28.000    23.698     2.605    11.000    13.000     1.000     0.000     0.000     1.000     2.000     3.000     4.000     5.000     6.000     7.000    34.667     2.720    -3.121     0.583    27.104     0.242    -0.179     0.045
    33.000         *    32.000    30.000         *         *         *    28.000    27.283    27.283    27.283    28.000         *         *     1.272     9.000    -2.000     0.000     1.000     0.000     1.000     2.000     3.000     4.000     5.000         *         *    35.153     3.102    -1.624     0.823    27.294     0.279     0.061     0.063
    31.000         *    42.000         *         *         *    34.000    27.283    26.566    28.000    25.849    26.566    27.283    26.566     9.091    10.000     8.000     0.000     1.000     1.000     1.000     2.000     3.000     4.000     5.000     6.000     7.000    35.464     3.131    -0.611     0.648    26.778     0.248     0.034     0.048
    35.000    30.000    32.000         *         *    26.000         *    27.283    27.283    28.000    28.000    28.000    28.000    27.283     1.737    13.000    14.000     0.000     1.000     0.000     1.000     2.000     3.000     4.000     5.000     6.000     7.000    35.168     2.817    -1.511     0.689    27.538     0.253     0.029     0.050
    19.000    20.000    16.000    14.000    12.000    10.000     8.000    28.000    28.000    26.566    25.849    26.566    28.000    28.000    15.065     5.000    -6.000     1.000     1.000     0.000     1.000     2.000     3.000     4.000     5.000     6.000     7.000    23.610     2.720    -2.371     0.583    26.972     0.242     0.058     0.045
    24.000    25.000    34.000    24.000    20.000    18.000    16.000    25.849    28.000    28.000    28.000    25.132    27.283    26.566    10.156     5.000     0.000     0.000     1.000     1.000     1.000     2.000     3.000     4.000     5.000     6.000     7.000    29.837     2.720    -1.720     0.583    26.930     0.242    -0.005     0.045
    19.000    18.000    14.000    12.000    12.000         *         *    27.283    27.283    27.283    25.849    25.849    27.283    26.566    16.352    10.000    -2.000     0.000     1.000     0.000     1.000     2.000     3.000     4.000     5.000     6.000     7.000    22.522     2.805    -2.425     0.730    26.973     0.255    -0.051     0.051
    31.000    32.000    34.000    30.000    22.000    18.000    28.000    25.849    28.000    28.000    28.000    28.000    28.000    25.849     4.374     6.000     0.000     1.000     1.000     1.000     1.000     2.000     3.000     4.000     5.000     6.000     7.000    33.916     2.720    -1.592     0.583    27.132     0.242     0.042     0.045
    25.000    26.000    20.000    14.000         *         *         *    26.566    27.283    26.566    27.283    25.132         *         *     9.663     7.000     6.000     0.000     1.000     0.000     1.000     2.000     3.000     4.000     5.000         *         *    28.573     2.837    -2.702     0.815    26.793     0.279    -0.078     0.063
    19.000    20.000    20.000    16.000         *         *         *    25.849    25.849    25.849    26.566    26.566    28.000    25.132    11.749     5.000    -3.000     0.000     0.000     0.000     1.000     2.000     3.000     4.000     5.000     6.000     7.000    24.966     2.806    -2.288     0.788    26.674     0.263    -0.074     0.054
    25.000    36.000    20.000         *         *         *         *    25.849    28.000    26.566    27.283         *         *         *     8.308    13.000     2.000     0.000     0.000     1.000     1.000     2.000     3.000     4.000         *         *         *    29.998     2.865    -1.643     0.871    27.350     0.299    -0.117     0.072
    27.000    36.000    20.000    18.000         *         *         *    26.566    28.000    28.000    28.000    27.283    28.000         *     1.907     7.000     0.000     0.000     1.000     0.000     1.000     2.000     3.000     4.000     5.000     6.000         *    31.124     2.822    -2.057     0.802    27.406     0.268     0.035     0.058
    29.000    34.000    18.000    16.000         *         *         *    27.283    26.566    26.566    27.283    27.283         *         *     7.613    13.000     3.000     0.000     0.000     0.000     1.000     2.000     3.000     4.000     5.000         *         *    31.605     2.837    -2.941     0.815    27.457     0.279    -0.134     0.063
    28.000    22.000    16.000    10.000         *         *         *    25.132    27.283    27.283    28.000    27.283         *         *    14.597     7.000   -13.000     0.000     1.000     1.000     1.000     2.000     3.000     4.000     5.000         *         *    24.923     2.837    -2.253     0.815    27.084     0.279    -0.026     0.063
    30.000         *         *         *         *         *         *    27.283    27.283         *         *         *         *         *     1.729     7.000     1.000     0.000     1.000     0.000     1.000     2.000         *         *         *         *         *    32.499     3.492    -1.794     0.912    27.085     0.371     0.023     0.088
    25.000    32.000         *         *         *         *         *    28.000    26.566    27.283    27.283    27.283         *         *    14.701     1.000     2.000     0.000     0.000     0.000     1.000     2.000     3.000     4.000     5.000         *         *    31.450     2.995    -2.834     0.869    27.049     0.285     0.023     0.068
    38.000    32.000    22.000    18.000    20.000         *         *    27.283    28.000    28.000    27.283    27.283    26.566    28.000    14.638     7.000     8.000     0.000     1.000     0.000     1.000     2.000     3.000     4.000     5.000     6.000     7.000    34.926     2.805    -3.212     0.730    27.279     0.255     0.020     0.051
    20.000    22.000         *    20.000    14.000     8.000     6.000    28.000    27.283    28.000    26.566    27.283    28.000    28.000    15.585    11.000    -4.000     0.000     0.000     0.000     1.000     2.000     3.000     4.000     5.000     6.000     7.000    25.531     2.861    -2.567     0.589    27.648     0.242    -0.027     0.045
    10.000    22.000    18.000         *         *         *         *    28.000    27.283    27.283    28.000         *         *         *    14.920     3.000    -5.000     0.000     0.000     0.000     1.000     2.000     3.000     4.000         *         *         *    21.495     2.865    -2.038     0.871    27.312     0.299     0.039     0.072
    32.000    22.000         *         *         *         *         *    27.283    26.566    28.000    27.283         *         *         *    12.768     9.000    11.000     0.000     1.000     0.000     1.000     2.000     3.000     4.000         *         *         *    30.359     3.002    -2.355     0.886    27.184     0.301     0.010     0.074
    30.000    32.000    28.000    18.000         *         *         *    28.000    27.283    28.000    28.000    27.283    27.283    26.566     8.500    11.000    -7.000     0.000     1.000     0.000     1.000     2.000     3.000     4.000     5.000     6.000     7.000    32.847     2.806    -2.712     0.788    27.415     0.263    -0.009     0.054
    48.000    50.000    42.000         *         *         *         *    28.000    27.283    28.000    28.000    27.283    28.000    27.283    -0.379     6.000     3.000     0.000     1.000     0.000     1.000     2.000     3.000     4.000     5.000     6.000     7.000    48.270     2.829    -2.420     0.823    27.197     0.269     0.090     0.056
    12.000    14.000         *         *         *         *         *    28.000    28.000    28.000    28.000    28.000    28.000         *    10.348    11.000   -13.000     0.000     0.000     0.000     1.000     2.000     3.000     4.000     5.000     6.000         *    18.100     2.988    -1.835     0.852    27.914     0.277    -0.014     0.062
    26.000    18.000    16.000    14.000    12.000    10.000         *    27.283    25.849    25.132    25.849    26.566    28.000    25.132    15.290    11.000     3.000     0.000     0.000     0.000     1.000     2.000     3.000     4.000     5.000     6.000     7.000    25.989     2.779    -2.842     0.658    26.962     0.248    -0.144     0.048
    30.000         *         *         *         *         *         *    25.132    24.415    25.132         *         *         *         *     5.899     3.000    13.000     0.000     1.000     1.000     1.000     2.000     3.000         *         *         *         *    32.917     3.490    -1.549     0.900    25.727     0.328    -0.132     0.081
    24.000    34.000    26.000    20.000    16.000    18.000    18.000    28.000    27.283    27.283    28.000    28.000    27.283    28.000     9.255    -1.000    11.000     0.000     0.000     0.000     1.000     2.000     3.000     4.000     5.000     6.000     7.000    31.612     2.720    -2.287     0.583    27.245     0.242     0.067     0.045
    30.000    22.000    20.000         *         *         *         *    25.849    25.849    25.132    24.415    25.849    22.264         *     6.047     9.000    -3.000     0.000     0.000     0.000     1.000     2.000     3.000     4.000     5.000     6.000         *    31.131     2.842    -3.532     0.840    26.207     0.273    -0.306     0.061
    24.000    18.000    12.000     8.000         *         *         *    26.566    27.283    27.283    27.283    27.283    23.698         *    17.181     7.000    -9.000     1.000     0.000     0.000     1.000     2.000     3.000     4.000     5.000     6.000         *    25.483     2.822    -4.103     0.802    27.034     0.268    -0.150     0.058
    12.000     8.000     6.000         *         *         *         *    27.283    26.566    27.283    26.566         *         *         *    18.821     9.000    -8.000     0.000     1.000     0.000     1.000     2.000     3.000     4.000         *         *         *    15.328     2.865    -2.443     0.871    27.040     0.299    -0.055     0.072
    42.000    24.000    18.000         *         *         *         *    26.566    28.000    25.849    25.849         *         *         *     6.931     5.000    11.000     0.000     0.000     0.000     1.000     2.000     3.000     4.000         *         *         *    35.328     2.865    -3.534     0.871    26.922     0.299    -0.150     0.072
    28.000    24.000    22.000         *         *         *         *    27.283    28.000    28.000    28.000         *         *         *    10.118     5.000    -9.000     1.000     0.000     0.000     1.000     2.000     3.000     4.000         *         *         *    29.822     2.865    -2.931     0.871    27.508     0.299     0.029     0.072
    42.000    28.000    34.000    24.000    18.000    20.000    18.000    27.283    25.849    26.566    28.000    25.849    28.000    27.283     3.533     9.000     1.000     1.000     1.000     0.000     1.000     2.000     3.000     4.000     5.000     6.000     7.000    37.777     2.720    -2.976     0.583    27.062     0.242    -0.014     0.045
    22.000         *         *         *         *         *         *    25.132    25.849         *         *         *         *         *     9.518     5.000    -1.000     1.000     1.000     0.000     1.000     2.000         *         *         *         *         *    26.609     3.492    -2.659     0.912    26.180     0.371    -0.083     0.088
    14.000    12.000    20.000    14.000         *    16.000         *    27.283    27.283    28.000    28.000    28.000    28.000    28.000    14.101    13.000     4.000     1.000     1.000     0.000     1.000     2.000     3.000     4.000     5.000     6.000     7.000    19.232     2.779    -1.129     0.682    27.467     0.251     0.077     0.049
    34.000    28.000         *    22.000    20.000    18.000         *    28.000    27.283    26.566    27.283    27.283    27.283    26.566     7.175     7.000     1.000     1.000     1.000     0.000     1.000     2.000     3.000     4.000     5.000     6.000     7.000    33.909     2.903    -2.802     0.661    27.060     0.248     0.008     0.048
    26.000    24.000    20.000    14.000    12.000     8.000    10.000    25.849    26.566    25.849    26.566    25.849    25.849    25.132    13.869     5.000    -1.000     1.000     1.000     1.000     1.000     2.000     3.000     4.000     5.000     6.000     7.000    27.559     2.720    -2.800     0.583    26.454     0.242    -0.112     0.045
    30.000         *         *    24.000    20.000         *         *    28.000    27.283    28.000    27.283    28.000    28.000    27.283     3.506    10.000     4.000     0.000     1.000     0.000     1.000     2.000     3.000     4.000     5.000     6.000     7.000    31.534     3.256    -1.942     0.747    27.503     0.256     0.022     0.051
    32.000    28.000    22.000    16.000    18.000    16.000         *    26.566    25.849    25.849    25.849    26.566    23.698    25.849     9.264     3.000     5.000     0.000     1.000     0.000     1.000     2.000     3.000     4.000     5.000     6.000     7.000    32.652     2.779    -3.042     0.658    26.205     0.248    -0.101     0.048
    30.000    24.000    18.000    16.000         *    18.000         *    26.566    26.566    26.566    26.566    25.849    25.849    25.132    10.731    13.000     6.000     0.000     0.000     0.000     1.000     2.000     3.000     4.000     5.000     6.000     7.000    29.520     2.779    -2.678     0.682    26.969     0.251    -0.176     0.049
    32.000         *    28.000    20.000         *         *         *    28.000    28.000    28.000    27.283    28.000         *         *    12.908     5.000    -3.000     0.000     1.000     0.000     1.000     2.000     3.000     4.000     5.000         *         *    32.384     3.102    -2.596     0.823    27.331     0.279     0.093     0.063
    30.000    30.000    18.000         *         *         *         *    28.000    25.849    25.132    24.415         *         *         *    14.107    11.000    -3.000     0.000     0.000     0.000     1.000     2.000     3.000     4.000         *         *         *    32.269     2.865    -3.856     0.871    26.654     0.299    -0.236     0.072
    20.000    14.000    12.000    10.000    12.000         *         *    28.000    27.283    27.283    28.000    27.283    27.283         *     6.704    11.000    -4.000     0.000     0.000     0.000     1.000     2.000     3.000     4.000     5.000     6.000         *    21.326     2.820    -2.160     0.740    27.734     0.262    -0.084     0.055
    28.000         *         *         *         *         *         *    27.283    27.283         *         *         *         *         *     5.896     5.000    -2.000     0.000     1.000     1.000     1.000     2.000         *         *         *         *         *    29.825     3.492    -1.211     0.912    27.011     0.371     0.024     0.088
    22.000    20.000    24.000    22.000    26.000         *         *    25.849    25.849    25.849    25.132    24.415    26.566         *     6.865     2.000     0.000     0.000     1.000     0.000     1.000     2.000     3.000     4.000     5.000     6.000         *    27.322     2.820    -1.424     0.740    25.883     0.262    -0.026     0.055
    22.000    18.000         *         *         *         *         *    26.566    28.000    27.283         *         *         *         *     6.211    12.000    18.000     1.000     1.000     0.000     1.000     2.000     3.000         *         *         *         *    25.309     3.008    -1.740     0.900    27.316     0.328    -0.024     0.080
    24.000    18.000         *         *         *         *         *    25.132    25.849    25.132    21.547         *         *         *     3.678     5.000    -1.000     0.000     1.000     0.000     1.000     2.000     3.000     4.000         *         *         *    27.411     3.002    -2.776     0.886    25.529     0.301    -0.255     0.074
    24.000    20.000    16.000    12.000         *         *         *    26.566    28.000    28.000    28.000    28.000    28.000         *     6.257     8.000     8.000     0.000     1.000     0.000     1.000     2.000     3.000     4.000     5.000     6.000         *    24.529     2.822    -1.878     0.802    27.552     0.268     0.026     0.058
    38.000    36.000         *         *         *         *         *    25.132    27.283    27.283         *         *         *         *     6.621     5.000    11.000     0.000     1.000     0.000     1.000     2.000     3.000         *         *         *         *    38.687     3.008    -2.296     0.900    26.635     0.328     0.022     0.080
    38.000    28.000    26.000         *         *         *         *    28.000    26.566    28.000    28.000         *         *         *     3.446     6.000    -1.000     0.000     1.000     0.000     1.000     2.000     3.000     4.000         *         *         *    34.823     2.865    -2.241     0.871    27.297     0.299     0.056     0.072
    22.000    20.000         *         *         *         *         *    27.283    28.000    27.283         *         *         *         *     3.667    12.000    -6.000     0.000     0.000     0.000     1.000     2.000     3.000         *         *         *         *    25.511     3.008    -1.964     0.900    27.620     0.328    -0.079     0.080
    20.000    20.000    26.000    32.000         *         *         *    27.283    27.283    27.283    28.000    28.000         *         *     6.879     9.000     6.000     0.000     1.000     0.000     1.000     2.000     3.000     4.000     5.000         *         *    26.162     2.837    -0.561     0.815    27.210     0.279     0.108     0.063
    22.000    16.000         *         *         *         *         *    26.566    28.000    27.283    27.283         *         *         *     8.010     9.000    -5.000     0.000     0.000     0.000     1.000     2.000     3.000     4.000         *         *         *    24.083     3.002    -2.235     0.886    27.415     0.301    -0.069     0.074
    28.000    30.000         *         *         *         *         *    28.000    28.000    28.000         *         *         *         *     0.637     5.000    -7.000     0.000     1.000     0.000     1.000     2.000     3.000         *         *         *         *    31.684     3.008    -1.609     0.900    27.404     0.328     0.100     0.080
    28.000    36.000         *         *         *         *         *    26.566    27.283    25.849         *         *         *         *     9.154     8.000     8.000     0.000     1.000     0.000     1.000     2.000     3.000         *         *         *         *    33.995     3.008    -2.245     0.900    26.719     0.328    -0.019     0.080
    28.000    34.000         *         *         *         *         *    28.000    28.000    27.283         *         *         *         *     0.965     7.000    -2.000     0.000     0.000     0.000     1.000     2.000     3.000         *         *         *         *    33.689     3.008    -2.031     0.900    27.513     0.328    -0.003     0.080
    28.000         *         *         *         *         *         *    24.415    28.000         *         *         *         *         *    15.665    10.000    -1.000     0.000     1.000     0.000     1.000     2.000         *         *         *         *         *    28.582     3.492    -2.646     0.912    26.708     0.371    -0.050     0.088
    26.000    20.000         *         *         *         *         *    23.698    25.849    23.698         *         *         *         *     8.094     7.000   -21.000     0.000     1.000     0.000     1.000     2.000     3.000         *         *         *         *    27.306     3.008    -2.971     0.900    25.632     0.328    -0.202     0.080
    20.000         *         *         *         *         *         *    28.000    28.000         *         *         *         *         *     3.060     8.000    -7.000     0.000     1.000     2.000     1.000     2.000         *         *         *         *         *    23.762     3.492     0.256     0.912    27.500     0.371     0.034     0.088
    26.000         *         *         *         *         *         *    28.000    28.000    28.000         *         *         *         *     4.010     7.000     8.000     1.000     1.000     0.000     1.000     2.000     3.000         *         *         *         *    29.919     3.490    -1.879     0.900    27.475     0.328     0.078     0.081
    26.000    28.000         *         *         *         *         *    26.566    28.000    26.566         *         *         *         *     1.578    11.000    -8.000     0.000     1.000     0.000     1.000     2.000     3.000         *         *         *         *    29.840     3.008    -1.734     0.900    27.136     0.328    -0.019     0.080
    38.000    36.000         *         *         *         *         *    25.849    28.000    27.283         *         *         *         *     2.630     9.000     3.000     1.000     1.000     0.000     1.000     2.000     3.000         *         *         *         *    38.534     3.008    -2.464     0.900    27.035     0.328     0.020     0.080
    30.000    28.000         *         *         *         *         *    22.264    26.566    25.132         *         *         *         *     4.609    -1.000     3.000     1.000     1.000     0.000     1.000     2.000     3.000         *         *         *         *    33.529     3.008    -2.738     0.900    25.455     0.328    -0.086     0.080
    14.000         *         *         *         *         *         *    28.000    26.566    26.566         *         *         *         *    15.290    12.000     5.000     0.000     0.000     0.000     1.000     2.000     3.000         *         *         *         *    20.294     3.490    -2.408     0.900    27.339     0.328    -0.128     0.081
    30.000         *         *         *         *         *         *    26.566    25.132         *         *         *         *         *     1.357     5.000    -9.000     0.000     1.000     0.000     1.000     2.000         *         *         *         *         *    32.366     3.492    -2.238     0.912    26.346     0.371    -0.064     0.088
    30.000         *         *         *         *         *         *    27.283    26.566         *         *         *         *         *     0.946     5.000    -1.000     0.000     1.000     0.000     1.000     2.000         *         *         *         *         *    32.788     3.492    -1.886     0.912    26.838     0.371     0.010     0.088
    28.000         *         *         *         *         *         *    28.000    27.283         *         *         *         *         *     0.760     9.000   -10.000     1.000     0.000     0.000     1.000     2.000         *         *         *         *         *    30.678     3.492    -2.568     0.912    27.498     0.371    -0.054     0.088
    32.000         *         *         *         *         *         *    28.000    26.566         *         *         *         *         *     1.570    13.000     8.000     0.000     0.000     0.000     1.000     2.000         *         *         *         *         *    33.946     3.492    -2.151     0.912    27.485     0.371    -0.101     0.088
