    23.000         *         *         *         *         *         *    14.000    15.000         *         *         *         *         *     2.687    11.000     8.000     1.000     1.000     0.000     1.000     2.000         *         *         *         *         *    28.092     3.504    -1.789     0.819    14.583     1.183    -0.034     0.249
    21.000    20.000    28.000    16.000    14.000     8.000     8.000    19.000    16.000    19.000    24.000    20.000    21.000    21.000    10.712     9.000     8.000     0.000     0.000     0.000     1.000     2.000     3.000     4.000     5.000     6.000     7.000    28.002     2.740    -2.857     0.581    18.552     0.984     0.294     0.189
    25.000         *         *         *         *         *         *    20.000    25.000         *         *         *         *         *    15.259    13.000     3.000     1.000     0.000     1.000     1.000     2.000         *         *         *         *         *    26.558     3.504    -2.433     0.819    21.705     1.183    -0.038     0.249
    35.000         *    50.000    32.000         *         *         *    14.000    13.000    14.000    13.000    16.000    14.000         *     0.856     6.000     6.000     0.000     0.000     0.000     1.000     2.000     3.000     4.000     5.000     6.000         *    42.203     3.088    -2.170     0.773    14.301     1.005    -0.094     0.211
    34.000    34.000    34.000    30.000         *         *         *    20.000    20.000    22.000    21.000    19.000    18.000         *    13.819    13.000    -8.000     0.000     0.000     0.000     1.000     2.000     3.000     4.000     5.000     6.000         *    36.850     2.815    -2.717     0.764    21.278     1.004    -0.390     0.211
    27.000    32.000    28.000    22.000    20.000    16.000    10.000    13.000    11.000    13.000    15.000    15.000    14.000    15.000     2.605    11.000    13.000     1.000     0.000     0.000     1.000     2.000     3.000     4.000     5.000     6.000     7.000    34.172     2.740    -2.987     0.581    12.423     0.984     0.320     0.189
    33.000         *    32.000    30.000         *         *         *    20.000    22.000    19.000    21.000    19.000         *         *     1.272     9.000    -2.000     0.000     1.000     0.000     1.000     2.000     3.000     4.000     5.000         *         *    35.444     3.090    -1.750     0.779    21.341     1.005    -0.456     0.224
    31.000         *    42.000         *         *         *    34.000    12.000    15.000    15.000    14.000    15.000    15.000    13.000     9.091    10.000     8.000     0.000     1.000     1.000     1.000     2.000     3.000     4.000     5.000     6.000     7.000    35.269     3.157    -0.674     0.641    14.711     0.992    -0.124     0.192
    35.000    30.000    32.000         *         *    26.000         *    14.000    14.000    16.000    15.000    14.000         *    14.000     1.737    13.000    14.000     0.000     1.000     0.000     1.000     2.000     3.000     4.000     5.000     6.000     7.000    35.319     2.837    -1.598     0.676    14.803     0.995    -0.060     0.199
    19.000    20.000    16.000    14.000    12.000    10.000     8.000    13.000    13.000    16.000    16.000    17.000    16.000    12.000    15.065     5.000    -6.000     1.000     1.000     0.000     1.000     2.000     3.000     4.000     5.000     6.000     7.000    23.943     2.740    -2.508     0.581    14.958     0.984    -0.072     0.189
    24.000    25.000    34.000    24.000    20.000    18.000    16.000     9.000    13.000    12.000    12.000    10.000    12.000    12.000    10.156     5.000     0.000     0.000     1.000     1.000     1.000     2.000     3.000     4.000     5.000     6.000     7.000    29.588     2.740    -1.669     0.581    11.337     0.984     0.069     0.189
    19.000    18.000    14.000    12.000    12.000         *         *    14.000    15.000    14.000    14.000    14.000    15.000    15.000    16.352    10.000    -2.000     0.000     1.000     0.000     1.000     2.000     3.000     4.000     5.000     6.000     7.000    21.935     2.813    -2.218     0.712    14.304     0.994     0.059     0.193
    31.000    32.000    34.000    30.000    22.000    18.000    28.000    14.000    13.000    14.000    13.000    13.000    12.000    12.000     4.374     6.000     0.000     1.000     1.000     1.000     1.000     2.000     3.000     4.000     5.000     6.000     7.000    34.029     2.740    -1.619     0.581    14.133     0.984    -0.262     0.189
    25.000    26.000    20.000    14.000         *         *         *    15.000    14.000    17.000    15.000    13.000         *         *     9.663     7.000     6.000     0.000     1.000     0.000     1.000     2.000     3.000     4.000     5.000         *         *    27.965     2.818    -2.354     0.770    14.961     1.004    -0.043     0.223
    19.000    20.000    20.000    16.000         *         *         *    12.000    13.000    14.000    14.000    13.000    13.000    14.000    11.749     5.000    -3.000     0.000     0.000     0.000     1.000     2.000     3.000     4.000     5.000     6.000     7.000    24.976     2.813    -2.350     0.758    12.826     1.001     0.129     0.195
    25.000    36.000    20.000         *         *         *         *    13.000    15.000    13.000    15.000         *         *         *     8.308    13.000     2.000     0.000     0.000     1.000     1.000     2.000     3.000     4.000         *         *         *    29.675     2.848    -1.568     0.803    13.712     1.020     0.212     0.236
    27.000    36.000    20.000    18.000         *         *         *    16.000    16.000    14.000    14.000    15.000    16.000         *     1.907     7.000     0.000     0.000     1.000     0.000     1.000     2.000     3.000     4.000     5.000     6.000         *    31.359     2.815    -2.160     0.764    15.584     1.004    -0.114     0.211
    29.000    34.000    18.000    16.000         *         *         *    26.000    23.000    24.000    19.000    25.000         *         *     7.613    13.000     3.000     0.000     0.000     0.000     1.000     2.000     3.000     4.000     5.000         *         *    31.550     2.818    -2.811     0.770    23.666     1.004    -0.213     0.223
    28.000    22.000    16.000    10.000         *         *         *    17.000    15.000    18.000    18.000    18.000         *         *    14.597     7.000   -13.000     0.000     1.000     1.000     1.000     2.000     3.000     4.000     5.000         *         *    25.150     2.818    -2.439     0.770    17.175     1.004     0.013     0.223
    30.000         *         *         *         *         *         *    13.000    15.000         *         *         *         *         *     1.729     7.000     1.000     0.000     1.000     0.000     1.000     2.000         *         *         *         *         *    32.302     3.504    -1.764     0.819    14.403     1.183    -0.130     0.249
    25.000    32.000         *         *         *         *         *    13.000    15.000    14.000    13.000    14.000         *         *    14.701     1.000     2.000     0.000     0.000     0.000     1.000     2.000     3.000     4.000     5.000         *         *    31.850     3.006    -3.135     0.804    13.751     1.018     0.000     0.231
    38.000    32.000    22.000    18.000    20.000         *         *    18.000    18.000    18.000    21.000    17.000    18.000         *    14.638     7.000     8.000     0.000     1.000     0.000     1.000     2.000     3.000     4.000     5.000     6.000     7.000    35.474     2.815    -3.427     0.716    18.576     0.997    -0.119     0.208
    20.000    22.000         *    20.000    14.000     8.000     6.000    19.000    15.000    17.000    16.000    16.000    18.000    19.000    15.585    11.000    -4.000     0.000     0.000     0.000     1.000     2.000     3.000     4.000     5.000     6.000     7.000    25.739     2.884    -2.660     0.587    16.772     0.985     0.088     0.189
    10.000    22.000    18.000         *         *         *         *    11.000    14.000    12.000    14.000         *         *         *    14.920     3.000    -5.000     0.000     0.000     0.000     1.000     2.000     3.000     4.000         *         *         *    21.927     2.848    -2.347     0.803    12.382     1.020     0.174     0.236
    32.000    22.000         *         *         *         *         *    25.000    25.000    25.000    23.000         *         *         *    12.768     9.000    11.000     0.000     1.000     0.000     1.000     2.000     3.000     4.000         *         *         *    31.107     3.006    -2.611     0.811    24.779     1.026    -0.372     0.240
    30.000    32.000    28.000    18.000         *         *         *    26.000    20.000    23.000    19.000         *         *         *     8.500    11.000    -7.000     0.000     1.000     0.000     1.000     2.000     3.000     4.000     5.000     6.000     7.000    32.262     2.820    -2.317     0.775    23.258     1.014    -0.589     0.232
    48.000    50.000    42.000         *         *         *         *    14.000    20.000    15.000    17.000    14.000         *    15.000    -0.379     6.000     3.000     0.000     1.000     0.000     1.000     2.000     3.000     4.000     5.000     6.000     7.000    48.449     2.844    -2.630     0.785    17.374     1.008    -0.435     0.204
    12.000    14.000         *         *         *         *         *    25.000    23.000    28.000    24.000    21.000    25.000         *    10.348    11.000   -13.000     0.000     0.000     0.000     1.000     2.000     3.000     4.000     5.000     6.000         *    18.559     3.006    -1.947     0.795    24.731     1.018    -0.215     0.217
    26.000    18.000    16.000    14.000    12.000    10.000         *    12.000    14.000    12.000    12.000    15.000    13.000    13.000    15.290    11.000     3.000     0.000     0.000     0.000     1.000     2.000     3.000     4.000     5.000     6.000     7.000    25.449     2.793    -2.665     0.649    12.284     0.989     0.220     0.191
    30.000         *         *         *         *         *         *    12.000    12.000         *         *         *         *         *     5.899     3.000    13.000     0.000     1.000     1.000     1.000     2.000     3.000         *         *         *         *    32.612     3.504    -1.300     0.819    12.143     1.183     0.031     0.249
    24.000    34.000    26.000    20.000    16.000    18.000    18.000    15.000    10.000    13.000    13.000    11.000    14.000     9.000     9.255    -1.000    11.000     0.000     0.000     0.000     1.000     2.000     3.000     4.000     5.000     6.000     7.000    32.329     2.740    -2.444     0.581    12.619     0.984    -0.121     0.189
    30.000    22.000    20.000         *         *         *         *    14.000         *         *    13.000    13.000         *         *     6.047     9.000    -3.000     0.000     0.000     0.000     1.000     2.000     3.000     4.000     5.000     6.000         *    29.029     2.846    -2.291     0.798    13.516     1.227     0.033     0.233
    24.000    18.000    12.000     8.000         *         *         *    11.000    12.000    12.000    12.000    14.000    12.000         *    17.181     7.000    -9.000     1.000     0.000     0.000     1.000     2.000     3.000     4.000     5.000     6.000         *    24.511     2.815    -3.678     0.764    11.566     1.004     0.214     0.211
    12.000     8.000     6.000         *         *         *         *    15.000    19.000    16.000    17.000         *         *         *    18.821     9.000    -8.000     0.000     1.000     0.000     1.000     2.000     3.000     4.000         *         *         *    14.987     2.848    -2.239     0.803    16.583     1.020     0.072     0.236
    42.000    24.000    18.000         *         *         *         *    11.000    14.000    11.000    15.000         *         *         *     6.931     5.000    11.000     0.000     0.000     0.000     1.000     2.000     3.000     4.000         *         *         *    34.969     2.848    -3.352     0.803    12.001     1.020     0.301     0.236
    28.000    24.000    22.000         *         *         *         *    15.000    16.000    16.000    16.000         *         *         *    10.118     5.000    -9.000     1.000     0.000     0.000     1.000     2.000     3.000     4.000         *         *         *    30.364     2.848    -3.270     0.803    15.894     1.020    -0.105     0.236
    42.000    28.000    34.000    24.000    18.000    20.000    18.000    14.000    17.000    14.000    14.000    16.000    13.000    13.000     3.533     9.000     1.000     1.000     1.000     0.000     1.000     2.000     3.000     4.000     5.000     6.000     7.000    37.820     2.740    -2.996     0.581    15.544     0.984    -0.269     0.189
    22.000         *         *         *         *         *         *    11.000    12.000         *         *         *         *         *     9.518     5.000    -1.000     1.000     1.000     0.000     1.000     2.000         *         *         *         *         *    26.189     3.504    -2.497     0.819    11.814     1.183    -0.001     0.249
    14.000    12.000    20.000    14.000         *    16.000         *    15.000    16.000    15.000    14.000    15.000    14.000    14.000    14.101    13.000     4.000     1.000     1.000     0.000     1.000     2.000     3.000     4.000     5.000     6.000     7.000    19.756     2.794    -1.312     0.669    15.311     0.992    -0.133     0.192
    34.000    28.000         *    22.000    20.000    18.000         *    11.000    10.000    11.000    11.000    10.000    12.000    10.000     7.175     7.000     1.000     1.000     1.000     0.000     1.000     2.000     3.000     4.000     5.000     6.000     7.000    33.582     2.921    -2.715     0.652    11.166     0.989    -0.072     0.191
    26.000    24.000    20.000    14.000    12.000     8.000    10.000    16.000    15.000    16.000    16.000    17.000    16.000    13.000    13.869     5.000    -1.000     1.000     1.000     1.000     1.000     2.000     3.000     4.000     5.000     6.000     7.000    27.230     2.740    -2.670     0.581    15.969     0.984    -0.105     0.189
    30.000         *         *    24.000    20.000         *         *    13.000    13.000    13.000    12.000    13.000    13.000    13.000     3.506    10.000     4.000     0.000     1.000     0.000     1.000     2.000     3.000     4.000     5.000     6.000     7.000    31.323     3.275    -1.880     0.731    13.098     0.996    -0.023     0.194
    32.000    28.000    22.000    16.000    18.000    16.000         *    17.000    16.000    13.000    15.000    12.000    12.000    11.000     9.264     3.000     5.000     0.000     1.000     0.000     1.000     2.000     3.000     4.000     5.000     6.000     7.000    31.597     2.793    -2.561     0.649    15.466     0.989    -0.420     0.191
    30.000    24.000    18.000    16.000         *    18.000         *    14.000    15.000    10.000    12.000    15.000    10.000    10.000    10.731    13.000     6.000     0.000     0.000     0.000     1.000     2.000     3.000     4.000     5.000     6.000     7.000    28.170     2.794    -2.058     0.669    12.945     0.992    -0.100     0.192
    32.000         *    28.000    20.000         *         *         *    17.000    14.000    19.000    14.000    17.000         *         *    12.908     5.000    -3.000     0.000     1.000     0.000     1.000     2.000     3.000     4.000     5.000         *         *    32.851     3.090    -2.852     0.779    16.812     1.005    -0.219     0.224
    30.000    30.000    18.000         *         *         *         *    16.000    16.000    16.000    14.000         *         *         *    14.107    11.000    -3.000     0.000     0.000     0.000     1.000     2.000     3.000     4.000         *         *         *    30.791     2.848    -2.999     0.803    15.685     1.020    -0.018     0.236
    20.000    14.000    12.000    10.000    12.000         *         *    19.000    16.000    18.000    15.000    22.000    21.000         *     6.704    11.000    -4.000     0.000     0.000     0.000     1.000     2.000     3.000     4.000     5.000     6.000         *    21.418     2.815    -2.226     0.716    17.336     0.997     0.292     0.208
    28.000         *         *         *         *         *         *    20.000    14.000         *         *         *         *         *     5.896     5.000    -2.000     0.000     1.000     1.000     1.000     2.000         *         *         *         *         *    30.056     3.504    -1.125     0.819    17.414     1.183    -0.310     0.249
    22.000    20.000    24.000    22.000    26.000         *         *    18.000    18.000    16.000    17.000    17.000    16.000         *     6.865     2.000     0.000     0.000     1.000     0.000     1.000     2.000     3.000     4.000     5.000     6.000         *    27.115     2.815    -1.330     0.716    18.033     0.997    -0.347     0.208
    22.000    18.000         *         *         *         *         *    11.000    12.000    10.000         *         *         *         *     6.211    12.000    18.000     1.000     1.000     0.000     1.000     2.000     3.000         *         *         *         *    25.454     3.006    -1.818     0.815    10.810     1.065     0.230     0.245
    24.000    18.000         *         *         *         *         *    18.000         *    15.000         *         *         *         *     3.678     5.000    -1.000     0.000     1.000     0.000     1.000     2.000     3.000     4.000         *         *         *    26.086     3.006    -1.554     0.815    16.826     1.235    -0.238     0.246
    24.000    20.000    16.000    12.000         *         *         *    13.000    14.000    15.000    15.000    15.000    22.000         *     6.257     8.000     8.000     0.000     1.000     0.000     1.000     2.000     3.000     4.000     5.000     6.000         *    25.623     2.815    -2.540     0.764    13.832     1.004     0.490     0.211
    38.000    36.000         *         *         *         *         *    10.000     9.000    12.000         *         *         *         *     6.621     5.000    11.000     0.000     1.000     0.000     1.000     2.000     3.000         *         *         *         *    38.686     3.006    -2.579     0.815    10.616     1.065     0.024     0.245
    38.000    28.000    26.000         *         *         *         *    13.000    16.000    15.000    12.000         *         *         *     3.446     6.000    -1.000     0.000     1.000     0.000     1.000     2.000     3.000     4.000         *         *         *    34.863     2.848    -2.279     0.803    14.666     1.020    -0.213     0.236
    22.000    20.000         *         *         *         *         *    10.000    13.000    13.000         *         *         *         *     3.667    12.000    -6.000     0.000     0.000     0.000     1.000     2.000     3.000         *         *         *         *    24.955     3.006    -1.768     0.815    11.904     1.065     0.262     0.245
    20.000    20.000    26.000    32.000         *         *         *    15.000    17.000    15.000    15.000    16.000         *         *     6.879     9.000     6.000     0.000     1.000     0.000     1.000     2.000     3.000     4.000     5.000         *         *    26.887     2.818    -0.930     0.770    16.064     1.004    -0.162     0.223
    22.000    16.000         *         *         *         *         *    19.000    14.000    16.000    13.000         *         *         *     8.010     9.000    -5.000     0.000     0.000     0.000     1.000     2.000     3.000     4.000         *         *         *    23.913     3.006    -1.882     0.811    15.868     1.026    -0.105     0.240
    28.000    30.000         *         *         *         *         *    21.000    20.000    18.000         *         *         *         *     0.637     5.000    -7.000     0.000     1.000     0.000     1.000     2.000     3.000         *         *         *         *    32.010     3.006    -1.633     0.815    20.435     1.065    -0.536     0.245
    28.000    36.000         *         *         *         *         *    17.000    16.000    16.000         *         *         *         *     9.154     8.000     8.000     0.000     1.000     0.000     1.000     2.000     3.000         *         *         *         *    33.958     3.006    -2.202     0.815    16.689     1.065    -0.212     0.245
    28.000    34.000         *         *         *         *         *    15.000    15.000    15.000         *         *         *         *     0.965     7.000    -2.000     0.000     0.000     0.000     1.000     2.000     3.000         *         *         *         *    33.669     3.006    -2.012     0.815    15.224     1.065    -0.101     0.245
    28.000         *         *         *         *         *         *    15.000    15.000         *         *         *         *         *    15.665    10.000    -1.000     0.000     1.000     0.000     1.000     2.000         *         *         *         *         *    28.107     3.504    -2.624     0.819    15.357     1.183    -0.046     0.249
    26.000    20.000         *         *         *         *         *    13.000    14.000    14.000         *         *         *         *     8.094     7.000   -21.000     0.000     1.000     0.000     1.000     2.000     3.000         *         *         *         *    25.779     3.006    -2.128     0.815    14.443     1.065    -0.180     0.245
    20.000         *         *         *         *         *         *    24.000    20.000         *         *         *         *         *     3.060     8.000    -7.000     0.000     1.000     2.000     1.000     2.000         *         *         *         *         *    24.303     3.504     0.345     0.819    22.131     1.183    -0.397     0.249
    26.000         *         *         *         *         *         *    19.000    17.000    15.000         *         *         *         *     4.010     7.000     8.000     1.000     1.000     0.000     1.000     2.000     3.000         *         *         *         *    30.677     3.504    -2.067     0.816    17.349     1.069    -0.306     0.248
    26.000    28.000         *         *         *         *         *    25.000    23.000    18.000         *         *         *         *     1.578    11.000    -8.000     0.000     1.000     0.000     1.000     2.000     3.000         *         *         *         *    29.656     3.006    -1.298     0.815    22.976     1.065    -0.625     0.245
    38.000    36.000         *         *         *         *         *    18.000    21.000    20.000         *         *         *         *     2.630     9.000     3.000     1.000     1.000     0.000     1.000     2.000     3.000         *         *         *         *    38.867     3.006    -2.722     0.815    20.065     1.065    -0.409     0.245
    30.000    28.000         *         *         *         *         *    13.000    13.000    11.000         *         *         *         *     4.609    -1.000     3.000     1.000     1.000     0.000     1.000     2.000     3.000         *         *         *         *    33.384     3.006    -2.626     0.815    12.785     1.065    -0.246     0.245
    14.000         *         *         *         *         *         *    15.000    14.000    15.000         *         *         *         *    15.290    12.000     5.000     0.000     0.000     0.000     1.000     2.000     3.000         *         *         *         *    20.161     3.504    -2.179     0.816    14.168     1.069     0.300     0.248
    30.000         *         *         *         *         *         *    12.000    12.000         *         *         *         *         *     1.357     5.000    -9.000     0.000     1.000     0.000     1.000     2.000         *         *         *         *         *    31.598     3.504    -1.808     0.819    12.824     1.183    -0.176     0.249
    30.000         *         *         *         *         *         *    16.000    17.000         *         *         *         *         *     0.946     5.000    -1.000     0.000     1.000     0.000     1.000     2.000         *         *         *         *         *    32.772     3.504    -1.772     0.819    16.788     1.183    -0.291     0.249
    28.000         *         *         *         *         *         *    18.000    14.000         *         *         *         *         *     0.760     9.000   -10.000     1.000     0.000     0.000     1.000     2.000         *         *         *         *         *    30.604     3.504    -2.322     0.819    16.324     1.183    -0.211     0.249
    32.000         *         *         *         *         *         *    14.000    10.000         *         *         *         *         *     1.570    13.000     8.000     0.000     0.000     0.000     1.000     2.000         *         *         *         *         *    33.552     3.504    -1.890     0.819    12.318     1.183     0.151     0.249
