    23.000         *         *         *         *         *         *    50.000    46.000         *         *         *         *         *     2.687    11.000     8.000     1.000     1.000     0.000     1.000     2.000         *         *         *         *         *    28.161     3.532    -1.798     0.899    50.250     3.878    -0.460     0.566
    21.000    20.000    28.000    16.000    14.000     8.000     8.000    56.000    60.000    54.000    54.000    64.000    48.000    58.000    10.712     9.000     8.000     0.000     0.000     0.000     1.000     2.000     3.000     4.000     5.000     6.000     7.000    27.269     2.738    -2.603     0.583    58.205     2.746    -0.681     0.370
    25.000         *         *         *         *         *         *    64.000    62.000         *         *         *         *         *    15.259    13.000     3.000     1.000     0.000     1.000     1.000     2.000         *         *         *         *         *    26.238     3.532    -2.513     0.899    63.063     3.878    -1.723     0.566
    35.000         *    50.000    32.000         *         *         *    34.000    20.000    32.000    26.000    42.000    44.000         *     0.856     6.000     6.000     0.000     0.000     0.000     1.000     2.000     3.000     4.000     5.000     6.000         *    42.083     3.128    -1.929     0.815    30.147     2.952     1.412     0.479
    34.000    34.000    34.000    30.000         *         *         *    62.000    66.000    62.000    62.000    64.000    58.000         *    13.819    13.000    -8.000     0.000     0.000     0.000     1.000     2.000     3.000     4.000     5.000     6.000         *    36.653     2.852    -2.605     0.805    61.931     2.952    -0.070     0.479
    27.000    32.000    28.000    22.000    20.000    16.000    10.000    58.000    64.000    58.000    46.000    54.000    38.000    48.000     2.605    11.000    13.000     1.000     0.000     0.000     1.000     2.000     3.000     4.000     5.000     6.000     7.000    34.943     2.738    -3.205     0.583    56.532     2.746    -1.094     0.370
    33.000         *    32.000    30.000         *         *         *    60.000    52.000    54.000    54.000    58.000         *         *     1.272     9.000    -2.000     0.000     1.000     0.000     1.000     2.000     3.000     4.000     5.000         *         *    35.003     3.146    -1.581     0.828    52.363     3.027     0.734     0.489
    31.000         *    42.000         *         *         *    34.000    54.000    58.000    48.000    42.000    56.000    56.000    58.000     9.091    10.000     8.000     0.000     1.000     1.000     1.000     2.000     3.000     4.000     5.000     6.000     7.000    35.046     3.161    -0.470     0.649    50.716     2.802     0.468     0.402
    35.000    30.000    32.000         *         *    26.000         *    54.000    52.000    52.000    54.000    46.000         *    46.000     1.737    13.000    14.000     0.000     1.000     0.000     1.000     2.000     3.000     4.000     5.000     6.000     7.000    35.984     2.848    -1.848     0.696    51.964     2.898    -0.220     0.428
    19.000    20.000    16.000    14.000    12.000    10.000     8.000    54.000    60.000    44.000    50.000    28.000    30.000    54.000    15.065     5.000    -6.000     1.000     1.000     0.000     1.000     2.000     3.000     4.000     5.000     6.000     7.000    24.334     2.738    -2.610     0.583    48.156     2.746    -0.594     0.370
    24.000    25.000    34.000    24.000    20.000    18.000    16.000    30.000    29.000    28.000    34.000    38.000    30.000    26.000    10.156     5.000     0.000     0.000     1.000     1.000     1.000     2.000     3.000     4.000     5.000     6.000     7.000    30.416     2.738    -1.882     0.583    31.660     2.746     0.095     0.370
    19.000    18.000    14.000    12.000    12.000         *         *    62.000    56.000    60.000    66.000    42.000    64.000    42.000    16.352    10.000    -2.000     0.000     1.000     0.000     1.000     2.000     3.000     4.000     5.000     6.000     7.000    22.415     2.829    -2.402     0.731    59.370     2.856    -0.980     0.432
    31.000    32.000    34.000    30.000    22.000    18.000    28.000    44.000    52.000    48.000    44.000    42.000    48.000    60.000     4.374     6.000     0.000     1.000     1.000     1.000     1.000     2.000     3.000     4.000     5.000     6.000     7.000    33.619     2.738    -1.497     0.583    46.303     2.746     0.281     0.370
    25.000    26.000    20.000    14.000         *         *         *    40.000    56.000    44.000    44.000    42.000         *         *     9.663     7.000     6.000     0.000     1.000     0.000     1.000     2.000     3.000     4.000     5.000         *         *    28.311     2.872    -2.541     0.818    46.742     3.027    -0.417     0.489
    19.000    20.000    20.000    16.000         *         *         *    56.000    44.000    40.000    64.000    54.000    46.000    42.000    11.749     5.000    -3.000     0.000     0.000     0.000     1.000     2.000     3.000     4.000     5.000     6.000     7.000    24.983     2.831    -2.347     0.789    49.163     2.920    -0.014     0.465
    25.000    36.000    20.000         *         *         *         *    44.000    44.000    38.000    36.000         *         *         *     8.308    13.000     2.000     0.000     0.000     1.000     1.000     2.000     3.000     4.000         *         *         *    30.789     2.901    -2.051     0.871    44.517     3.196    -0.623     0.528
    27.000    36.000    20.000    18.000         *         *         *    40.000    42.000    52.000    42.000    34.000    42.000         *     1.907     7.000     0.000     0.000     1.000     0.000     1.000     2.000     3.000     4.000     5.000     6.000         *    32.012     2.852    -2.428     0.805    41.888     2.952     0.207     0.479
    29.000    34.000    18.000    16.000         *         *         *    40.000    52.000    58.000    48.000    40.000         *         *     7.613    13.000     3.000     0.000     0.000     0.000     1.000     2.000     3.000     4.000     5.000         *         *    31.901     2.872    -3.038     0.818    51.145     3.027    -0.732     0.489
    28.000    22.000    16.000    10.000         *         *         *    44.000    34.000    32.000    42.000    28.000         *         *    14.597     7.000   -13.000     0.000     1.000     1.000     1.000     2.000     3.000     4.000     5.000         *         *    26.258     2.872    -2.841     0.818    39.334     3.027    -0.674     0.489
    30.000         *         *         *         *         *         *    53.000    64.000         *         *         *         *         *     1.729     7.000     1.000     0.000     1.000     0.000     1.000     2.000         *         *         *         *         *    31.961     3.532    -1.578     0.899    53.283     3.878     0.600     0.566
    25.000    32.000         *         *         *         *         *    32.000    42.000    34.000    44.000    32.000         *         *    14.701     1.000     2.000     0.000     0.000     0.000     1.000     2.000     3.000     4.000     5.000         *         *    31.792     3.027    -3.051     0.870    36.790     3.089     0.265     0.541
    38.000    32.000    22.000    18.000    20.000         *         *    42.000    56.000    52.000    54.000    52.000    52.000         *    14.638     7.000     8.000     0.000     1.000     0.000     1.000     2.000     3.000     4.000     5.000     6.000     7.000    34.758     2.850    -3.127     0.743    52.400     2.898    -0.504     0.443
    20.000    22.000         *    20.000    14.000     8.000     6.000    62.000    64.000    60.000    58.000    64.000    52.000    56.000    15.585    11.000    -4.000     0.000     0.000     0.000     1.000     2.000     3.000     4.000     5.000     6.000     7.000    25.702     2.884    -2.636     0.589    61.824     2.746    -0.763     0.370
    10.000    22.000    18.000         *         *         *         *    38.000    40.000    42.000    46.000         *         *         *    14.920     3.000    -5.000     0.000     0.000     0.000     1.000     2.000     3.000     4.000         *         *         *    21.390     2.901    -2.006     0.871    41.449     3.196     0.297     0.528
    32.000    22.000         *         *         *         *         *    66.000    58.000    64.000    58.000         *         *         *    12.768     9.000    11.000     0.000     1.000     0.000     1.000     2.000     3.000     4.000         *         *         *    30.402     3.036    -2.500     0.884    61.175     3.215    -0.785     0.550
    30.000    32.000    28.000    18.000         *         *         *    56.000    60.000    56.000    64.000         *         *         *     8.500    11.000    -7.000     0.000     1.000     0.000     1.000     2.000     3.000     4.000     5.000     6.000     7.000    32.053     2.888    -2.322     0.828    57.798     3.170    -0.044     0.495
    48.000    50.000    42.000         *         *         *         *    38.000    32.000    50.000    50.000    44.000         *    42.000    -0.379     6.000     3.000     0.000     1.000     0.000     1.000     2.000     3.000     4.000     5.000     6.000     7.000    48.460     2.863    -2.509     0.831    38.435     3.023     1.263     0.499
    12.000    14.000         *         *         *         *         *    64.000    60.000    66.000    58.000    58.000    64.000         *    10.348    11.000   -13.000     0.000     0.000     0.000     1.000     2.000     3.000     4.000     5.000     6.000         *    17.743     3.017    -1.676     0.852    61.659     3.032    -0.280     0.527
    26.000    18.000    16.000    14.000    12.000    10.000         *    62.000    60.000    64.000    58.000    30.000    60.000    56.000    15.290    11.000     3.000     0.000     0.000     0.000     1.000     2.000     3.000     4.000     5.000     6.000     7.000    26.056     2.800    -2.885     0.658    59.814     2.795    -1.098     0.399
    30.000         *         *         *         *         *         *    40.000    48.000         *         *         *         *         *     5.899     3.000    13.000     0.000     1.000     1.000     1.000     2.000     3.000         *         *         *         *    32.427     3.532    -1.280     0.899    41.081     3.878     0.335     0.566
    24.000    34.000    26.000    20.000    16.000    18.000    18.000    34.000    38.000    28.000    30.000    46.000    30.000    42.000     9.255    -1.000    11.000     0.000     0.000     0.000     1.000     2.000     3.000     4.000     5.000     6.000     7.000    32.100     2.738    -2.432     0.583    33.125     2.746     0.680     0.370
    30.000    22.000    20.000         *         *         *         *    54.000         *         *    50.000    56.000         *         *     6.047     9.000    -3.000     0.000     0.000     0.000     1.000     2.000     3.000     4.000     5.000     6.000         *    29.213     2.888    -2.417     0.859    52.826     3.632    -0.015     0.522
    24.000    18.000    12.000     8.000         *         *         *    54.000    48.000    52.000    30.000    44.000    38.000         *    17.181     7.000    -9.000     1.000     0.000     0.000     1.000     2.000     3.000     4.000     5.000     6.000         *    25.611     2.852    -4.129     0.805    49.757     2.952    -1.364     0.479
    12.000     8.000     6.000         *         *         *         *    46.000    50.000    44.000    46.000         *         *         *    18.821     9.000    -8.000     0.000     1.000     0.000     1.000     2.000     3.000     4.000         *         *         *    15.098     2.901    -2.287     0.871    50.087     3.196    -0.967     0.528
    42.000    24.000    18.000         *         *         *         *    50.000    56.000    48.000    60.000         *         *         *     6.931     5.000    11.000     0.000     0.000     0.000     1.000     2.000     3.000     4.000         *         *         *    34.663     2.901    -3.168     0.871    52.243     3.196    -0.245     0.528
    28.000    24.000    22.000         *         *         *         *    36.000    44.000    48.000    42.000         *         *         *    10.118     5.000    -9.000     1.000     0.000     0.000     1.000     2.000     3.000     4.000         *         *         *    30.051     2.901    -3.048     0.871    43.255     3.196     0.011     0.528
    42.000    28.000    34.000    24.000    18.000    20.000    18.000    38.000    34.000    32.000    44.000    36.000    54.000    38.000     3.533     9.000     1.000     1.000     1.000     0.000     1.000     2.000     3.000     4.000     5.000     6.000     7.000    37.891     2.738    -2.996     0.583    40.820     2.746    -0.064     0.370
    22.000         *         *         *         *         *         *    36.000    34.000         *         *         *         *         *     9.518     5.000    -1.000     1.000     1.000     0.000     1.000     2.000         *         *         *         *         *    26.488     3.532    -2.459     0.899    38.785     3.878    -0.192     0.566
    14.000    12.000    20.000    14.000         *    16.000         *    50.000    56.000    52.000    60.000    56.000    52.000    60.000    14.101    13.000     4.000     1.000     1.000     0.000     1.000     2.000     3.000     4.000     5.000     6.000     7.000    18.868     2.801    -1.015     0.682    58.317     2.822    -0.757     0.414
    34.000    28.000         *    22.000    20.000    18.000         *    34.000    46.000    44.000    44.000    36.000    46.000    44.000     7.175     7.000     1.000     1.000     1.000     0.000     1.000     2.000     3.000     4.000     5.000     6.000     7.000    33.667     2.929    -2.695     0.661    42.997     2.796    -0.097     0.399
    26.000    24.000    20.000    14.000    12.000     8.000    10.000    40.000    50.000    44.000    46.000    42.000    36.000    44.000    13.869     5.000    -1.000     1.000     1.000     1.000     1.000     2.000     3.000     4.000     5.000     6.000     7.000    27.274     2.738    -2.705     0.583    46.441     2.746    -0.938     0.370
    30.000         *         *    24.000    20.000         *         *    42.000    38.000    44.000    46.000    44.000    34.000    36.000     3.506    10.000     4.000     0.000     1.000     0.000     1.000     2.000     3.000     4.000     5.000     6.000     7.000    32.705     3.297    -2.327     0.751    42.261     2.860    -0.106     0.434
    32.000    28.000    22.000    16.000    18.000    16.000         *    50.000    40.000    56.000    60.000    56.000    60.000    48.000     9.264     3.000     5.000     0.000     1.000     0.000     1.000     2.000     3.000     4.000     5.000     6.000     7.000    30.961     2.800    -2.452     0.658    50.571     2.795     0.202     0.399
    30.000    24.000    18.000    16.000         *    18.000         *    48.000    44.000    58.000    60.000    56.000    48.000    56.000    10.731    13.000     6.000     0.000     0.000     0.000     1.000     2.000     3.000     4.000     5.000     6.000     7.000    28.314     2.801    -2.213     0.682    55.421     2.822    -0.547     0.414
    32.000         *    28.000    20.000         *         *         *    36.000    34.000    34.000    48.000    40.000         *         *    12.908     5.000    -3.000     0.000     1.000     0.000     1.000     2.000     3.000     4.000     5.000         *         *    32.734     3.146    -2.695     0.828    38.719     3.027     0.278     0.489
    30.000    30.000    18.000         *         *         *         *    52.000    62.000    64.000    50.000         *         *         *    14.107    11.000    -3.000     0.000     0.000     0.000     1.000     2.000     3.000     4.000         *         *         *    31.065     2.901    -3.119     0.871    58.182     3.196    -0.672     0.528
    20.000    14.000    12.000    10.000    12.000         *         *    58.000    64.000    50.000    66.000    64.000    62.000         *     6.704    11.000    -4.000     0.000     0.000     0.000     1.000     2.000     3.000     4.000     5.000     6.000         *    20.397     2.850    -1.798     0.743    60.809     2.898    -0.346     0.443
    28.000         *         *         *         *         *         *    38.000    50.000         *         *         *         *         *     5.896     5.000    -2.000     0.000     1.000     1.000     1.000     2.000         *         *         *         *         *    29.661     3.532    -1.196     0.899    41.802     3.878     0.519     0.566
    22.000    20.000    24.000    22.000    26.000         *         *    38.000    42.000    40.000    36.000    42.000    42.000         *     6.865     2.000     0.000     0.000     1.000     0.000     1.000     2.000     3.000     4.000     5.000     6.000         *    26.546     2.850    -1.150     0.743    36.701     2.898     1.042     0.443
    22.000    18.000         *         *         *         *         *    50.000    56.000    48.000         *         *         *         *     6.211    12.000    18.000     1.000     1.000     0.000     1.000     2.000     3.000         *         *         *         *    25.641     3.044    -1.934     0.893    54.481     3.450    -1.183     0.555
    24.000    18.000         *         *         *         *         *    32.000         *    46.000         *         *         *         *     3.678     5.000    -1.000     0.000     1.000     0.000     1.000     2.000     3.000     4.000         *         *         *    25.681     3.044    -1.463     0.894    39.425     3.923     0.666     0.555
    24.000    20.000    16.000    12.000         *         *         *    42.000    46.000    32.000    46.000    44.000    36.000         *     6.257     8.000     8.000     0.000     1.000     0.000     1.000     2.000     3.000     4.000     5.000     6.000         *    25.621     2.852    -2.361     0.805    43.788     2.952    -0.531     0.479
    38.000    36.000         *         *         *         *         *    44.000    52.000    26.000         *         *         *         *     6.621     5.000    11.000     0.000     1.000     0.000     1.000     2.000     3.000         *         *         *         *    39.379     3.044    -2.710     0.893    40.921     3.450     0.251     0.555
    38.000    28.000    26.000         *         *         *         *    50.000    60.000    56.000    58.000         *         *         *     3.446     6.000    -1.000     0.000     1.000     0.000     1.000     2.000     3.000     4.000         *         *         *    34.575     2.901    -2.134     0.871    52.302     3.196     0.564     0.528
    22.000    20.000         *         *         *         *         *    38.000    60.000    46.000         *         *         *         *     3.667    12.000    -6.000     0.000     0.000     0.000     1.000     2.000     3.000         *         *         *         *    25.247     3.044    -1.700     0.893    49.495     3.450     0.133     0.555
    20.000    20.000    26.000    32.000         *         *         *    50.000    44.000    58.000    56.000    56.000         *         *     6.879     9.000     6.000     0.000     1.000     0.000     1.000     2.000     3.000     4.000     5.000         *         *    25.859     2.872    -0.462     0.818    50.705     3.027     0.601     0.489
    22.000    16.000         *         *         *         *         *    52.000    62.000    66.000    60.000         *         *         *     8.010     9.000    -5.000     0.000     0.000     0.000     1.000     2.000     3.000     4.000         *         *         *    23.390     3.036    -1.865     0.884    58.369     3.215    -0.042     0.550
    28.000    30.000         *         *         *         *         *    50.000    28.000    46.000         *         *         *         *     0.637     5.000    -7.000     0.000     1.000     0.000     1.000     2.000     3.000         *         *         *         *    31.747     3.044    -1.667     0.893    39.596     3.450     1.101     0.555
    28.000    36.000         *         *         *         *         *    34.000    30.000    16.000         *         *         *         *     9.154     8.000     8.000     0.000     1.000     0.000     1.000     2.000     3.000         *         *         *         *    34.716     3.044    -2.529     0.893    32.229     3.450     0.013     0.555
    28.000    34.000         *         *         *         *         *    62.000    52.000    46.000         *         *         *         *     0.965     7.000    -2.000     0.000     0.000     0.000     1.000     2.000     3.000         *         *         *         *    33.747     3.044    -2.055     0.893    50.445     3.450     0.672     0.555
    28.000         *         *         *         *         *         *    58.000    50.000         *         *         *         *         *    15.665    10.000    -1.000     0.000     1.000     0.000     1.000     2.000         *         *         *         *         *    28.510     3.532    -2.703     0.899    54.775     3.878    -0.705     0.566
    26.000    20.000         *         *         *         *         *    40.000    48.000    56.000         *         *         *         *     8.094     7.000   -21.000     0.000     1.000     0.000     1.000     2.000     3.000         *         *         *         *    25.718     3.044    -1.927     0.893    46.479     3.450     0.691     0.555
    20.000         *         *         *         *         *         *    42.000    38.000         *         *         *         *         *     3.060     8.000    -7.000     0.000     1.000     2.000     1.000     2.000         *         *         *         *         *    24.065     3.532     0.065     0.899    39.383     3.878     0.428     0.566
    26.000         *         *         *         *         *         *    56.000    64.000    58.000         *         *         *         *     4.010     7.000     8.000     1.000     1.000     0.000     1.000     2.000     3.000         *         *         *         *    29.700     3.528    -1.959     0.893    56.690     3.457    -0.256     0.564
    26.000    28.000         *         *         *         *         *    66.000    64.000    66.000         *         *         *         *     1.578    11.000    -8.000     0.000     1.000     0.000     1.000     2.000     3.000         *         *         *         *    29.146     3.044    -1.339     0.893    61.033     3.450     0.446     0.555
    38.000    36.000         *         *         *         *         *    56.000    52.000    52.000         *         *         *         *     2.630     9.000     3.000     1.000     1.000     0.000     1.000     2.000     3.000         *         *         *         *    38.667     3.044    -2.608     0.893    52.297     3.450    -0.040     0.555
    30.000    28.000         *         *         *         *         *    50.000    40.000    46.000         *         *         *         *     4.609    -1.000     3.000     1.000     1.000     0.000     1.000     2.000     3.000         *         *         *         *    32.956     3.044    -2.495     0.893    41.806     3.450     0.535     0.555
    14.000         *         *         *         *         *         *    56.000    50.000    54.000         *         *         *         *    15.290    12.000     5.000     0.000     0.000     0.000     1.000     2.000     3.000         *         *         *         *    20.283     3.528    -2.246     0.893    56.577     3.457    -1.120     0.564
    30.000         *         *         *         *         *         *    32.000    20.000         *         *         *         *         *     1.357     5.000    -9.000     0.000     1.000     0.000     1.000     2.000         *         *         *         *         *    32.396     3.532    -1.883     0.899    29.804     3.878     1.193     0.566
    30.000         *         *         *         *         *         *    56.000    44.000         *         *         *         *         *     0.946     5.000    -1.000     0.000     1.000     0.000     1.000     2.000         *         *         *         *         *    32.620     3.532    -1.716     0.899    46.266     3.878     0.848     0.566
    28.000         *         *         *         *         *         *    42.000    52.000         *         *         *         *         *     0.760     9.000   -10.000     1.000     0.000     0.000     1.000     2.000         *         *         *         *         *    30.387     3.532    -2.307     0.899    47.642     3.878     0.292     0.566
    32.000         *         *         *         *         *         *    56.000    52.000         *         *         *         *         *     1.570    13.000     8.000     0.000     0.000     0.000     1.000     2.000         *         *         *         *         *    33.943     3.532    -2.040     0.899    54.636     3.878    -0.095     0.566
