    23.000         *         *         *         *         *         *   126.000   133.000         *         *         *         *         *     2.687    11.000     8.000     1.000     1.000     0.000     1.000     2.000         *         *         *         *         *    29.033     3.327    -2.119     0.604   102.759    24.535     8.270     4.281
    21.000    20.000    28.000    16.000    14.000     8.000     8.000    65.000    66.000    59.000    81.000    92.000    77.000    68.000    10.712     9.000     8.000     0.000     0.000     0.000     1.000     2.000     3.000     4.000     5.000     6.000     7.000    27.297     2.431    -2.672     0.480    51.132    20.216     8.104     3.625
    25.000         *         *         *         *         *         *    75.000    55.000         *         *         *         *         *    15.259    13.000     3.000     1.000     0.000     1.000     1.000     2.000         *         *         *         *         *    25.363     3.327    -2.246     0.604    88.301    24.535    -0.008     4.281
    35.000         *    50.000    32.000         *         *         *   127.000   140.000   136.000   209.000   122.000   157.000         *     0.856     6.000     6.000     0.000     0.000     0.000     1.000     2.000     3.000     4.000     5.000     6.000         *    42.737     2.727    -2.220     0.583   122.720    20.757     7.526     3.999
    34.000    34.000    34.000    30.000         *         *         *   137.000   189.000   127.000   127.000   131.000   108.000         *    13.819    13.000    -8.000     0.000     0.000     0.000     1.000     2.000     3.000     4.000     5.000     6.000         *    37.501     2.473    -2.918     0.579   134.649    20.708     0.350     3.988
    27.000    32.000    28.000    22.000    20.000    16.000    10.000   131.000   106.000   128.000   107.000    96.000   143.000   172.000     2.605    11.000    13.000     1.000     0.000     0.000     1.000     2.000     3.000     4.000     5.000     6.000     7.000    34.273     2.431    -2.991     0.480    83.639    20.216    11.131     3.625
    33.000         *    32.000    30.000         *         *         *   108.000   207.000   106.000   107.000    94.000         *         *     1.272     9.000    -2.000     0.000     1.000     0.000     1.000     2.000     3.000     4.000     5.000         *         *    35.924     2.738    -1.933     0.589   123.578    20.881    -0.692     4.133
    31.000         *    42.000         *         *         *    34.000   103.000   105.000    70.000    86.000    90.000    99.000   100.000     9.091    10.000     8.000     0.000     1.000     1.000     1.000     2.000     3.000     4.000     5.000     6.000     7.000    35.847     2.854    -0.792     0.514   108.865    20.413    -2.929     3.690
    35.000    30.000    32.000         *         *    26.000         *    94.000    52.000   100.000    96.000    85.000         *   148.000     1.737    13.000    14.000     0.000     1.000     0.000     1.000     2.000     3.000     4.000     5.000     6.000     7.000    35.441     2.534    -1.634     0.536    64.297    20.574     8.713     3.809
    19.000    20.000    16.000    14.000    12.000    10.000     8.000   118.000   124.000   234.000    87.000   181.000   136.000   137.000    15.065     5.000    -6.000     1.000     1.000     0.000     1.000     2.000     3.000     4.000     5.000     6.000     7.000    24.469     2.431    -2.618     0.480   133.201    20.216     3.782     3.625
    24.000    25.000    34.000    24.000    20.000    18.000    16.000   294.000   262.000   169.000   154.000   100.000   182.000    81.000    10.156     5.000     0.000     0.000     1.000     1.000     1.000     2.000     3.000     4.000     5.000     6.000     7.000    31.269     2.431    -2.023     0.480   229.900    20.216   -15.173     3.625
    19.000    18.000    14.000    12.000    12.000         *         *   187.000   118.000   141.000   300.000   151.000   243.000   117.000    16.352    10.000    -2.000     0.000     1.000     0.000     1.000     2.000     3.000     4.000     5.000     6.000     7.000    22.425     2.437    -2.269     0.550   158.593    20.591     2.827     3.762
    31.000    32.000    34.000    30.000    22.000    18.000    28.000   116.000    77.000    62.000    98.000    93.000    96.000    98.000     4.374     6.000     0.000     1.000     1.000     1.000     1.000     2.000     3.000     4.000     5.000     6.000     7.000    33.671     2.431    -1.588     0.480   120.602    20.216    -5.643     3.625
    25.000    26.000    20.000    14.000         *         *         *   157.000   183.000   100.000   139.000   299.000         *         *     9.663     7.000     6.000     0.000     1.000     0.000     1.000     2.000     3.000     4.000     5.000         *         *    27.419     2.483    -2.168     0.584   146.185    20.834     6.284     4.122
    19.000    20.000    20.000    16.000         *         *         *   129.000   116.000   133.000   127.000   160.000   127.000   109.000    11.749     5.000    -3.000     0.000     0.000     0.000     1.000     2.000     3.000     4.000     5.000     6.000     7.000    25.501     2.459    -2.546     0.571   113.920    20.701     4.684     3.806
    25.000    36.000    20.000         *         *         *         *   144.000   121.000   123.000   148.000         *         *         *     8.308    13.000     2.000     0.000     0.000     1.000     1.000     2.000     3.000     4.000         *         *         *    30.110     2.571    -1.671     0.600   138.819    21.310    -5.349     4.234
    27.000    36.000    20.000    18.000         *         *         *   108.000    94.000   121.000    80.000    69.000    68.000         *     1.907     7.000     0.000     0.000     1.000     0.000     1.000     2.000     3.000     4.000     5.000     6.000         *    31.373     2.473    -2.172     0.579    96.564    20.708    -0.502     3.988
    29.000    34.000    18.000    16.000         *         *         *    74.000   109.000   121.000   159.000    80.000         *         *     7.613    13.000     3.000     0.000     0.000     0.000     1.000     2.000     3.000     4.000     5.000         *         *    30.833     2.483    -2.603     0.584    89.209    20.834     6.217     4.122
    28.000    22.000    16.000    10.000         *         *         *   175.000   128.000   127.000    93.000    83.000         *         *    14.597     7.000   -13.000     0.000     1.000     1.000     1.000     2.000     3.000     4.000     5.000         *         *    24.425     2.483    -2.099     0.584   173.360    20.834   -17.063     4.122
    30.000         *         *         *         *         *         *   118.000   144.000         *         *         *         *         *     1.729     7.000     1.000     0.000     1.000     0.000     1.000     2.000         *         *         *         *         *    32.772     3.327    -1.851     0.604   120.501    24.535     2.167     4.281
    25.000    32.000         *         *         *         *         *   209.000   240.000   270.000   300.000   300.000         *         *    14.701     1.000     2.000     0.000     0.000     0.000     1.000     2.000     3.000     4.000     5.000         *         *    31.773     2.791    -2.889     0.599   223.022    20.874     8.051     4.158
    38.000    32.000    22.000    18.000    20.000         *         *    87.000    84.000    89.000    82.000   180.000   100.000         *    14.638     7.000     8.000     0.000     1.000     0.000     1.000     2.000     3.000     4.000     5.000     6.000     7.000    33.365     2.453    -2.759     0.556    94.052    20.602     5.578     3.936
    20.000    22.000         *    20.000    14.000     8.000     6.000    51.000    98.000    83.000   119.000   109.000    95.000   120.000    15.585    11.000    -4.000     0.000     0.000     0.000     1.000     2.000     3.000     4.000     5.000     6.000     7.000    25.289     2.562    -2.558     0.484    77.217    20.249     6.208     3.632
    10.000    22.000    18.000         *         *         *         *   166.000   133.000   115.000   163.000         *         *         *    14.920     3.000    -5.000     0.000     0.000     0.000     1.000     2.000     3.000     4.000         *         *         *    22.274     2.571    -2.455     0.600   131.782    21.310     6.175     4.234
    32.000    22.000         *         *         *         *         *   114.000    79.000    91.000    87.000         *         *         *    12.768     9.000    11.000     0.000     1.000     0.000     1.000     2.000     3.000     4.000         *         *         *    30.041     2.795    -2.317     0.602    83.682    21.310     7.365     4.242
    30.000    32.000    28.000    18.000         *         *         *   105.000    94.000   277.000    86.000    91.000    88.000         *     8.500    11.000    -7.000     0.000     1.000     0.000     1.000     2.000     3.000     4.000     5.000     6.000     7.000    32.415     2.473    -2.422     0.579   131.372    20.708    -2.957     3.988
    48.000    50.000    42.000         *         *         *         *   130.000   114.380    72.000    58.000   103.000         *   233.000    -0.379     6.000     3.000     0.000     1.000     0.000     1.000     2.000     3.000     4.000     5.000     6.000     7.000    47.157     2.551    -2.072     0.585   110.257    20.850     3.582     3.907
    12.000    14.000         *         *         *         *         *    94.000    96.000   116.000   107.000   141.000   206.000         *    10.348    11.000   -13.000     0.000     0.000     0.000     1.000     2.000     3.000     4.000     5.000     6.000         *    18.155     2.785    -1.888     0.592   101.957    20.754     5.348     4.020
    26.000    18.000    16.000    14.000    12.000    10.000         *   148.000   119.000   127.000   168.000   121.000   164.000   154.000    15.290    11.000     3.000     0.000     0.000     0.000     1.000     2.000     3.000     4.000     5.000     6.000     7.000    25.806     2.437    -2.762     0.519   113.001    20.421     7.128     3.698
    30.000         *         *         *         *         *         *   192.000   265.000         *         *         *         *         *     5.899     3.000    13.000     0.000     1.000     1.000     1.000     2.000     3.000         *         *         *         *    33.419     3.327    -1.416     0.604   205.921    24.535    -5.273     4.281
    24.000    34.000    26.000    20.000    16.000    18.000    18.000   141.000   243.000   134.000   188.000   300.000   138.000   300.000     9.255    -1.000    11.000     0.000     0.000     0.000     1.000     2.000     3.000     4.000     5.000     6.000     7.000    32.160     2.431    -2.444     0.480   154.489    20.216    12.662     3.625
    30.000    22.000    20.000         *         *         *         *   116.000         *   140.000   164.000   194.000         *         *     6.047     9.000    -3.000     0.000     0.000     0.000     1.000     2.000     3.000     4.000     5.000     6.000         *    29.102     2.575    -2.343     0.598   127.013    22.686     5.412     4.194
    24.000    18.000    12.000     8.000         *         *         *    69.000   125.000   123.000   180.000   189.000   156.000         *    17.181     7.000    -9.000     1.000     0.000     0.000     1.000     2.000     3.000     4.000     5.000     6.000         *    23.409     2.473    -3.299     0.579   118.515    20.708     7.387     3.988
    12.000     8.000     6.000         *         *         *         *    62.000    87.000    85.000    85.000         *         *         *    18.821     9.000    -8.000     0.000     1.000     0.000     1.000     2.000     3.000     4.000         *         *         *    14.541     2.571    -2.104     0.600    81.780    21.310     2.555     4.234
    42.000    24.000    18.000         *         *         *         *   131.000   193.000   193.000   300.000         *         *         *     6.931     5.000    11.000     0.000     0.000     0.000     1.000     2.000     3.000     4.000         *         *         *    33.959     2.571    -2.773     0.600   163.808    21.310    10.277     4.234
    28.000    24.000    22.000         *         *         *         *   153.000   300.000   123.000   144.000         *         *         *    10.118     5.000    -9.000     1.000     0.000     0.000     1.000     2.000     3.000     4.000         *         *         *    30.881     2.571    -3.389     0.600   170.333    21.310     2.404     4.234
    42.000    28.000    34.000    24.000    18.000    20.000    18.000   126.000   177.000   191.000   172.000   140.000   143.000   139.000     3.533     9.000     1.000     1.000     1.000     0.000     1.000     2.000     3.000     4.000     5.000     6.000     7.000    37.965     2.431    -3.024     0.480   148.154    20.216     1.082     3.625
    22.000         *         *         *         *         *         *   300.000   300.000         *         *         *         *         *     9.518     5.000    -1.000     1.000     1.000     0.000     1.000     2.000         *         *         *         *         *    28.683     3.327    -2.959     0.604   238.228    24.535     1.198     4.281
    14.000    12.000    20.000    14.000         *    16.000         *   135.000   108.000   126.000    69.000    94.000   117.000   268.000    14.101    13.000     4.000     1.000     1.000     0.000     1.000     2.000     3.000     4.000     5.000     6.000     7.000    21.154     2.455    -1.807     0.529    81.584    20.469    11.931     3.719
    34.000    28.000         *    22.000    20.000    18.000         *   203.000   245.000   144.000   183.000   152.000   153.000   259.000     7.175     7.000     1.000     1.000     1.000     0.000     1.000     2.000     3.000     4.000     5.000     6.000     7.000    34.469     2.564    -2.899     0.520   172.818    20.439     3.006     3.702
    26.000    24.000    20.000    14.000    12.000     8.000    10.000   154.000   162.000   134.000   105.000   166.000   121.000   159.000    13.869     5.000    -1.000     1.000     1.000     1.000     1.000     2.000     3.000     4.000     5.000     6.000     7.000    26.083     2.431    -2.404     0.480   171.746    20.216    -7.068     3.625
    30.000         *         *    24.000    20.000         *         *   110.000   101.000   130.000   127.000   133.000   230.000   300.000     3.506    10.000     4.000     0.000     1.000     0.000     1.000     2.000     3.000     4.000     5.000     6.000     7.000    29.974     2.868    -1.468     0.559   112.789    20.682     9.865     3.782
    32.000    28.000    22.000    16.000    18.000    16.000         *   136.000   126.000   218.000   158.000   183.000   152.000   115.000     9.264     3.000     5.000     0.000     1.000     0.000     1.000     2.000     3.000     4.000     5.000     6.000     7.000    31.498     2.437    -2.633     0.519   147.511    20.421     2.153     3.698
    30.000    24.000    18.000    16.000         *    18.000         *   128.000   101.000    90.000   300.000   116.000   190.000   103.000    10.731    13.000     6.000     0.000     0.000     0.000     1.000     2.000     3.000     4.000     5.000     6.000     7.000    29.237     2.455    -2.449     0.529   108.931    20.469     8.351     3.719
    32.000         *    28.000    20.000         *         *         *    94.000    64.000   108.000   114.000    94.000         *         *    12.908     5.000    -3.000     0.000     1.000     0.000     1.000     2.000     3.000     4.000     5.000         *         *    31.642     2.738    -2.456     0.589   102.186    20.881     1.798     4.133
    30.000    30.000    18.000         *         *         *         *    91.000    83.000   140.000   104.000         *         *         *    14.107    11.000    -3.000     0.000     0.000     0.000     1.000     2.000     3.000     4.000         *         *         *    30.208     2.571    -2.827     0.600    97.956    21.310     4.995     4.234
    20.000    14.000    12.000    10.000    12.000         *         *    50.000    47.000    58.000    58.000    72.000    69.000         *     6.704    11.000    -4.000     0.000     0.000     0.000     1.000     2.000     3.000     4.000     5.000     6.000         *    21.012     2.453    -2.083     0.556    46.130    20.602     5.646     3.936
    28.000         *         *         *         *         *         *   102.000    80.000         *         *         *         *         *     5.896     5.000    -2.000     0.000     1.000     1.000     1.000     2.000         *         *         *         *         *    29.334     3.327    -1.178     0.604   124.155    24.535    -9.358     4.281
    22.000    20.000    24.000    22.000    26.000         *         *    93.000    66.000    54.000    95.000    88.000   107.000         *     6.865     2.000     0.000     0.000     1.000     0.000     1.000     2.000     3.000     4.000     5.000     6.000         *    27.301     2.453    -1.496     0.556    76.335    20.602     5.608     3.936
    22.000    18.000         *         *         *         *         *    97.000   105.000    87.000         *         *         *         *     6.211    12.000    18.000     1.000     1.000     0.000     1.000     2.000     3.000         *         *         *         *    26.083     2.796    -2.088     0.604    67.611    22.359    13.914     4.277
    24.000    18.000         *         *         *         *         *    90.000    75.000    92.000   106.000         *         *         *     3.678     5.000    -1.000     0.000     1.000     0.000     1.000     2.000     3.000     4.000         *         *         *    25.859     2.795    -1.680     0.602    88.730    21.310     3.455     4.242
    24.000    20.000    16.000    12.000         *         *         *    75.000    76.000    84.000    87.000    69.000   110.000         *     6.257     8.000     8.000     0.000     1.000     0.000     1.000     2.000     3.000     4.000     5.000     6.000         *    24.602     2.473    -1.968     0.579    67.796    20.708     6.052     3.988
    38.000    36.000         *         *         *         *         *    77.000   105.000   100.000         *         *         *         *     6.621     5.000    11.000     0.000     1.000     0.000     1.000     2.000     3.000         *         *         *         *    37.929     2.796    -2.194     0.604    95.256    22.359     7.365     4.277
    38.000    28.000    26.000         *         *         *         *    98.000   130.000    96.000   101.000         *         *         *     3.446     6.000    -1.000     0.000     1.000     0.000     1.000     2.000     3.000     4.000         *         *         *    34.522     2.571    -2.179     0.600   110.551    21.310     0.654     4.234
    22.000    20.000         *         *         *         *         *    83.000    97.000    86.000         *         *         *         *     3.667    12.000    -6.000     0.000     0.000     0.000     1.000     2.000     3.000         *         *         *         *    25.705     2.796    -1.987     0.604    78.930    22.359     4.078     4.277
    20.000    20.000    26.000    32.000         *         *         *    84.000   180.000    60.000    95.000   140.000         *         *     6.879     9.000     6.000     0.000     1.000     0.000     1.000     2.000     3.000     4.000     5.000         *         *    28.073     2.483    -1.365     0.584    88.662    20.834     7.671     4.122
    22.000    16.000         *         *         *         *         *    62.000    76.000    63.290    57.000         *         *         *     8.010     9.000    -5.000     0.000     0.000     0.000     1.000     2.000     3.000     4.000         *         *         *    23.787     2.795    -2.196     0.602    62.695    21.310     5.346     4.242
    28.000    30.000         *         *         *         *         *    86.000   106.000    78.000         *         *         *         *     0.637     5.000    -7.000     0.000     1.000     0.000     1.000     2.000     3.000         *         *         *         *    31.759     2.796    -1.760     0.604   100.681    22.359    -0.475     4.277
    28.000    36.000         *         *         *         *         *   228.000   300.000   144.000         *         *         *         *     9.154     8.000     8.000     0.000     1.000     0.000     1.000     2.000     3.000         *         *         *         *    35.388     2.796    -2.450     0.604   190.843    22.359     2.689     4.277
    28.000    34.000         *         *         *         *         *   106.000    87.000    87.000         *         *         *         *     0.965     7.000    -2.000     0.000     0.000     0.000     1.000     2.000     3.000         *         *         *         *    33.748     2.796    -2.134     0.604    91.356    22.359     4.973     4.277
    28.000         *         *         *         *         *         *    55.000    64.450         *         *         *         *         *    15.665    10.000    -1.000     0.000     1.000     0.000     1.000     2.000         *         *         *         *         *    27.157     3.327    -2.299     0.604    78.305    24.535     4.009     4.281
    26.000    20.000         *         *         *         *         *   153.000   168.000   213.000         *         *         *         *     8.094     7.000   -21.000     0.000     1.000     0.000     1.000     2.000     3.000         *         *         *         *    26.504     2.796    -2.252     0.604   175.772    22.359    -7.460     4.277
    20.000         *         *         *         *         *         *   119.000   134.000         *         *         *         *         *     3.060     8.000    -7.000     0.000     1.000     2.000     1.000     2.000         *         *         *         *         *    24.332     3.327    -0.084     0.604   158.590    24.535   -23.644     4.281
    26.000         *         *         *         *         *         *    96.000    86.000    85.000         *         *         *         *     4.010     7.000     8.000     1.000     1.000     0.000     1.000     2.000     3.000         *         *         *         *    30.190     3.326    -2.236     0.604    81.715    22.397     9.230     4.278
    26.000    28.000         *         *         *         *         *    81.000    69.000    57.000         *         *         *         *     1.578    11.000    -8.000     0.000     1.000     0.000     1.000     2.000     3.000         *         *         *         *    29.691     2.796    -1.662     0.604    76.911    22.359    -0.959     4.277
    38.000    36.000         *         *         *         *         *    81.000    96.000   110.000         *         *         *         *     2.630     9.000     3.000     1.000     1.000     0.000     1.000     2.000     3.000         *         *         *         *    38.175     2.796    -2.524     0.604    95.123    22.359     5.399     4.277
    30.000    28.000         *         *         *         *         *   111.000   155.000   216.000         *         *         *         *     4.609    -1.000     3.000     1.000     1.000     0.000     1.000     2.000     3.000         *         *         *         *    32.845     2.796    -2.545     0.604   150.747    22.359     7.030     4.277
    14.000         *         *         *         *         *         *   125.000   175.000   221.000         *         *         *         *    15.290    12.000     5.000     0.000     0.000     0.000     1.000     2.000     3.000         *         *         *         *    21.002     3.326    -2.357     0.604   130.599    22.397    10.114     4.278
    30.000         *         *         *         *         *         *   300.000   132.000         *         *         *         *         *     1.357     5.000    -9.000     0.000     1.000     0.000     1.000     2.000         *         *         *         *         *    33.894     3.327    -2.242     0.604   191.608    24.535    -5.580     4.281
    30.000         *         *         *         *         *         *   147.000    85.000         *         *         *         *         *     0.946     5.000    -1.000     0.000     1.000     0.000     1.000     2.000         *         *         *         *         *    33.001     3.327    -1.864     0.604   117.156    24.535     1.240     4.281
    28.000         *         *         *         *         *         *    98.000   102.000         *         *         *         *         *     0.760     9.000   -10.000     1.000     0.000     0.000     1.000     2.000         *         *         *         *         *    30.688     3.327    -2.624     0.604    99.862    24.535     3.776     4.281
    32.000         *         *         *         *         *         *    72.000    78.000         *         *         *         *         *     1.570    13.000     8.000     0.000     0.000     0.000     1.000     2.000         *         *         *         *         *    33.812     3.327    -2.039     0.604    63.580    24.535     9.386     4.281
