    20.000    16.000         *         *         *         *         *    14.000    19.000    13.000    10.000         *         *         *     8.146     3.000   -13.000     0.000     0.000     0.000     1.000     2.000     3.000     4.000         *         *         *    21.704     1.824    -2.805     0.416    15.269     1.773    -0.278     0.283
    24.000         *    24.000         *    20.000    20.000    18.000    34.000    40.000    39.000    40.000    40.000    43.000    38.000     1.455    11.000   -13.000     0.000     1.000     0.000     1.000     2.000     3.000     4.000     5.000     6.000     7.000    26.209     1.857    -1.258     0.339    37.045     1.540     0.347     0.247
    32.000    28.000         *         *         *         *         *    18.000    12.000    18.000    21.000         *         *         *     3.010     2.000    -8.000     0.000     1.000     0.000     1.000     2.000     3.000     4.000         *         *         *    33.139     1.824    -3.105     0.416    17.874     1.773    -0.047     0.283
    19.000    16.000         *         *         *         *         *    15.000    24.000    17.000         *         *         *         *    13.929     8.000    -5.000     0.000     0.000     1.000     1.000     2.000     3.000         *         *         *         *    20.752     1.825    -2.237     0.416    19.830     1.962    -0.201     0.291
    19.000    20.000    12.000         *         *         *         *    25.000    22.000    25.000    23.000    19.000    19.000         *    25.962     7.000   -14.000     0.000     0.000     0.000     1.000     2.000     3.000     4.000     5.000     6.000         *    23.325     1.662    -3.388     0.414    22.742     1.598    -0.260     0.264
    16.000         *         *         *         *         *         *    20.000    18.000    22.000         *         *         *         *     1.841     5.000    -8.000     1.000     0.000     0.000     1.000     2.000     3.000         *         *         *         *    17.661     2.297    -1.875     0.417    20.404     1.962    -0.149     0.291
    19.000    20.000    20.000    14.000     9.000    12.000    12.000    14.000    15.000    20.000    12.000    14.000    13.000    12.000     2.134     3.000    -5.000     0.000     1.000     1.000     1.000     2.000     3.000     4.000     5.000     6.000     7.000    22.449     1.595    -1.857     0.322    15.859     1.538    -0.261     0.246
    15.000         *    20.000    12.000    10.000     8.000     6.000    28.000    18.000    21.000    22.000    29.000    18.000    17.000     0.379     9.000     2.000     0.000     1.000     0.000     1.000     2.000     3.000     4.000     5.000     6.000     7.000    19.368     1.783    -1.715     0.338    23.614     1.540    -0.399     0.247
    16.000         *         *         *         *         *         *    22.000    20.000         *         *         *         *         *    15.577    10.000   -17.000     1.000     1.000     0.000     1.000     2.000         *         *         *         *         *    17.719     2.298    -2.209     0.417    21.589     2.289    -0.230     0.299
    15.000         *         *         *         *         *         *    17.000    17.000         *         *         *         *         *    14.014     3.000   -21.000     0.000     0.000     0.000     1.000     2.000         *         *         *         *         *    17.743     2.298    -2.894     0.417    17.261     2.289    -0.089     0.299
    21.000    10.000    20.000     4.000    10.000         *         *    29.000    22.000    18.000    18.000    20.000    24.000         *     1.083     5.000    -7.000     0.000     0.000     0.000     1.000     2.000     3.000     4.000     5.000     6.000         *    19.470     1.614    -2.134     0.383    22.234     1.587    -0.145     0.261
    29.000         *    30.000    24.000    30.000    26.000         *    36.000    37.000    40.000    33.000    36.000    35.000    37.000     0.828     6.000    -4.000     0.000     1.000     0.000     1.000     2.000     3.000     4.000     5.000     6.000     7.000    32.748     1.794    -1.548     0.368    35.077     1.547     0.126     0.249
    20.000         *         *         *         *         *         *    22.000    18.000         *         *         *         *         *    12.593     7.000   -20.000     0.000     0.000     0.000     1.000     2.000         *         *         *         *         *    21.392     2.298    -2.627     0.417    20.382     2.289    -0.111     0.299
    15.000         *         *         *         *         *         *    14.000    21.000         *         *         *         *         *     5.028     5.000   -22.000     0.000     0.000     0.000     1.000     2.000         *         *         *         *         *    17.070     2.298    -2.183     0.417    18.241     2.289    -0.037     0.299
    24.000    26.000         *         *         *         *         *    30.000    19.000    19.000         *         *         *         *    13.923     5.000    -4.000     0.000     1.000     0.000     1.000     2.000     3.000         *         *         *         *    28.497     1.825    -3.038     0.416    22.896     1.962    -0.250     0.291
    21.000    20.000    20.000    18.000         *    12.000         *    18.000    33.000    23.000    14.000    17.000    17.000    12.000     2.756    13.000   -11.000     0.000     1.000     0.000     1.000     2.000     3.000     4.000     5.000     6.000     7.000    22.755     1.616    -1.524     0.363    21.943     1.548    -0.599     0.249
    20.000    20.000    18.000         *         *         *         *    25.000    26.000    22.000    20.000         *         *         *     7.306     5.000    -9.000     0.000     1.000     0.000     1.000     2.000     3.000     4.000         *         *         *    23.682     1.664    -2.392     0.414    23.373     1.771    -0.138     0.283
    16.000    16.000         *         *         *         *         *    28.000    25.000    29.000    24.000         *         *         *    15.941    11.000   -14.000     0.000     0.000     1.000     1.000     2.000     3.000     4.000         *         *         *    18.585     1.824    -1.807     0.416    26.249     1.773    -0.007     0.283
    14.000    20.000         *         *         *         *         *    18.000    21.000         *         *         *         *         *     1.362     5.000   -15.000     0.000     1.000     0.000     1.000     2.000     3.000         *         *         *         *    19.607     1.825    -1.925     0.417    20.296     2.288    -0.082     0.299
    20.000    28.000    30.000         *         *         *         *    21.000    24.000    20.000    26.000    17.000         *         *     1.450    13.000    -8.000     1.000     1.000     0.000     1.000     2.000     3.000     4.000     5.000         *         *    27.217     1.664    -1.213     0.414    23.534     1.660    -0.414     0.274
    20.000    18.000         *    12.000     4.000         *     6.000    39.000    39.000    36.000    36.000    35.000    35.000    33.000     4.171     9.000    -4.000     0.000     0.000     0.000     1.000     2.000     3.000     4.000     5.000     6.000     7.000    19.906     1.696    -2.035     0.337    34.534     1.541     0.144     0.247
         *    18.000         *         *         *         *         *    16.000    33.000    26.000         *         *         *         *     5.592     5.000    -5.000     0.000     1.000     0.000     1.000     2.000     3.000         *         *         *         *    22.068     2.480    -2.322     0.435    24.667     1.962    -0.019     0.292
    19.000    14.000    18.000         *    14.000     8.000     4.000    26.000    30.000    29.000    32.000    24.000    31.000    29.000    13.641     8.000   -23.000     1.000     0.000     0.000     1.000     2.000     3.000     4.000     5.000     6.000     7.000    21.250     1.638    -2.189     0.322    27.445     1.538     0.181     0.246
    15.000    22.000    18.000         *         *         *         *    33.000    26.000    24.000    26.000         *         *         *     3.949     5.000     1.000     0.000     1.000     0.000     1.000     2.000     3.000     4.000     5.000         *         *    22.022     1.664    -1.939     0.414    27.158     1.771    -0.190     0.283
    12.000    12.000         *         *         *         *         *    11.000    18.000     8.000         *         *         *         *    15.243     3.000   -31.000     1.000     0.000     0.000     1.000     2.000     3.000         *         *         *         *    15.692     1.825    -2.780     0.416    13.028     1.962    -0.106     0.291
    18.000    14.000         *     8.000         *         *         *    27.000    27.000    27.000    28.000    27.000    27.000         *    14.246     8.000   -32.000     0.000     0.000     0.000     1.000     2.000     3.000     4.000     5.000     6.000         *    18.744     1.722    -2.457     0.403    25.745     1.594     0.245     0.263
    20.000    12.000    14.000    10.000     8.000     6.000     8.000    17.000    11.000    10.000    23.000    17.000    18.000    18.000     1.515     5.000   -10.000     0.000     0.000     0.000     1.000     2.000     3.000     4.000     5.000     6.000     7.000    19.330     1.595    -2.060     0.322    17.404     1.538    -0.151     0.246
    19.000         *         *         *         *         *         *    34.000    19.000    31.000    26.000    28.000    26.000    31.000     4.825     7.000   -22.000     0.000     1.000     0.000     1.000     2.000     3.000     4.000     5.000     6.000     7.000    19.989     2.294    -1.950     0.416    26.699     1.568     0.197     0.254
    20.000         *         *         *         *         *         *    30.000    25.000         *         *         *         *         *     3.147    11.000    -2.000     0.000     0.000     0.000     1.000     2.000         *         *         *         *         *    21.104     2.298    -1.618     0.417    27.639     2.289    -0.232     0.299
    17.000         *    14.000    12.000     8.000     6.000     6.000    25.000    21.000    21.000    16.000    17.000    20.000    12.000     3.070     3.000   -15.000     1.000     1.000     0.000     1.000     2.000     3.000     4.000     5.000     6.000     7.000    19.001     1.783    -1.994     0.338    19.666     1.540    -0.244     0.247
    18.000    12.000     8.000     6.000         *         *         *    14.000    17.000    20.000         *         *         *         *     1.647     0.000   -12.000     1.000     1.000     0.000     1.000     2.000     3.000     4.000     5.000     6.000     7.000    17.421     1.620    -2.510     0.403    16.827     1.954     0.043     0.290
    14.000         *         *         *         *         *         *    23.000    32.000         *         *         *         *         *     7.695     5.000   -10.000     0.000     1.000     0.000     1.000     2.000         *         *         *         *         *    17.022     2.298    -2.132     0.417    26.073     2.289     0.025     0.299
    24.000    24.000    22.000    18.000         *         *         *    22.000    33.000    26.000    25.000    23.000         *         *     2.605     7.000   -15.000     0.000     0.000     0.000     1.000     2.000     3.000     4.000     5.000         *         *    26.591     1.619    -2.106     0.403    25.464     1.656     0.026     0.272
    24.000    22.000    14.000    10.000     8.000     6.000     4.000    26.000    24.000    19.000    12.000    18.000    19.000    29.000     1.244     7.000   -30.000     0.000     1.000     0.000     1.000     2.000     3.000     4.000     5.000     6.000     7.000    22.925     1.595    -2.611     0.322    20.033     1.538     0.239     0.246
    20.000    22.000    18.000    12.000    10.000     8.000    10.000    27.000    33.000    22.000    25.000    24.000    24.000    33.000     1.472     6.000    -1.000     0.000     0.000     0.000     1.000     2.000     3.000     4.000     5.000     6.000     7.000    22.887     1.595    -2.163     0.322    26.606     1.538    -0.006     0.246
    25.000    16.000    14.000    10.000     4.000     4.000     2.000    21.000    21.000    23.000    20.000    21.000    15.000    17.000    15.087     1.000    -5.000     0.000     1.000     0.000     1.000     2.000     3.000     4.000     5.000     6.000     7.000    24.461     1.595    -3.452     0.322    20.234     1.538    -0.199     0.246
    20.000         *         *         *         *         *         *    10.000     6.000         *         *         *         *         *    14.252     7.000   -19.000     0.000     1.000     0.000     1.000     2.000         *         *         *         *         *    21.819     2.298    -2.916     0.417    11.685     2.289    -0.420     0.299
    18.000    18.000         *         *         *         *         *    11.000    19.000    12.000         *         *         *         *     1.844     7.000    -9.000     0.000     1.000     0.000     1.000     2.000     3.000         *         *         *         *    20.786     1.825    -2.031     0.416    16.342     1.962    -0.359     0.291
    15.000    14.000    12.000    10.000         *         *         *    12.000     8.000    15.000     4.000     9.000         *         *     6.348     8.000   -16.000     0.000     0.000     0.000     1.000     2.000     3.000     4.000     5.000         *         *    17.852     1.619    -2.086     0.403    12.522     1.656    -0.550     0.272
    15.000    12.000    10.000     6.000         *     4.000     4.000    34.000    31.000    39.000    24.000    32.000    27.000    29.000     8.894     9.000   -16.000     0.000     0.000     0.000     1.000     2.000     3.000     4.000     5.000     6.000     7.000    15.427     1.605    -1.782     0.325    30.154     1.539    -0.002     0.246
    15.000    16.000    10.000    10.000     8.000    10.000         *    21.000    23.000    27.000    18.000    23.000    20.000    28.000     8.461     6.000   -21.000     0.000     0.000     1.000     1.000     2.000     3.000     4.000     5.000     6.000     7.000    17.279     1.610    -1.669     0.354    22.120     1.545     0.180     0.248
    18.000         *         *         *         *         *         *    29.000    26.000    27.000         *         *         *         *    16.656     5.000   -19.000     0.000     1.000     0.000     1.000     2.000     3.000         *         *         *         *    20.335     2.297    -2.803     0.417    25.828     1.962     0.099     0.291
    22.000    20.000    14.000    10.000     6.000         *         *    33.000    28.000    26.000    34.000    34.000    35.000    30.000     6.764    10.000    -7.000     0.000     1.000     0.000     1.000     2.000     3.000     4.000     5.000     6.000     7.000    21.770     1.612    -2.402     0.382    30.132     1.554     0.202     0.250
    10.000    22.000    14.000    10.000     8.000     8.000     6.000    19.000    23.000    18.000    13.000    15.000    16.000    17.000    10.504     9.000   -21.000     0.000     0.000     0.000     1.000     2.000     3.000     4.000     5.000     6.000     7.000    18.505     1.595    -1.890     0.322    19.197     1.538    -0.392     0.246
    22.000    14.000         *         *         *         *         *    15.000     8.000         *         *         *         *         *    12.259     6.000   -26.000     0.000     1.000     0.000     1.000     2.000     3.000         *         *         *         *    21.715     1.825    -2.864     0.417    13.769     2.288    -0.194     0.299
    24.000    22.000    20.000    18.000         *         *         *    20.000    28.000    25.000    22.000    26.000         *         *     5.044     5.000    -5.000     0.000     1.000     0.000     1.000     2.000     3.000     4.000     5.000         *         *    26.649     1.619    -2.424     0.403    24.250     1.656    -0.050     0.272
    12.000         *         *         *         *         *         *    22.000    20.000    20.000         *    28.000    21.000         *    12.105     3.000   -34.000     0.000     1.000     3.000     1.000     2.000     3.000     4.000     5.000     6.000         *    13.770     2.295    -1.295     0.417    19.556     1.688     0.731     0.266
    20.000    12.000    12.000    10.000     8.000     6.000         *    20.000    29.000    17.000    17.000    17.000    25.000    23.000    14.115     5.000   -22.000     0.000     9.000     0.000     1.000     2.000     3.000     4.000     5.000     6.000     7.000    20.430     1.610    -2.540     0.354    21.301     1.545     0.005     0.248
    10.000    16.000    14.000    12.000     8.000     8.000     4.000    34.000    32.000    28.000    30.000    32.000    35.000    25.000     4.418     7.000   -12.000     0.000     0.000     0.000     1.000     2.000     3.000     4.000     5.000     6.000     7.000    16.581     1.595    -1.573     0.322    30.054     1.538     0.040     0.246
    14.000    14.000    12.000    10.000    10.000     8.000     6.000    24.000    31.000    29.000    23.000    22.000    28.000    29.000     3.996    10.000   -18.000     0.000     1.000     0.000     1.000     2.000     3.000     4.000     5.000     6.000     7.000    16.350     1.595    -1.442     0.322    26.474     1.538    -0.001     0.246
    16.000    14.000    14.000    12.000     8.000    10.000     4.000    26.000    29.000    29.000    32.000    34.000    32.000    24.000     9.907     9.000   -30.000     0.000     1.000     0.000     1.000     2.000     3.000     4.000     5.000     6.000     7.000    18.382     1.595    -1.849     0.322    28.022     1.538     0.242     0.246
    16.000         *         *         *         *         *         *    24.000    36.000    39.000         *         *         *         *    13.529     7.000   -15.000     0.000     1.000     0.000     1.000     2.000     3.000         *         *         *         *    18.805     2.297    -2.323     0.417    30.778     1.962     0.249     0.291
    24.000         *    18.000    16.000    14.000    10.000     6.000    17.000    25.000    19.000    22.000    28.000    16.000    23.000     7.602    11.000   -26.000     0.000     0.000     0.000     1.000     2.000     3.000     4.000     5.000     6.000     7.000    24.529     1.783    -2.350     0.338    21.556     1.540     0.025     0.247
    20.000    18.000    14.000     8.000     6.000     4.000         *    32.000    27.000    29.000    28.000    30.000    34.000    35.000    10.397     5.000   -31.000     0.000     1.000     0.000     1.000     2.000     3.000     4.000     5.000     6.000     7.000    21.313     1.610    -2.784     0.354    27.588     1.545     0.595     0.248
    22.000    22.000    20.000    18.000    14.000         *         *    26.000    25.000    26.000    32.000    32.000    29.000         *     2.129    11.000    -1.000     0.000     1.000     1.000     1.000     2.000     3.000     4.000     5.000     6.000         *    23.494     1.614    -1.447     0.383    27.926     1.587     0.134     0.261
    14.000         *         *         *         *         *         *    14.000    14.000    19.000         *         *         *         *    17.754     5.000   -13.000     1.000     0.000     0.000     1.000     2.000     3.000         *         *         *         *    16.846     2.297    -2.823     0.417    16.597     1.962    -0.278     0.291
    14.000    12.000         *         *         *         *         *    20.000    20.000    32.000         *         *         *         *     7.158    10.000   -21.000     0.000     0.000     0.000     1.000     2.000     3.000         *         *         *         *    15.788     1.825    -1.748     0.416    24.039     1.962     0.008     0.291
    22.000    20.000    18.000    14.000     6.000         *         *    17.000    14.000    11.000    18.000    14.000         *         *    16.713     3.000   -15.000     0.000     1.000     0.000     1.000     2.000     3.000     4.000     5.000     6.000         *    26.132     1.615    -3.486     0.383    15.781     1.651    -0.209     0.271
    24.000    12.000    10.000     8.000         *     6.000         *    24.000    20.000    21.000    28.000    26.000    19.000    23.000     7.637     5.000    -8.000     0.000     0.000     0.000     1.000     2.000     3.000     4.000     5.000     6.000     7.000    20.415     1.616    -2.609     0.363    22.938     1.548    -0.032     0.249
    18.000    20.000    14.000    12.000     8.000         *         *    22.000    21.000    19.000    21.000    23.000    22.000         *     4.574     5.000   -12.000     0.000     0.000     0.000     1.000     2.000     3.000     4.000     5.000     6.000         *    21.483     1.614    -2.400     0.383    21.426     1.587    -0.028     0.261
    14.000    14.000         *         *         *         *         *    17.000    18.000    19.000         *         *         *         *     9.354     5.000   -20.000     1.000     0.000     0.000     1.000     2.000     3.000         *         *         *         *    17.089     1.825    -2.273     0.416    18.307     1.962    -0.090     0.291
    16.000    12.000         *         *         *         *         *    13.000     8.000    10.000     8.000         *         *         *     7.303     4.000   -21.000     1.000     0.000     0.000     1.000     2.000     3.000     4.000         *         *         *    17.233     1.824    -2.416     0.416    11.498     1.773    -0.308     0.283
    16.000    12.000         *    10.000    10.000     8.000     4.000    30.000    25.000    30.000    33.000    28.000    27.000    29.000     6.298     5.000   -16.000     0.000     0.000     0.000     1.000     2.000     3.000     4.000     5.000     6.000     7.000    17.742     1.695    -1.877     0.326    27.769     1.538     0.134     0.246
    26.000    22.000    18.000    14.000         *         *         *    16.000    19.000    26.000    19.000         *         *         *    10.090     4.000   -13.000     0.000     1.000     1.000     1.000     2.000     3.000     4.000     5.000         *         *    26.445     1.620    -2.713     0.403    19.731     1.768     0.176     0.281
    26.000         *         *         *         *         *         *    18.000    28.000         *         *         *         *         *     8.875     5.000    -9.000     0.000     1.000     0.000     1.000     2.000         *         *         *         *         *    27.266     2.298    -2.817     0.417    22.818     2.289    -0.033     0.299
    26.000         *         *         *         *         *         *    26.000    19.000         *         *         *         *         *    10.706     9.000    -1.000     0.000     1.000     0.000     1.000     2.000         *         *         *         *         *    27.023     2.298    -2.574     0.417    23.525     2.289    -0.329     0.299
    18.000         *         *         *         *         *         *    29.000    26.000         *         *         *         *         *     6.402     5.000   -10.000     0.000     1.000     0.000     1.000     2.000         *         *         *         *         *    20.083     2.298    -2.206     0.417    26.099     2.289     0.018     0.299
    16.000         *         *         *         *         *         *     7.000    12.000         *         *         *         *         *     8.259     2.000   -15.000     0.000     1.000     0.000     1.000     2.000         *         *         *         *         *    18.919     2.298    -2.807     0.417    12.037     2.289    -0.266     0.299
    12.000    12.000     8.000     6.000     4.000         *     4.000    20.000    22.000    26.000    29.000    21.000    26.000    19.000    15.758     6.000   -14.000     1.000     0.000     0.000     1.000     2.000     3.000     4.000     5.000     6.000     7.000    15.168     1.595    -2.064     0.335    23.562     1.541    -0.136     0.247
    20.000    14.000         *     8.000    14.000    10.000     6.000    26.000    21.000    23.000    26.000    30.000    28.000    30.000    10.438    11.000   -16.000     0.000     1.000     0.000     1.000     2.000     3.000     4.000     5.000     6.000     7.000    19.866     1.695    -1.919     0.326    26.146     1.538     0.052     0.246
    14.000    12.000     8.000         *         *         *         *    26.000    26.000    28.000    25.000    31.000         *         *    14.747     9.000   -18.000     1.000     1.000     0.000     1.000     2.000     3.000     4.000     5.000     6.000         *    15.638     1.664    -2.103     0.414    26.429     1.660     0.067     0.274
    20.000    14.000         *    12.000    10.000     8.000         *    14.000    14.000    15.000    18.000    11.000    10.000    12.000     3.979     6.000   -10.000     1.000     0.000     1.000     1.000     2.000     3.000     4.000     5.000     6.000     7.000    19.111     1.703    -1.779     0.356    14.926     1.546    -0.251     0.248
    18.000    14.000     6.000         *         *         *         *    27.000    28.000    29.000    30.000         *         *         *    16.264     6.000   -21.000     0.000     0.000     0.000     1.000     2.000     3.000     4.000         *         *         *    18.309     1.664    -2.797     0.414    26.790     1.771     0.221     0.283
    22.000    18.000    18.000    14.000    12.000     6.000    10.000     9.000    17.000    16.000    14.000    25.000    16.000    17.000     6.556     5.000   -14.000     0.000     1.000     0.000     1.000     2.000     3.000     4.000     5.000     6.000     7.000    24.004     1.595    -2.487     0.322    17.193     1.538    -0.090     0.246
    18.000    12.000    10.000     6.000     6.000     4.000     4.000    28.000    20.000    22.000    22.000    26.000    16.000         *    11.374     9.000   -16.000     0.000     0.000     0.000     1.000     2.000     3.000     4.000     5.000     6.000     7.000    17.126     1.597    -2.137     0.322    23.098     1.571    -0.237     0.257
    18.000    16.000    10.000     8.000     8.000     8.000         *    30.000    27.000    31.000    29.000         *    30.000    23.000     9.376     5.000   -27.000     0.000     1.000     0.000     1.000     2.000     3.000     4.000     5.000     6.000     7.000    18.852     1.610    -2.198     0.354    26.806     1.600     0.200     0.251
    20.000         *    14.000         *         *         *         *    26.000    23.000    17.000    28.000         *         *         *    17.680    13.000   -15.000     0.000     0.000     0.000     1.000     2.000     3.000     4.000         *         *         *    21.313     1.921    -2.372     0.416    24.351     1.771    -0.269     0.283
    14.000    12.000     6.000     4.000     2.000         *         *    20.000    20.000    19.000    16.000    28.000    24.000         *    22.457    11.000   -17.000     0.000     1.000     0.000     1.000     2.000     3.000     4.000     5.000     6.000         *    16.146     1.614    -2.772     0.383    21.852     1.587    -0.144     0.261
    14.000         *    12.000     8.000     6.000     4.000     6.000    22.000    19.000    28.000    25.000    28.000    26.000    29.000     9.581     9.000   -10.000     0.000     1.000     0.000     1.000     2.000     3.000     4.000     5.000     6.000     7.000    16.692     1.783    -1.916     0.338    25.308     1.540     0.009     0.247
    20.000         *         *         *         *         *         *    24.000    19.000    25.000         *         *         *         *    11.793     5.000   -10.000     0.000     0.000     0.000     1.000     2.000     3.000         *         *         *         *    21.997     2.297    -2.731     0.417    22.501     1.962    -0.101     0.291
    12.000    12.000     8.000     6.000         *         *         *    22.000    22.000    11.000    21.000    24.000         *         *    11.506     6.000   -10.000     0.000     1.000     0.000     1.000     2.000     3.000     4.000     5.000         *         *    15.660     1.619    -2.340     0.403    20.759     1.656    -0.212     0.272
    14.000    14.000         *         *         *         *         *    29.000    27.000    29.000         *         *         *         *     6.966    13.000   -15.000     0.000     1.000     0.000     1.000     2.000     3.000         *         *         *         *    16.204     1.825    -1.364     0.416    28.324     1.962    -0.112     0.291
    20.000         *         *         *         *         *         *    24.000    18.000         *         *         *         *         *     6.372     6.000   -11.000     0.000     1.000     0.000     1.000     2.000         *         *         *         *         *    21.624     2.298    -2.312     0.417    21.505     2.289    -0.150     0.299
    20.000         *    14.000         *         *     8.000     6.000    18.000    16.000    18.000    12.000    18.000    17.000    16.000    14.778    11.000   -12.000     0.000     0.000     0.000     1.000     2.000     3.000     4.000     5.000     6.000     7.000    21.633     1.896    -2.351     0.340    18.851     1.540    -0.465     0.247
    14.000    10.000         *         *         *         *         *    19.000    19.000    12.000         *         *         *         *    19.309     5.000    -9.000     0.000     1.000     0.000     1.000     2.000     3.000         *         *         *         *    16.856     1.825    -2.970     0.416    17.824     1.962    -0.394     0.291
    16.000    12.000         *         *         *         *         *    25.000         *         *         *         *         *         *     3.432     5.000   -16.000     0.000     1.000     0.000     1.000     2.000     3.000         *         *         *         *    17.120     1.826    -1.970     0.418    23.510     2.909     0.037     0.308
    12.000    10.000     8.000         *         *         *         *    22.000    15.000    17.000    21.000         *         *         *    14.203     7.000   -23.000     0.000     0.000     0.000     1.000     2.000     3.000     4.000         *         *         *    14.883     1.664    -2.383     0.414    19.296     1.771    -0.149     0.283
    22.000    16.000    12.000     8.000         *     6.000         *    18.000    25.000    25.000    19.000    18.000    25.000    16.000    12.130    11.000    -9.000     1.000     1.000     0.000     1.000     2.000     3.000     4.000     5.000     6.000     7.000    20.326     1.616    -2.369     0.363    22.071     1.548    -0.281     0.249
    18.000         *         *         *         *         *         *    21.000    26.000    25.000    20.000         *         *         *     4.667     6.000    -7.000     1.000     1.000     0.000     1.000     2.000     3.000     4.000     5.000         *         *    19.648     2.297    -1.968     0.417    23.114     1.773    -0.127     0.283
    18.000    14.000    10.000     6.000     8.000     8.000         *    37.000    32.000    32.000    33.000    35.000    34.000    31.000     5.748     9.000   -12.000     0.000     0.000     0.000     1.000     2.000     3.000     4.000     5.000     6.000     7.000    16.929     1.610    -1.766     0.354    32.061     1.545     0.148     0.248
    14.000         *    10.000         *         *         *         *    18.000         *         *         *         *         *         *    20.442    11.000   -26.000     0.000     1.000     0.000     1.000     2.000     3.000     4.000         *         *         *    16.858     1.922    -2.481     0.417    20.090     2.903    -0.224     0.308
    16.000         *    10.000     6.000     4.000    10.000         *    22.000    24.000    30.000    22.000    20.000    18.000    12.000    12.108    11.000   -25.000     0.000     1.000     0.000     1.000     2.000     3.000     4.000     5.000     6.000     7.000    15.793     1.794    -1.762     0.368    22.648     1.547    -0.379     0.249
    18.000    12.000    10.000         *         *         *         *    14.000    13.000    20.000    10.000         *         *         *    10.189     8.000   -17.000     0.000     0.000     0.000     1.000     2.000     3.000     4.000         *         *         *    18.097     1.664    -2.421     0.414    16.008     1.771    -0.336     0.283
    16.000    12.000    10.000     6.000     8.000         *         *    19.000    20.000    19.000    23.000    22.000    26.000         *     3.725     5.000   -12.000     0.000     0.000     0.000     1.000     2.000     3.000     4.000     5.000     6.000         *    16.918     1.614    -2.128     0.383    21.424     1.587     0.040     0.261
    14.000    10.000     8.000     6.000     6.000         *         *    22.000    19.000    20.000    19.000    14.000    26.000         *     3.955     9.000    -4.000     0.000     1.000     0.000     1.000     2.000     3.000     4.000     5.000     6.000         *    14.401     1.614    -1.732     0.383    21.473     1.587    -0.315     0.261
    10.000         *         *         *         *         *         *    21.000    19.000         *         *         *         *         *    10.345    11.000   -22.000     1.000     0.000     0.000     1.000     2.000         *         *         *         *         *    11.891     2.298    -1.571     0.417    20.880     2.289    -0.217     0.299
     8.000         *     8.000         *         *         *         *    19.000    12.000    12.000    14.000         *         *         *    10.731     5.000   -17.000     0.000     1.000     0.000     1.000     2.000     3.000     4.000         *         *         *    12.883     1.921    -2.194     0.416    15.825     1.771    -0.355     0.283
    12.000     8.000     6.000         *         *         *         *    22.000    19.000         *    33.000         *         *         *     1.817    11.000    -2.000     1.000     1.000     0.000     1.000     2.000     3.000     4.000     5.000         *         *    11.756     1.665    -1.161     0.414    25.235     1.964    -0.171     0.286
     8.000         *         *         *         *         *         *    30.000    30.000         *         *         *         *         *    10.545    11.000   -18.000     0.000     1.000     1.000     1.000     2.000         *         *         *         *         *    10.736     2.298    -1.036     0.417    28.653     2.289     0.140     0.299
     8.000    10.000         *         *         *         *         *    31.000    29.000    23.000    20.000    30.000         *         *     5.858    13.000   -15.000     0.000     1.000     0.000     1.000     2.000     3.000     4.000     5.000         *         *    11.162     1.823    -1.033     0.416    27.236     1.662    -0.231     0.274
    12.000     6.000     8.000         *         *         *         *    25.000    11.000    18.000    14.000         *         *         *    12.801     5.000    -9.000     0.000     1.000     0.000     1.000     2.000     3.000     4.000         *         *         *    13.965     1.664    -2.412     0.414    18.287     1.771    -0.397     0.283
    10.000     6.000     6.000     6.000         *         *         *    13.000    14.000    25.000    16.000    12.000         *         *     5.806    11.000   -12.000     0.000     1.000     0.000     1.000     2.000     3.000     4.000     5.000         *         *    11.100     1.619    -1.465     0.403    18.278     1.656    -0.455     0.272
    18.000    12.000         *         *         *         *         *    26.000    21.000    17.000         *         *         *         *     4.316     5.000     3.000     0.000     0.000     0.000     1.000     2.000     3.000         *         *         *         *    18.588     1.825    -2.180     0.416    22.043     1.962    -0.344     0.291
    16.000    14.000     8.000         *     8.000         *         *    32.000    28.000         *    34.000    32.000    28.000         *     5.707     7.000    -6.000     1.000     0.000     0.000     1.000     2.000     3.000     4.000     5.000     6.000         *    16.528     1.648    -1.786     0.387    29.494     1.690     0.080     0.261
     8.000     4.000     6.000     6.000     6.000         *         *    23.000    20.000    14.000    18.000    20.000    19.000         *    15.273    11.000   -22.000     0.000     0.000     0.000     1.000     2.000     3.000     4.000     5.000     6.000         *    10.773     1.614    -1.561     0.383    20.754     1.587    -0.400     0.261
    12.000         *         *         *         *         *         *    20.000    22.000    21.000         *         *         *         *     7.697     5.000   -23.000     0.000     1.000     0.000     1.000     2.000     3.000         *         *         *         *    14.718     2.297    -2.116     0.417    20.834     1.962     0.020     0.291
         *         *         *     4.000         *         *         *    19.000    23.000    19.000    21.000    18.000         *         *     7.216     5.000   -15.000     1.000     1.000     0.000     1.000     2.000     3.000     4.000     5.000         *         *    12.944     2.981    -1.976     0.464    20.217     1.662    -0.110     0.275
     8.000     6.000         *         *         *         *         *    13.000    17.000    20.000     8.000         *         *         *     9.970     7.000   -14.000     0.000     0.000     0.000     1.000     2.000     3.000     4.000         *         *         *    10.882     1.824    -2.032     0.416    16.312     1.773    -0.419     0.283
    12.000     6.000     4.000         *         *         *         *    23.000    14.000    23.000    15.000         *         *         *    15.760     8.000   -19.000     0.000     0.000     0.000     1.000     2.000     3.000     4.000         *         *         *    12.512     1.664    -2.388     0.414    19.545     1.771    -0.261     0.283
    10.000     8.000     8.000         *         *         *         *    19.000    19.000    28.000    18.000    24.000         *         *     5.159     9.000   -18.000     0.000     0.000     0.000     1.000     2.000     3.000     4.000     5.000         *         *    12.134     1.664    -1.559     0.414    22.115     1.660    -0.103     0.274
     6.000     6.000         *         *         *         *         *     9.000    14.000    15.000         *         *         *         *     2.493    -4.000   -20.000     1.000     0.000     0.000     1.000     2.000     3.000         *         *         *         *    10.242     1.825    -2.371     0.416    12.618     1.962     0.041     0.291
    10.000     8.000         *         *         *         *         *    15.000     4.000    11.000    10.000         *         *         *    14.638     5.000   -27.000     0.000     0.000     0.000     1.000     2.000     3.000     4.000         *         *         *    13.228     1.824    -2.639     0.416    11.784     1.773    -0.317     0.283
         *         *         *         *         *         *         *    34.000    27.000    26.000         *         *         *         *     2.583    11.000   -10.000     1.000     1.000     0.000     1.000     2.000     3.000         *         *         *         *    16.600     5.006    -1.170     0.479    28.528     1.963    -0.109     0.293
     8.000     8.000         *         *         *         *         *    13.000    16.000    16.000         *         *         *         *     1.181     9.000   -11.000     0.000     1.000     0.000     1.000     2.000     3.000         *         *         *         *    10.960     1.825    -1.340     0.416    17.392     1.962    -0.397     0.291
     6.000     6.000         *         *         *         *         *    14.000    20.000    20.000         *         *         *         *     6.939     5.000    -9.000     1.000     0.000     0.000     1.000     2.000     3.000         *         *         *         *     9.621     1.825    -1.789     0.416    18.739     1.962    -0.247     0.291
     6.000     8.000         *         *         *         *         *    23.000    27.000    25.000         *         *         *         *    11.993     5.000   -25.000     0.000     0.000     0.000     1.000     2.000     3.000         *         *         *         *    10.719     1.825    -2.078     0.416    23.801     1.962     0.100     0.291
    20.000         *         *         *         *         *         *    17.000    18.000    22.000         *         *         *         *     0.557     7.000    -5.000     0.000     0.000     0.000     1.000     2.000     3.000         *         *         *         *    21.465     2.297    -1.975     0.417    20.315     1.962    -0.240     0.291
     4.000         *         *         *         *         *         *    13.000         *         *         *         *         *         *    16.338     3.000   -21.000     0.000     0.000     0.000     1.000     2.000         *         *         *         *         *     8.710     2.299    -2.609     0.419    14.675     2.915    -0.245     0.308
    10.000     8.000         *         *         *         *         *    29.000    23.000    26.000         *         *         *         *     6.419    11.000   -19.000     0.000     0.000     0.000     1.000     2.000     3.000         *         *         *         *    11.581     1.825    -1.350     0.416    25.904     1.962    -0.100     0.291
     6.000         *         *         *         *         *         *    18.000    15.000         *         *         *         *         *     4.984    -1.000   -21.000     0.000     0.000     0.000     1.000     2.000         *         *         *         *         *     9.992     2.298    -2.296     0.417    16.246     2.289     0.000     0.299
    16.000         *         *         *         *         *         *    17.000    17.000         *         *         *         *         *     1.822     5.000   -24.000     0.000     0.000     0.000     1.000     2.000         *         *         *         *         *    17.504     2.298    -2.024     0.417    17.870     2.289    -0.017     0.299
    16.000         *         *         *         *         *         *     9.000    13.000    14.000         *         *         *         *     5.020     9.000   -13.000     0.000     0.000     0.000     1.000     2.000     3.000         *         *         *         *    17.914     2.297    -2.007     0.417    14.819     1.962    -0.420     0.291
    10.000     6.000         *         *         *         *         *    15.000    18.000    16.000         *         *         *         *    11.916     2.000   -18.000     1.000     1.000     0.000     1.000     2.000     3.000         *         *         *         *    12.285     1.825    -2.477     0.416    16.534     1.962    -0.112     0.291
     6.000     8.000         *         *         *         *         *    26.000    23.000    18.000         *         *         *         *     4.910     5.000    -7.000     0.000     0.000     0.000     1.000     2.000     3.000         *         *         *         *    10.499     1.825    -1.694     0.416    22.527     1.962    -0.244     0.291
    16.000    14.000         *         *         *         *         *    26.000    23.000    28.000         *         *         *         *     9.247    13.000    -9.000     1.000     1.000     0.000     1.000     2.000     3.000         *         *         *         *    17.263     1.825    -1.510     0.416    26.187     1.962    -0.246     0.291
    18.000         *         *         *         *         *         *    19.000    21.000    30.000         *         *         *         *     3.123     8.000   -14.000     0.000     0.000     0.000     1.000     2.000     3.000         *         *         *         *    19.522     2.297    -1.879     0.417    23.489     1.962    -0.014     0.291
         *         *         *         *         *         *         *    13.000    12.000         *         *         *         *         *    14.580     5.000   -28.000     0.000     0.000     1.000     1.000     2.000         *         *         *         *         *    15.218     5.008    -2.314     0.479    13.984     2.289     0.009     0.301
     6.000         *         *         *         *         *         *    29.000    39.000    32.000         *         *         *         *     9.206    13.000    -7.000     0.000     0.000     0.000     1.000     2.000     3.000         *         *         *         *     9.517     2.297    -1.101     0.417    32.447     1.962    -0.128     0.291
    14.000         *         *         *         *         *         *    13.000    17.000    18.000         *         *         *         *     7.383     2.000   -17.000     0.000     0.000     0.000     1.000     2.000     3.000         *         *         *         *    16.894     2.297    -2.579     0.417    16.537     1.962    -0.082     0.291
    16.000         *         *         *         *         *         *    29.000    38.000    34.000         *         *         *         *     7.933    13.000   -15.000     0.000     1.000     0.000     1.000     2.000     3.000         *         *         *         *    17.661     2.297    -1.429     0.417    32.459     1.962     0.069     0.291
     4.000         *         *         *         *         *         *    24.000    11.000         *         *         *         *         *     2.107    10.000   -19.000     1.000     0.000     0.000     1.000     2.000         *         *         *         *         *     6.410     2.298    -0.921     0.417    19.120     2.289    -0.311     0.299
     6.000         *         *         *         *         *         *    29.000    27.000         *         *         *         *         *     3.010    12.000   -12.000     0.000     1.000     0.000     1.000     2.000         *         *         *         *         *     9.031     2.298    -0.860     0.417    27.910     2.289    -0.170     0.299
     8.000         *         *         *         *         *         *    19.000    18.000         *         *         *         *         *     7.848     4.000   -36.000     0.000     0.000     0.000     1.000     2.000         *         *         *         *         *    10.708     2.298    -2.067     0.417    18.130     2.289     0.128     0.299
    18.000         *         *         *         *         *         *    26.000    23.000    30.000         *         *         *         *     3.624     6.000    -6.000     1.000     1.000     0.000     1.000     2.000     3.000         *         *         *         *    19.574     2.297    -1.860     0.417    25.663     1.962    -0.018     0.291
     8.000         *         *         *         *         *         *    26.000    24.000         *         *         *         *         *     5.198     9.000    -1.000     0.000     0.000     0.000     1.000     2.000         *         *         *         *         *    11.484     2.298    -1.434     0.417    25.343     2.289    -0.326     0.299
     6.000         *         *         *         *         *         *    26.000    24.000         *         *         *         *         *     3.306     7.000     0.000     0.000     1.000     0.000     1.000     2.000         *         *         *         *         *    10.101     2.298    -1.383     0.417    25.109     2.289    -0.282     0.299
    20.000         *         *         *         *         *         *    16.000    20.000         *         *         *         *         *     4.960    13.000   -13.000     1.000     0.000     0.000     1.000     2.000         *         *         *         *         *    20.268     2.298    -1.582     0.417    20.346     2.289    -0.335     0.299
     6.000         *         *         *         *         *         *    14.000    19.000         *         *         *         *         *     4.261     5.000   -20.000     0.000     0.000     0.000     1.000     2.000         *         *         *         *         *     9.533     2.298    -1.756     0.417    17.574     2.289    -0.142     0.299
         *         *         *         *         *         *         *    14.000    14.000         *         *         *         *         *    14.304     0.000   -17.000     1.000     0.000     1.000     1.000     2.000         *         *         *         *         *    16.471     5.008    -2.632     0.479    14.168     2.289     0.040     0.301
    14.000         *         *         *         *         *         *    28.000    24.000         *         *         *         *         *     9.072    13.000   -22.000     0.000     1.000     0.000     1.000     2.000         *         *         *         *         *    15.563     2.298    -1.504     0.417    26.143     2.289    -0.102     0.299
     6.000         *         *         *         *         *         *    28.000    21.000         *         *         *         *         *     4.825     7.000   -23.000     0.000     0.000     0.000     1.000     2.000         *         *         *         *         *     8.943     2.298    -1.449     0.417    23.715     2.289    -0.001     0.299
         *         *         *         *         *         *         *    12.000     9.000         *         *         *         *         *    14.630    11.000   -18.000     0.000     1.000     0.000     1.000     2.000         *         *         *         *         *    16.792     5.008    -2.309     0.479    14.373     2.289    -0.510     0.301
    12.000         *         *         *         *         *         *    30.000    30.000         *         *         *         *         *     3.248     9.000   -12.000     1.000     1.000     1.000     1.000     2.000         *         *         *         *         *    13.585     2.298    -0.821     0.417    28.356     2.289     0.184     0.299
    10.000         *         *         *         *         *         *    17.000    24.000         *         *         *         *         *     9.080     5.000   -16.000     0.000     0.000     0.000     1.000     2.000         *         *         *         *         *    13.354     2.298    -2.167     0.417    20.556     2.289    -0.102     0.299
     6.000         *         *         *         *         *         *    20.000    25.000         *         *         *         *         *     8.136     6.000   -16.000     1.000     0.000     0.000     1.000     2.000         *         *         *         *         *     9.264     2.298    -1.673     0.417    21.946     2.289    -0.096     0.299
    18.000         *         *         *         *         *         *    18.000    16.000         *         *         *         *         *     4.804     9.000   -11.000     0.000     0.000     0.000     1.000     2.000         *         *         *         *         *    19.492     2.298    -1.971     0.417    19.134     2.289    -0.319     0.299
         *         *         *         *         *         *         *    25.000    36.000         *         *         *         *         *     9.009     9.000   -18.000     0.000     0.000     2.000     1.000     2.000         *         *         *         *         *    17.494     5.008    -1.106     0.479    28.462     2.289     0.471     0.301
     8.000         *         *         *         *         *         *    29.000    31.000         *         *         *         *         *    12.787     9.000   -30.000     0.000     1.000     0.000     1.000     2.000         *         *         *         *         *    10.879     2.298    -1.733     0.417    27.833     2.289     0.174     0.299
     8.000         *         *         *         *         *         *    16.000    23.000         *         *         *         *         *     6.966     1.000   -16.000     0.000     0.000     0.000     1.000     2.000         *         *         *         *         *    11.958     2.298    -2.311     0.417    19.029     2.289    -0.020     0.299
    12.000         *         *         *         *         *         *    34.000    28.000         *         *         *         *         *     6.027     9.000   -16.000     0.000     1.000     0.000     1.000     2.000         *         *         *         *         *    14.276     2.298    -1.496     0.417    29.265     2.289     0.040     0.299
