    23.000         *         *         *         *         *         *    16.000    20.000         *         *         *         *         *     2.687    11.000     8.000     1.000     1.000     0.000     1.000     2.000         *         *         *         *         *    27.829     3.503    -1.719     0.895    19.579     3.083    -0.250     0.281
    21.000    20.000    28.000    16.000    14.000     8.000     8.000    43.000    46.000    42.000    43.000    44.000    34.000    39.000    10.712     9.000     8.000     0.000     0.000     0.000     1.000     2.000     3.000     4.000     5.000     6.000     7.000    27.961     2.729    -2.787     0.591    43.267     2.005    -0.657     0.234
    25.000         *         *         *         *         *         *    34.000    38.000         *         *         *         *         *    15.259    13.000     3.000     1.000     0.000     1.000     1.000     2.000         *         *         *         *         *    26.384     3.503    -2.453     0.895    37.221     3.083    -1.645     0.281
    35.000         *    50.000    32.000         *         *         *    25.000    24.000    32.000    29.000    28.000    24.000         *     0.856     6.000     6.000     0.000     0.000     0.000     1.000     2.000     3.000     4.000     5.000     6.000         *    41.849     3.114    -1.874     0.833    25.478     2.134     0.526     0.272
    34.000    34.000    34.000    30.000         *         *         *    33.000    28.000    42.000    32.000    28.000    37.000         *    13.819    13.000    -8.000     0.000     0.000     0.000     1.000     2.000     3.000     4.000     5.000     6.000         *    36.318     2.850    -2.477     0.826    36.167     2.128    -0.817     0.268
    27.000    32.000    28.000    22.000    20.000    16.000    10.000    33.000    32.000    20.000    18.000    29.000    16.000    26.000     2.605    11.000    13.000     1.000     0.000     0.000     1.000     2.000     3.000     4.000     5.000     6.000     7.000    34.427     2.729    -3.022     0.591    29.264     2.005    -1.099     0.234
    33.000         *    32.000    30.000         *         *         *    25.000    28.000    29.000    21.000    29.000         *         *     1.272     9.000    -2.000     0.000     1.000     0.000     1.000     2.000     3.000     4.000     5.000         *         *    35.371     3.127    -1.701     0.838    24.057     2.236     0.854     0.275
    31.000         *    42.000         *         *         *    34.000    37.000    44.000    39.000    39.000    43.000    34.000    38.000     9.091    10.000     8.000     0.000     1.000     1.000     1.000     2.000     3.000     4.000     5.000     6.000     7.000    35.570     3.132    -0.577     0.660    38.406     2.026    -0.024     0.245
    35.000    30.000    32.000         *         *    26.000         *    33.000    37.000    29.000    41.000    34.000         *    32.000     1.737    13.000    14.000     0.000     1.000     0.000     1.000     2.000     3.000     4.000     5.000     6.000     7.000    35.413     2.836    -1.607     0.708    34.739     2.115    -0.265     0.249
    19.000    20.000    16.000    14.000    12.000    10.000     8.000    20.000    15.000    16.000    20.000    12.000    22.000    16.000    15.065     5.000    -6.000     1.000     1.000     0.000     1.000     2.000     3.000     4.000     5.000     6.000     7.000    23.696     2.729    -2.400     0.591    17.960     2.005    -0.077     0.234
    24.000    25.000    34.000    24.000    20.000    18.000    16.000    22.000    21.000    22.000    22.000    30.000    24.000    31.000    10.156     5.000     0.000     0.000     1.000     1.000     1.000     2.000     3.000     4.000     5.000     6.000     7.000    29.488     2.729    -1.636     0.591    21.935     2.005     0.741     0.234
    19.000    18.000    14.000    12.000    12.000         *         *    32.000    25.000    25.000    26.000    26.000    24.000    24.000    16.352    10.000    -2.000     0.000     1.000     0.000     1.000     2.000     3.000     4.000     5.000     6.000     7.000    22.424     2.830    -2.359     0.751    27.824     2.048    -0.416     0.256
    31.000    32.000    34.000    30.000    22.000    18.000    28.000    29.000    32.000    38.000    28.000    34.000    28.000    29.000     4.374     6.000     0.000     1.000     1.000     1.000     1.000     2.000     3.000     4.000     5.000     6.000     7.000    34.653     2.729    -1.775     0.591    28.870     2.005     0.417     0.234
    25.000    26.000    20.000    14.000         *         *         *    24.000    12.000    24.000    24.000    24.000         *         *     9.663     7.000     6.000     0.000     1.000     0.000     1.000     2.000     3.000     4.000     5.000         *         *    27.802     2.863    -2.366     0.830    21.854     2.231     0.113     0.271
    19.000    20.000    20.000    16.000         *         *         *    20.000    12.000    24.000    30.000    28.000    24.000    24.000    11.749     5.000    -3.000     0.000     0.000     0.000     1.000     2.000     3.000     4.000     5.000     6.000     7.000    24.248     2.833    -2.085     0.819    22.006     2.065     0.429     0.264
    25.000    36.000    20.000         *         *         *         *    25.000    32.000    32.000    33.000         *         *         *     8.308    13.000     2.000     0.000     0.000     1.000     1.000     2.000     3.000     4.000         *         *         *    29.666     2.883    -1.551     0.878    31.858     2.398    -0.379     0.277
    27.000    36.000    20.000    18.000         *         *         *    15.000    28.000    20.000    28.000    26.000    28.000         *     1.907     7.000     0.000     0.000     1.000     0.000     1.000     2.000     3.000     4.000     5.000     6.000         *    31.236     2.850    -2.159     0.826    21.104     2.128     0.978     0.268
    29.000    34.000    18.000    16.000         *         *         *    24.000    24.000    24.000    24.000    20.000         *         *     7.613    13.000     3.000     0.000     0.000     0.000     1.000     2.000     3.000     4.000     5.000         *         *    31.428     2.863    -2.895     0.830    26.476     2.231    -0.750     0.271
    28.000    22.000    16.000    10.000         *         *         *    43.000    36.000    37.000    46.000    33.000         *         *    14.597     7.000   -13.000     0.000     1.000     1.000     1.000     2.000     3.000     4.000     5.000         *         *    26.134     2.863    -2.759     0.830    36.664     2.231     0.441     0.271
    30.000         *         *         *         *         *         *    28.000    21.000         *         *         *         *         *     1.729     7.000     1.000     0.000     1.000     0.000     1.000     2.000         *         *         *         *         *    32.516     3.503    -1.778     0.895    23.368     3.083     0.980     0.281
    25.000    32.000         *         *         *         *         *    19.000    21.000    30.000    24.000    24.000         *         *    14.701     1.000     2.000     0.000     0.000     0.000     1.000     2.000     3.000     4.000     5.000         *         *    31.276     3.011    -2.828     0.889    23.663     2.237     0.165     0.275
    38.000    32.000    22.000    18.000    20.000         *         *    39.000    39.000    38.000    37.000    28.000    31.000         *    14.638     7.000     8.000     0.000     1.000     0.000     1.000     2.000     3.000     4.000     5.000     6.000     7.000    35.895     2.846    -3.515     0.757    37.396     2.114    -0.807     0.259
    20.000    22.000         *    20.000    14.000     8.000     6.000    24.000    37.000    26.000    22.000    34.000    29.000    20.000    15.585    11.000    -4.000     0.000     0.000     0.000     1.000     2.000     3.000     4.000     5.000     6.000     7.000    25.723     2.869    -2.636     0.596    30.710     2.009    -0.740     0.236
    10.000    22.000    18.000         *         *         *         *    28.000    24.000    21.000    24.000         *         *         *    14.920     3.000    -5.000     0.000     0.000     0.000     1.000     2.000     3.000     4.000         *         *         *    21.782     2.883    -2.201     0.878    23.735     2.398     0.464     0.277
    32.000    22.000         *         *         *         *         *    20.000    24.000    17.000    25.000         *         *         *    12.768     9.000    11.000     0.000     1.000     0.000     1.000     2.000     3.000     4.000         *         *         *    30.247     3.017    -2.395     0.893    23.922     2.399    -0.636     0.277
    30.000    32.000    28.000    18.000         *         *         *    24.000    20.000    24.000    20.000         *         *         *     8.500    11.000    -7.000     0.000     1.000     0.000     1.000     2.000     3.000     4.000     5.000     6.000     7.000    32.482     2.870    -2.526     0.833    22.729     2.395     0.109     0.272
    48.000    50.000    42.000         *         *         *         *    24.000    25.000    12.000    26.000    37.000         *    16.000    -0.379     6.000     3.000     0.000     1.000     0.000     1.000     2.000     3.000     4.000     5.000     6.000     7.000    48.676     2.856    -2.553     0.865    21.179     2.149     0.714     0.270
    12.000    14.000         *         *         *         *         *    47.000    34.000    34.000    39.000    38.000    30.000         *    10.348    11.000   -13.000     0.000     0.000     0.000     1.000     2.000     3.000     4.000     5.000     6.000         *    19.121     3.000    -2.314     0.884    35.908     2.135     0.194     0.272
    26.000    18.000    16.000    14.000    12.000    10.000         *    24.000    22.000    25.000    20.000    23.000    26.000    12.000    15.290    11.000     3.000     0.000     0.000     0.000     1.000     2.000     3.000     4.000     5.000     6.000     7.000    25.728     2.796    -2.768     0.671    26.530     2.026    -1.024     0.245
    30.000         *         *         *         *         *         *    28.000    12.000         *         *         *         *         *     5.899     3.000    13.000     0.000     1.000     1.000     1.000     2.000     3.000         *         *         *         *    32.528     3.503    -1.216     0.895    19.962     3.083     0.817     0.281
    24.000    34.000    26.000    20.000    16.000    18.000    18.000    33.000    33.000    28.000    35.000    38.000    30.000    34.000     9.255    -1.000    11.000     0.000     0.000     0.000     1.000     2.000     3.000     4.000     5.000     6.000     7.000    32.186     2.729    -2.447     0.591    30.436     2.005     0.536     0.234
    30.000    22.000    20.000         *         *         *         *    39.000         *         *    39.000    34.000         *         *     6.047     9.000    -3.000     0.000     0.000     0.000     1.000     2.000     3.000     4.000     5.000     6.000         *    29.721     2.880    -2.642     0.876    35.805     2.745     0.164     0.276
    24.000    18.000    12.000     8.000         *         *         *    25.000    12.000    12.000    20.000    12.000    12.000         *    17.181     7.000    -9.000     1.000     0.000     0.000     1.000     2.000     3.000     4.000     5.000     6.000         *    24.998     2.850    -3.841     0.826    19.779     2.128    -0.947     0.268
    12.000     8.000     6.000         *         *         *         *    25.000    37.000    35.000    23.000         *         *         *    18.821     9.000    -8.000     0.000     1.000     0.000     1.000     2.000     3.000     4.000         *         *         *    15.272     2.883    -2.382     0.878    30.076     2.398    -0.121     0.277
    42.000    24.000    18.000         *         *         *         *    24.000    28.000    16.000    24.000         *         *         *     6.931     5.000    11.000     0.000     0.000     0.000     1.000     2.000     3.000     4.000         *         *         *    34.939     2.883    -3.302     0.878    24.407     2.398    -0.205     0.277
    28.000    24.000    22.000         *         *         *         *    39.000    33.000    38.000    42.000         *         *         *    10.118     5.000    -9.000     1.000     0.000     0.000     1.000     2.000     3.000     4.000         *         *         *    30.472     2.883    -3.266     0.878    36.592     2.398    -0.091     0.277
    42.000    28.000    34.000    24.000    18.000    20.000    18.000    24.000    24.000    28.000    28.000    24.000    29.000    28.000     3.533     9.000     1.000     1.000     1.000     0.000     1.000     2.000     3.000     4.000     5.000     6.000     7.000    37.705     2.729    -2.987     0.591    27.047     2.005    -0.221     0.234
    22.000         *         *         *         *         *         *    36.000    30.000         *         *         *         *         *     9.518     5.000    -1.000     1.000     1.000     0.000     1.000     2.000         *         *         *         *         *    26.823     3.503    -2.641     0.895    30.223     3.083     0.064     0.281
    14.000    12.000    20.000    14.000         *    16.000         *    24.000    20.000    24.000    16.000    28.000    16.000    19.000    14.101    13.000     4.000     1.000     1.000     0.000     1.000     2.000     3.000     4.000     5.000     6.000     7.000    19.414     2.796    -1.229     0.698    25.180     2.032    -1.021     0.248
    34.000    28.000         *    22.000    20.000    18.000         *    20.000    12.000    28.000    32.000    25.000    12.000    24.000     7.175     7.000     1.000     1.000     1.000     0.000     1.000     2.000     3.000     4.000     5.000     6.000     7.000    33.577     2.917    -2.693     0.673    22.547     2.029    -0.163     0.246
    26.000    24.000    20.000    14.000    12.000     8.000    10.000    12.000    12.000    16.000    12.000    12.000    17.000    12.000    13.869     5.000    -1.000     1.000     1.000     1.000     1.000     2.000     3.000     4.000     5.000     6.000     7.000    27.132     2.729    -2.687     0.591    14.911     2.005    -0.215     0.234
    30.000         *         *    24.000    20.000         *         *    16.000    28.000    24.000    24.000    16.000    12.000    16.000     3.506    10.000     4.000     0.000     1.000     0.000     1.000     2.000     3.000     4.000     5.000     6.000     7.000    32.811     3.270    -2.293     0.768    19.414     2.062     0.188     0.262
    32.000    28.000    22.000    16.000    18.000    16.000         *    28.000    12.000    29.000    28.000    33.000    24.000    32.000     9.264     3.000     5.000     0.000     1.000     0.000     1.000     2.000     3.000     4.000     5.000     6.000     7.000    31.489     2.796    -2.677     0.671    24.376     2.026     0.549     0.245
    30.000    24.000    18.000    16.000         *    18.000         *    33.000    31.000    30.000    37.000    30.000    29.000    30.000    10.731    13.000     6.000     0.000     0.000     0.000     1.000     2.000     3.000     4.000     5.000     6.000     7.000    28.527     2.796    -2.324     0.698    35.176     2.032    -0.944     0.248
    32.000         *    28.000    20.000         *         *         *    20.000    29.000    34.000    12.000    30.000         *         *    12.908     5.000    -3.000     0.000     1.000     0.000     1.000     2.000     3.000     4.000     5.000         *         *    32.741     3.127    -2.753     0.838    24.500     2.236     0.254     0.275
    30.000    30.000    18.000         *         *         *         *    43.000    45.000    44.000    42.000         *         *         *    14.107    11.000    -3.000     0.000     0.000     0.000     1.000     2.000     3.000     4.000         *         *         *    31.352     2.883    -3.255     0.878    44.311     2.398    -0.889     0.277
    20.000    14.000    12.000    10.000    12.000         *         *    23.000    31.000    28.000    24.000    23.000    29.000         *     6.704    11.000    -4.000     0.000     0.000     0.000     1.000     2.000     3.000     4.000     5.000     6.000         *    21.315     2.846    -2.158     0.757    26.237     2.114     0.175     0.259
    28.000         *         *         *         *         *         *    28.000    36.000         *         *         *         *         *     5.896     5.000    -2.000     0.000     1.000     1.000     1.000     2.000         *         *         *         *         *    30.061     3.503    -1.305     0.895    28.824     3.083     1.203     0.281
    22.000    20.000    24.000    22.000    26.000         *         *    19.000    30.000    29.000    30.000    31.000    31.000         *     6.865     2.000     0.000     0.000     1.000     0.000     1.000     2.000     3.000     4.000     5.000     6.000         *    26.373     2.846    -1.081     0.757    23.025     2.114     1.458     0.259
    22.000    18.000         *         *         *         *         *    12.000    17.000    12.000         *         *         *         *     6.211    12.000    18.000     1.000     1.000     0.000     1.000     2.000     3.000         *         *         *         *    25.153     3.020    -1.742     0.894    17.313     2.656    -1.010     0.278
    24.000    18.000         *         *         *         *         *    24.000         *    28.000         *         *         *         *     3.678     5.000    -1.000     0.000     1.000     0.000     1.000     2.000     3.000     4.000         *         *         *    25.989     3.020    -1.677     0.895    23.260     3.104     1.285     0.278
    24.000    20.000    16.000    12.000         *         *         *    51.000    48.000    43.000    45.000    48.000    52.000         *     6.257     8.000     8.000     0.000     1.000     0.000     1.000     2.000     3.000     4.000     5.000     6.000         *    25.609     2.850    -2.328     0.826    45.099     2.128     0.232     0.268
    38.000    36.000         *         *         *         *         *    34.000    31.000    28.000         *         *         *         *     6.621     5.000    11.000     0.000     1.000     0.000     1.000     2.000     3.000         *         *         *         *    39.059     3.020    -2.521     0.894    29.938     2.656     0.136     0.278
    38.000    28.000    26.000         *         *         *         *    24.000    29.000    34.000    29.000         *         *         *     3.446     6.000    -1.000     0.000     1.000     0.000     1.000     2.000     3.000     4.000         *         *         *    35.064     2.883    -2.382     0.878    26.551     2.398     0.877     0.277
    22.000    20.000         *         *         *         *         *    26.000    25.000    30.000         *         *         *         *     3.667    12.000    -6.000     0.000     0.000     0.000     1.000     2.000     3.000         *         *         *         *    25.175     3.020    -1.794     0.894    27.041     2.656     0.399     0.278
    20.000    20.000    26.000    32.000         *         *         *    17.000    30.000    31.000    28.000    30.000         *         *     6.879     9.000     6.000     0.000     1.000     0.000     1.000     2.000     3.000     4.000     5.000         *         *    25.998     2.863    -0.556     0.830    25.653     2.231     0.510     0.271
    22.000    16.000         *         *         *         *         *    33.000    44.000    49.000    59.000         *         *         *     8.010     9.000    -5.000     0.000     0.000     0.000     1.000     2.000     3.000     4.000         *         *         *    23.643     3.017    -2.055     0.893    43.309     2.399     0.367     0.277
    28.000    30.000         *         *         *         *         *    26.000    28.000    20.000         *         *         *         *     0.637     5.000    -7.000     0.000     1.000     0.000     1.000     2.000     3.000         *         *         *         *    32.036     3.020    -1.792     0.894    21.595     2.656     1.626     0.278
    28.000    36.000         *         *         *         *         *    12.000    16.000    20.000         *         *         *         *     9.154     8.000     8.000     0.000     1.000     0.000     1.000     2.000     3.000         *         *         *         *    33.334     3.020    -1.928     0.894    18.043     2.656    -0.055     0.278
    28.000    34.000         *         *         *         *         *    29.000    27.000    29.000         *         *         *         *     0.965     7.000    -2.000     0.000     0.000     0.000     1.000     2.000     3.000         *         *         *         *    33.676     3.020    -2.007     0.894    26.907     2.656     0.851     0.278
    28.000         *         *         *         *         *         *    45.000    34.000         *         *         *         *         *    15.665    10.000    -1.000     0.000     1.000     0.000     1.000     2.000         *         *         *         *         *    28.895     3.503    -2.819     0.895    38.100     3.083    -0.612     0.281
    26.000    20.000         *         *         *         *         *    12.000    32.000    34.000         *         *         *         *     8.094     7.000   -21.000     0.000     1.000     0.000     1.000     2.000     3.000         *         *         *         *    25.927     3.020    -2.155     0.894    23.458     2.656     1.401     0.278
    20.000         *         *         *         *         *         *    20.000    16.000         *         *         *         *         *     3.060     8.000    -7.000     0.000     1.000     2.000     1.000     2.000         *         *         *         *         *    23.703     3.503     0.198     0.895    17.498     3.083     1.778     0.281
    26.000         *         *         *         *         *         *    25.000    29.000    26.000         *         *         *         *     4.010     7.000     8.000     1.000     1.000     0.000     1.000     2.000     3.000         *         *         *         *    30.356     3.503    -2.159     0.894    25.880     2.657    -0.030     0.280
    26.000    28.000         *         *         *         *         *    30.000    24.000    26.000         *         *         *         *     1.578    11.000    -8.000     0.000     1.000     0.000     1.000     2.000     3.000         *         *         *         *    29.732     3.020    -1.626     0.894    25.041     2.656     0.951     0.278
    38.000    36.000         *         *         *         *         *    25.000    20.000    25.000         *         *         *         *     2.630     9.000     3.000     1.000     1.000     0.000     1.000     2.000     3.000         *         *         *         *    38.711     3.020    -2.611     0.894    23.743     2.656    -0.201     0.278
    30.000    28.000         *         *         *         *         *    20.000    20.000    10.000         *         *         *         *     4.609    -1.000     3.000     1.000     1.000     0.000     1.000     2.000     3.000         *         *         *         *    33.354     3.020    -2.647     0.894    15.209     2.656     0.911     0.278
    14.000         *         *         *         *         *         *    39.000    32.000    26.000         *         *         *         *    15.290    12.000     5.000     0.000     0.000     0.000     1.000     2.000     3.000         *         *         *         *    20.367     3.503    -2.292     0.894    34.430     2.657    -1.034     0.280
    30.000         *         *         *         *         *         *    24.000    28.000         *         *         *         *         *     1.357     5.000    -9.000     0.000     1.000     0.000     1.000     2.000         *         *         *         *         *    32.044     3.503    -1.905     0.895    23.333     3.083     1.634     0.281
    30.000         *         *         *         *         *         *    22.000    31.000         *         *         *         *         *     0.946     5.000    -1.000     0.000     1.000     0.000     1.000     2.000         *         *         *         *         *    32.684     3.503    -1.760     0.895    24.055     3.083     1.371     0.281
    28.000         *         *         *         *         *         *    24.000    29.000         *         *         *         *         *     0.760     9.000   -10.000     1.000     0.000     0.000     1.000     2.000         *         *         *         *         *    30.621     3.503    -2.505     0.895    25.843     3.083     0.398     0.281
    32.000         *         *         *         *         *         *    34.000    45.000         *         *         *         *         *     1.570    13.000     8.000     0.000     0.000     0.000     1.000     2.000         *         *         *         *         *    33.971     3.503    -2.034     0.895    38.338     3.083    -0.324     0.281
