     0.700         *         *         *         *         *         *         *         *         *         *         *     0.000     0.000     0.000    17.816     0.000    -8.000     0.000     3.000     6.000    13.000    16.000    19.000     0.909     0.260    -0.052     0.015    26.410     6.280    -0.462     0.200
         *         *         *         *         *         *    14.000         *         *         *         *         *     0.000     1.000     0.000    16.108     0.000    -1.000     0.000     3.000     6.000    13.000    16.000    19.000     1.631     0.516    -0.046     0.015    16.361     2.503    -0.225     0.192
     1.600         *         *         *         *         *    25.000         *         *         *         *         *     0.000     0.000     1.000    16.108     0.000    -2.000     0.000     3.000     6.000    13.000    16.000    19.000     1.587     0.260    -0.045     0.015    25.058     2.503    -0.366     0.189
     3.700     3.810     3.990     3.540     2.940         *    23.000    28.000    34.000    32.000    32.000         *     0.000     1.000     0.000    -8.223     0.000    15.000     0.000     3.000     6.000    13.000    16.000    19.000     3.874     0.151    -0.041     0.012    27.997     1.616     0.258     0.141
     3.100     2.900     3.100     2.650         *         *    25.000    28.000    28.000    24.000         *         *     0.000     1.000     0.000    -8.223     0.000    17.000     0.000     3.000     6.000    13.000    16.000    19.000     3.179     0.155    -0.042     0.013    26.765     1.618    -0.019     0.161
     2.200     1.900     1.350     1.150         *         *    39.000    37.000    39.000    41.000         *         *     0.000     1.000     0.000    -8.650     0.000    11.000     0.000     3.000     6.000    13.000    16.000    19.000     2.090     0.155    -0.063     0.013    38.666     1.618     0.014     0.161
     2.400     1.900     1.750         *         *         *    31.000    36.000    37.000         *         *         *     0.000     1.000     0.000    -8.997     0.000     0.000     0.000     3.000     6.000    13.000    16.000    19.000     2.238     0.167    -0.052     0.014    34.502     1.652     0.007     0.185
     4.000     4.100     4.150     3.540     3.490     2.830    37.000    43.000    39.000    38.000    40.000    37.000     0.000     0.000     0.000   -10.008     0.000     8.000     0.000     3.000     6.000    13.000    16.000    19.000     4.061     0.150    -0.045     0.011    39.105     1.613    -0.032     0.124
     3.400     3.600     3.400     2.520     3.060     2.490    43.000    44.000    44.000    44.000    43.000    42.000     0.000     1.000     0.000   -10.005     0.000     6.000     0.000     3.000     6.000    13.000    16.000    19.000     3.491     0.150    -0.046     0.011    43.270     1.613    -0.027     0.124
         *         *         *         *         *         *    18.000         *         *         *         *         *     0.000     0.000     0.000    12.623     0.000    -7.000     0.000     3.000     6.000    13.000    16.000    19.000     1.704     0.516    -0.046     0.015    19.590     2.503    -0.272     0.192
         *         *         *         *         *         *    21.000    26.000         *         *         *         *     0.000     1.000     1.000     7.288     0.000     5.000     0.000     3.000     6.000    13.000    16.000    19.000     2.032     0.515    -0.043     0.015    24.056     1.888    -0.134     0.191
         *     1.300     0.800         *         *         *    29.000    23.000         *         *         *         *     0.000     0.000     0.000     7.288     2.000    -6.000     0.000     3.000     6.000    13.000    16.000    19.000     1.402     0.200    -0.051     0.014    27.122     1.886    -0.342     0.189
     3.100     2.900         *         *         *         *    33.000    34.000         *         *         *         *     0.000     0.000     0.000     7.122     0.000     1.000     0.000     3.000     6.000    13.000    16.000    19.000     2.956     0.196    -0.044     0.015    33.459     1.887    -0.240     0.189
     2.000     2.000         *         *         *         *    22.000    14.000         *         *         *         *     0.000     0.000     1.000     7.221     0.000    -2.000     0.000     3.000     6.000    13.000    16.000    19.000     2.032     0.196    -0.039     0.015    19.122     1.887    -0.235     0.189
     2.900     2.750     2.810         *         *         *    40.000    43.000    31.000         *         *         *     0.000     0.000     0.000     8.436     3.000     1.000     0.000     3.000     6.000    13.000    16.000    19.000     2.881     0.167    -0.041     0.014    39.194     1.652    -0.422     0.185
     2.100         *         *         *         *         *    44.000         *         *         *         *         *     0.000     0.000     0.000     6.127     3.000     1.000     0.000     3.000     6.000    13.000    16.000    19.000     2.191     0.260    -0.050     0.015    43.023     2.503    -0.388     0.189
     3.200         *         *         *         *         *    40.000         *         *         *         *         *     0.000     0.000     0.000     6.922     3.000     5.000     0.000     3.000     6.000    13.000    16.000    19.000     3.039     0.260    -0.045     0.015    39.636     2.503    -0.291     0.189
     2.900         *         *         *         *         *    39.000         *         *         *         *         *     1.000     0.000     0.000     6.859     3.000     5.000     0.000     3.000     6.000    13.000    16.000    19.000     2.693     0.260    -0.025     0.015    39.028     2.503    -0.209     0.189
     1.600     2.000     1.650         *         *         *    19.000    28.000    19.000         *         *         *     0.000     0.000     0.000     5.583     0.000    -5.000     0.000     3.000     6.000    13.000    16.000    19.000     1.907     0.167    -0.044     0.014    23.041     1.652    -0.215     0.185
     1.900     2.000     1.650         *         *         *    10.000    14.000         *         *         *         *     0.000     0.000     1.000     5.581     0.000     2.000     0.000     3.000     6.000    13.000    16.000    19.000     1.985     0.167    -0.041     0.014    13.361     1.885    -0.070     0.189
     2.100     1.770     1.300         *         *         *    41.000    35.000    35.000         *         *         *     0.000     1.000     0.000     7.339     1.000     8.000     0.000     3.000     6.000    13.000    16.000    19.000     1.946     0.167    -0.056     0.014    37.841     1.652    -0.347     0.185
         *     1.590         *         *         *         *    31.000    34.000         *         *         *         *     1.000     1.000     1.000     7.339     0.000     2.000     0.000     3.000     6.000    13.000    16.000    19.000     1.606     0.258    -0.025     0.015    32.443     1.887    -0.169     0.189
     3.100     2.900     2.900         *         *         *    20.000    22.000    16.000         *         *         *     0.000     0.000     0.000     5.217     0.000     6.000     0.000     3.000     6.000    13.000    16.000    19.000     3.026     0.167    -0.040     0.014    20.446     1.652    -0.152     0.185
         *     2.500     2.100         *         *         *         *    23.000    21.000         *         *         *     0.000     0.000     0.000     8.511     0.000     6.000     0.000     3.000     6.000    13.000    16.000    19.000     2.490     0.200    -0.046     0.014    23.608     2.078    -0.218     0.193
         *     2.350         *         *         *         *         *    17.000         *         *         *         *     0.000     0.000     1.000     8.511     0.000     8.000     0.000     3.000     6.000    13.000    16.000    19.000     2.402     0.259    -0.041     0.015    19.071     2.614    -0.158     0.194
     2.400     2.600     2.460     1.550     1.310         *    40.000    43.000    43.000    38.000    40.000         *     0.000     1.000     0.000     4.945     1.000    -1.000     0.000     3.000     6.000    13.000    16.000    19.000     2.485     0.151    -0.058     0.012    41.918     1.616    -0.194     0.141
     2.300     2.180     2.140         *         *         *    44.000    41.000    44.000         *         *         *     0.000     1.000     0.000     5.045     2.000    -1.000     0.000     3.000     6.000    13.000    16.000    19.000     2.345     0.167    -0.047     0.014    43.382     1.652    -0.295     0.185
     2.100     2.350     2.570         *         *         *    40.000    38.000    36.000         *         *         *     1.000     1.000     1.000     3.739     1.000     2.000     0.000     3.000     6.000    13.000    16.000    19.000     2.315     0.167    -0.015     0.014    38.272     1.652    -0.210     0.185
     2.000         *         *         *         *         *    22.000         *         *         *         *         *     0.000     1.000     0.000     5.531     0.000    -4.000     0.000     3.000     6.000    13.000    16.000    19.000     2.014     0.260    -0.044     0.015    23.309     2.503    -0.163     0.189
         *         *         *         *         *         *    28.000         *         *         *         *         *     0.000     1.000     1.000     5.531     0.000    -3.000     0.000     3.000     6.000    13.000    16.000    19.000     1.842     0.516    -0.042     0.015    27.962     2.503    -0.223     0.192
     2.400         *         *         *         *         *    43.000         *         *         *         *         *     0.000     1.000     0.000     2.030     2.000     9.000     0.000     3.000     6.000    13.000    16.000    19.000     2.492     0.260    -0.050     0.015    42.121     2.503    -0.256     0.189
     3.600     3.700     3.520         *         *         *    34.000    31.000    33.000         *         *         *     0.000     0.000     0.000     2.930     1.000     6.000     0.000     3.000     6.000    13.000    16.000    19.000     3.617     0.167    -0.038     0.014    33.116     1.652    -0.154     0.185
     3.400     3.150     3.060         *         *         *    32.000    30.000    19.000         *         *         *     0.000     1.000     0.000     2.930     0.000     8.000     0.000     3.000     6.000    13.000    16.000    19.000     3.240     0.167    -0.039     0.014    28.104     1.652    -0.255     0.185
         *     1.700         *         *         *         *    28.000    29.000         *         *         *         *     0.000     1.000     0.000     2.982     1.000    -2.000     0.000     3.000     6.000    13.000    16.000    19.000     1.940     0.258    -0.047     0.015    29.191     1.887    -0.187     0.189
     2.100     2.120     2.140     1.810         *         *    37.000    33.000    38.000    28.000         *         *     0.000     1.000     0.000     3.127     0.000    -6.000     0.000     3.000     6.000    13.000    16.000    19.000     2.249     0.155    -0.040     0.013    35.800     1.618    -0.365     0.161
         *     2.620     2.870     2.170         *         *    35.000    39.000    38.000    41.000         *         *     0.000     0.000     0.000     3.127     0.000     2.000     0.000     3.000     6.000    13.000    16.000    19.000     2.867     0.181    -0.048     0.013    37.927     1.619    -0.030     0.161
     3.000     2.870     2.540         *         *         *    41.000    42.000    42.000         *         *         *     0.000     0.000     0.000     3.597     1.000     1.000     0.000     3.000     6.000    13.000    16.000    19.000     2.902     0.167    -0.047     0.014    41.787     1.652    -0.244     0.185
     2.600         *     2.250         *         *         *    23.000         *    18.000         *         *         *     0.000     1.000     0.000     2.597     0.000    -4.000     0.000     3.000     6.000    13.000    16.000    19.000     2.485     0.197    -0.040     0.014    21.897     1.958    -0.166     0.185
         *         *         *         *         *         *    38.000         *         *         *         *         *     0.000     1.000     0.000     1.161     0.000    -2.000     0.000     3.000     6.000    13.000    16.000    19.000     2.370     0.516    -0.046     0.015    36.923     2.503    -0.235     0.192
     2.700     2.700         *         *         *         *    36.000    36.000         *         *         *         *     0.000     1.000     0.000     1.919     0.000    10.000     0.000     3.000     6.000    13.000    16.000    19.000     2.765     0.196    -0.048     0.015    35.894     1.887    -0.168     0.189
     2.800     2.750     3.020     2.210     2.090         *    42.000    43.000    40.000    43.000    42.000    38.000     0.000     0.000     0.000     2.048     0.000     7.000     0.000     3.000     6.000    13.000    16.000    19.000     2.944     0.151    -0.051     0.012    42.268     1.614    -0.141     0.124
     2.200     2.320     1.940         *         *         *    33.000    29.000    19.000         *         *         *     0.000     1.000     0.000     2.303     0.000     1.000     0.000     3.000     6.000    13.000    16.000    19.000     2.284     0.167    -0.043     0.014    28.326     1.652    -0.336     0.185
         *         *         *         *         *         *    17.000         *         *         *         *         *     1.000     0.000     0.000     2.303     0.000    -2.000     0.000     3.000     6.000    13.000    16.000    19.000     1.791     0.516    -0.024     0.015    19.312     2.503    -0.035     0.192
     2.300     2.500         *         *         *         *    26.000    16.000         *         *         *         *     0.000     0.000     0.000     1.484     0.000    11.000     0.000     3.000     6.000    13.000    16.000    19.000     2.519     0.196    -0.045     0.015    22.203     1.887    -0.159     0.189
     2.200     2.300     2.100     1.320     1.520     1.690     6.000     8.000     8.000     7.000     4.000     8.000     0.000     0.000     0.000     1.481     0.000     9.000     0.000     3.000     6.000    13.000    16.000    19.000     2.298     0.150    -0.044     0.011     8.381     1.613    -0.082     0.124
     3.000         *         *         *         *         *    43.000         *         *         *         *         *     0.000     1.000     0.000    -0.223     3.000    13.000     0.000     3.000     6.000    13.000    16.000    19.000     3.008     0.260    -0.047     0.015    42.625     2.503    -0.186     0.189
     2.600         *         *         *         *         *    41.000         *         *         *         *         *     0.000     1.000     0.000    -0.072     3.000    14.000     0.000     3.000     6.000    13.000    16.000    19.000     2.716     0.260    -0.049     0.015    40.974     2.503    -0.187     0.189
     2.000         *         *         *         *         *    34.000         *         *         *         *         *     0.000     0.000     0.000     0.141     0.000     1.000     0.000     3.000     6.000    13.000    16.000    19.000     2.147     0.260    -0.049     0.015    33.519     2.503    -0.234     0.189
         *     1.800     1.700         *         *         *    34.000    31.000    33.000         *         *         *     0.000     0.000     1.000     0.135     0.000    -2.000     0.000     3.000     6.000    13.000    16.000    19.000     1.996     0.200    -0.045     0.014    33.007     1.653    -0.223     0.185
     1.700         *         *         *         *         *     9.000         *         *         *         *         *     0.000     1.000     1.000     1.836     0.000    -6.000     0.000     3.000     6.000    13.000    16.000    19.000     1.738     0.260    -0.037     0.015    12.000     2.503    -0.020     0.189
     2.100         *         *         *         *         *    32.000    31.000         *         *         *         *     0.000     1.000     1.000     1.836     0.000    -7.000     0.000     3.000     6.000    13.000    16.000    19.000     2.041     0.259    -0.040     0.015    31.481     1.887    -0.214     0.189
     2.100     2.300     2.570         *         *         *    33.000    34.000    28.000         *         *         *     0.000     1.000     0.000     1.156     0.000     1.000     0.000     3.000     6.000    13.000    16.000    19.000     2.442     0.167    -0.040     0.014    32.356     1.652    -0.239     0.185
     2.900     2.920     2.860     2.530     2.870     2.450    33.000    33.000         *    29.000    30.000    32.000     0.000     1.000     0.000     1.156     0.000     1.000     0.000     3.000     6.000    13.000    16.000    19.000     3.020     0.150    -0.031     0.011    32.800     1.758    -0.145     0.126
     2.500     2.400     2.410     1.590     1.460     1.400    40.000    39.000    40.000    35.000    28.000         *     0.000     1.000     0.000     0.575     3.000     6.000     0.000     3.000     6.000    13.000    16.000    19.000     2.480     0.151    -0.054     0.011    39.751     1.616    -0.427     0.141
     2.600     2.550     2.230     1.600     1.240     1.410    42.000    39.000    42.000    40.000    43.000    39.000     0.000     1.000     0.000     0.575     2.000     2.000     0.000     3.000     6.000    13.000    16.000    19.000     2.513     0.150    -0.060     0.011    41.478     1.613    -0.087     0.124
     1.200     0.850     1.020         *         *         *    33.000    30.000    29.000         *         *         *     0.000     1.000     0.000    -0.200     0.000     1.000     0.000     3.000     6.000    13.000    16.000    19.000     1.312     0.167    -0.053     0.014    31.510     1.652    -0.257     0.185
     1.500     1.300     1.810         *         *         *    32.000    29.000    33.000         *         *         *     0.000     0.000     0.000    -0.200     0.000     1.000     0.000     3.000     6.000    13.000    16.000    19.000     1.777     0.167    -0.049     0.014    31.890     1.652    -0.210     0.185
     3.000     2.650         *         *         *         *    41.000    39.000         *         *         *         *     0.000     0.000     1.000     0.964     0.000     7.000     0.000     3.000     6.000    13.000    16.000    19.000     2.837     0.196    -0.044     0.015    39.330     1.887    -0.237     0.189
     3.000     3.150         *         *         *         *    38.000    38.000         *         *         *         *     0.000     0.000     0.000     0.997     0.000     8.000     0.000     3.000     6.000    13.000    16.000    19.000     3.096     0.196    -0.046     0.015    37.671     1.887    -0.198     0.189
     2.500     2.150     1.750         *         *         *    19.000         *    17.000     3.000    10.000     0.000     0.000     0.000     1.000    -1.358     0.000     0.000     0.000     3.000     6.000    13.000    16.000    19.000     2.192     0.166    -0.038     0.014    16.934     1.856    -0.597     0.132
         *     1.850     1.550         *         *         *    39.000    38.000    40.000         *         *         *     0.000     1.000     0.000    -1.358     0.000    -4.000     0.000     3.000     6.000    13.000    16.000    19.000     1.994     0.200    -0.051     0.014    39.098     1.653    -0.201     0.185
     3.100         *         *         *         *         *    37.000         *         *         *         *         *     0.000     1.000     0.000    -0.183     2.000     2.000     0.000     3.000     6.000    13.000    16.000    19.000     2.973     0.260    -0.043     0.015    36.965     2.503    -0.158     0.189
     2.800     2.800         *         *         *         *    16.000    16.000         *         *         *         *     0.000     0.000     1.000    -0.183     1.000     8.000     0.000     3.000     6.000    13.000    16.000    19.000     2.815     0.196    -0.037     0.015    17.327     1.887    -0.004     0.189
         *     0.570     2.300     0.440         *         *    29.000    32.000    32.000         *         *         *     0.000     0.000     0.000    -0.339     0.000    -6.000     0.000     3.000     6.000    13.000    16.000    19.000     1.577     0.182    -0.054     0.013    31.388     1.652    -0.203     0.185
         *     1.300     0.860         *         *         *    36.000    30.000         *         *         *         *     0.000     0.000     0.000    -0.339     0.000    -3.000     0.000     3.000     6.000    13.000    16.000    19.000     1.500     0.200    -0.055     0.014    33.145     1.886    -0.304     0.189
         *     1.500     1.510         *         *         *    38.000    36.000    39.000         *         *         *     0.000     1.000     0.000    -0.460     0.000     1.000     0.000     3.000     6.000    13.000    16.000    19.000     1.856     0.200    -0.053     0.014    37.869     1.653    -0.200     0.185
     1.500         *         *         *         *         *    31.000         *         *         *         *         *     0.000     1.000     0.000    -0.447     1.000    -2.000     0.000     3.000     6.000    13.000    16.000    19.000     1.732     0.260    -0.048     0.015    31.524     2.503    -0.196     0.189
     1.000     1.000     0.900         *         *         *    35.000    34.000    32.000         *         *         *     1.000     0.000     1.000    -1.575     0.000    11.000     0.000     3.000     6.000    13.000    16.000    19.000     1.185     0.167    -0.033     0.014    34.047     1.652    -0.177     0.185
         *         *     2.810     1.170     1.900     1.680    28.000    25.000    38.000    25.000    23.000    24.000     0.000     0.000     0.000    -0.167     0.000    -2.000     0.000     3.000     6.000    13.000    16.000    19.000     2.510     0.201    -0.048     0.012    29.760     1.616    -0.266     0.125
     2.900     3.200     3.580     3.230     2.930         *    33.000    35.000    34.000    31.000    23.000         *     0.000     0.000     0.000    -1.277     2.000    16.000     0.000     3.000     6.000    13.000    16.000    19.000     3.380     0.151    -0.029     0.012    34.176     1.616    -0.363     0.141
     2.300         *     2.700         *         *         *    20.000         *    22.000         *         *         *     0.000     1.000     0.000    -0.011     0.000    -2.000     0.000     3.000     6.000    13.000    16.000    19.000     2.575     0.197    -0.036     0.014    21.995     1.958    -0.050     0.185
     1.900     1.600     1.700         *         *         *    25.000    33.000    28.000         *         *         *     0.000     1.000     1.000    -0.783     0.000    -4.000     0.000     3.000     6.000    13.000    16.000    19.000     1.883     0.167    -0.042     0.014    28.936     1.652    -0.107     0.185
     3.400     3.030     3.060     2.380         *         *    34.000    31.000    28.000     9.000         *         *     0.000     1.000     0.000    -0.247     0.000    -5.000     0.000     3.000     6.000    13.000    16.000    19.000     3.068     0.155    -0.035     0.013    29.675     1.618    -0.691     0.161
     3.000     3.100     3.090     2.600     2.650     1.940    41.000         *    41.000    40.000    39.000    37.000     0.000     1.000     0.000    -1.146     1.000     4.000     0.000     3.000     6.000    13.000    16.000    19.000     3.133     0.150    -0.045     0.011    41.054     1.855    -0.156     0.132
     2.800         *         *         *         *         *    28.000         *         *         *         *         *     0.000     1.000     0.000    -0.895     2.000     8.000     0.000     3.000     6.000    13.000    16.000    19.000     2.805     0.260    -0.044     0.015    29.514     2.503    -0.065     0.189
     1.300         *     1.390         *         *         *    32.000    38.000    38.000         *         *         *     0.000     1.000     0.000    -0.881     1.000     2.000     0.000     3.000     6.000    13.000    16.000    19.000     1.675     0.197    -0.052     0.014    36.244     1.653    -0.134     0.185
         *     2.900     2.900     2.260         *         *    15.000    16.000    15.000    16.000         *         *     0.000     0.000     0.000    -2.070     0.000     5.000     0.000     3.000     6.000    13.000    16.000    19.000     2.962     0.181    -0.042     0.013    16.235     1.619     0.000     0.161
     3.100     3.050     2.600     2.470     2.760         *    11.000    14.000    14.000    13.000    21.000         *     0.000     1.000     0.000    -2.070     0.000    -3.000     0.000     3.000     6.000    13.000    16.000    19.000     3.003     0.151    -0.032     0.012    13.839     1.616     0.180     0.141
         *     2.650     2.000     2.140         *         *    43.000    44.000    42.000    43.000    42.000         *     0.000     0.000     0.000    -0.262     1.000     7.000     0.000     3.000     6.000    13.000    16.000    19.000     2.670     0.181    -0.051     0.013    43.466     1.618    -0.142     0.142
     2.600     2.450     2.330     1.610         *         *    41.000    41.000    40.000    29.000         *         *     0.000     1.000     0.000    -0.914     0.000     1.000     0.000     3.000     6.000    13.000    16.000    19.000     2.513     0.155    -0.050     0.013    39.827     1.618    -0.424     0.161
     2.600     2.800     2.650         *         *         *    24.000    28.000    32.000         *         *         *     0.000     1.000     0.000    -1.359     2.000     5.000     0.000     3.000     6.000    13.000    16.000    19.000     2.805     0.167    -0.041     0.014    28.405     1.652     0.029     0.185
     2.900     2.850     2.670     2.250         *         *    37.000    36.000    36.000    40.000         *         *     0.000     0.000     0.000    -0.556     0.000     3.000     0.000     3.000     6.000    13.000    16.000    19.000     2.920     0.155    -0.048     0.013    37.064     1.618    -0.035     0.161
     2.300         *     1.760         *         *         *    35.000    35.000    34.000         *         *         *     0.000     0.000     0.000    -0.822     0.000     0.000     0.000     3.000     6.000    13.000    16.000    19.000     2.243     0.197    -0.051     0.014    35.041     1.653    -0.212     0.185
         *         *         *         *         *         *    41.000         *         *         *         *         *     0.000     1.000     0.000    -0.822     0.000     1.000     0.000     3.000     6.000    13.000    16.000    19.000     2.575     0.516    -0.047     0.015    39.542     2.503    -0.220     0.192
     1.900         *         *         *         *         *    38.000         *         *         *         *         *     0.000     1.000     0.000    -1.150     3.000    -2.000     0.000     3.000     6.000    13.000    16.000    19.000     2.060     0.260    -0.046     0.015    38.245     2.503    -0.229     0.189
     3.800         *         *         *         *         *    36.000         *         *         *         *         *     0.000     0.000     0.000    -1.536     0.000    16.000     0.000     3.000     6.000    13.000    16.000    19.000     3.644     0.260    -0.046     0.015    35.399     2.503    -0.096     0.189
     2.400     2.080     2.410     1.950     2.050     1.850    32.000    32.000    29.000    37.000    28.000    33.000     0.000     1.000     0.000    -1.538     0.000     0.000     0.000     3.000     6.000    13.000    16.000    19.000     2.489     0.150    -0.038     0.011    32.150     1.613    -0.040     0.124
     1.300         *         *         *         *         *    21.000         *         *         *         *         *     0.000     0.000     1.000    -2.167     0.000     6.000     0.000     3.000     6.000    13.000    16.000    19.000     1.621     0.260    -0.046     0.015    22.313     2.503    -0.107     0.189
     2.500     2.820     2.860     2.310     2.260         *    37.000    34.000    35.000    38.000    39.000    33.000     0.000     0.000     1.000    -2.167     0.000    -2.000     0.000     3.000     6.000    13.000    16.000    19.000     2.798     0.151    -0.037     0.012    36.103     1.614    -0.044     0.124
     1.700     1.570     1.520         *         *         *    26.000    27.000    26.000         *         *         *     0.000     1.000     0.000    -2.481     0.000    -8.000     0.000     3.000     6.000    13.000    16.000    19.000     1.784     0.167    -0.045     0.014    27.017     1.652    -0.138     0.185
     1.900     2.020     2.150     1.900     1.510         *    38.000    34.000    36.000    37.000    35.000         *     0.000     1.000     1.000    -2.505     0.000    12.000     0.000     3.000     6.000    13.000    16.000    19.000     2.256     0.151    -0.043     0.012    36.451     1.616    -0.093     0.141
     2.400         *     2.570     1.680         *         *    25.000         *    24.000    27.000         *         *     0.000     1.000     0.000    -2.505     0.000     9.000     0.000     3.000     6.000    13.000    16.000    19.000     2.560     0.176    -0.049     0.013    25.735     1.867     0.004     0.164
     3.000     3.000     3.090     2.490     2.870     2.180    43.000    44.000    43.000    43.000    42.000    39.000     0.000     0.000     0.000    -3.381     1.000     5.000     0.000     3.000     6.000    13.000    16.000    19.000     3.161     0.150    -0.042     0.011    43.578     1.613    -0.165     0.124
         *         *     2.190         *         *         *    38.000    33.000    36.000         *         *         *     0.000     0.000     0.000    -1.962     0.000     3.000     0.000     3.000     6.000    13.000    16.000    19.000     2.543     0.261    -0.049     0.014    35.981     1.653    -0.201     0.186
     2.700         *     2.600         *         *         *    39.000         *    37.000         *         *         *     0.000     0.000     0.000    -1.464     0.000    -1.000     0.000     3.000     6.000    13.000    16.000    19.000     2.756     0.197    -0.044     0.014    37.978     1.958    -0.223     0.185
     1.700     1.580         *         *         *         *    31.000    29.000         *         *         *         *     0.000     1.000     1.000    -2.745     0.000     1.000     0.000     3.000     6.000    13.000    16.000    19.000     1.795     0.196    -0.045     0.015    30.194     1.887    -0.156     0.189
     0.900         *         *         *         *         *    38.000    38.000    39.000         *         *         *     0.000     1.000     0.000    -2.745     0.000     7.000     0.000     3.000     6.000    13.000    16.000    19.000     1.403     0.259    -0.056     0.015    38.587     1.653    -0.206     0.185
     1.700     2.000     1.250     1.350         *         *    15.000    20.000    18.000    20.000         *         *     0.000     0.000     0.000    -4.216     0.000    -5.000     0.000     3.000     6.000    13.000    16.000    19.000     1.883     0.155    -0.046     0.013    18.725     1.618     0.013     0.161
     2.500     2.650     2.490         *         *         *    34.000    33.000    27.000         *         *         *     0.000     0.000     1.000    -4.213     0.000    -7.000     0.000     3.000     6.000    13.000    16.000    19.000     2.604     0.167    -0.034     0.014    31.831     1.652    -0.233     0.185
     2.400     2.500     2.650         *         *         *    34.000    36.000    38.000         *    33.000         *     0.000     1.000     0.000    -4.467     0.000     1.000     0.000     3.000     6.000    13.000    16.000    19.000     2.645     0.166    -0.042     0.014    35.826     1.639    -0.121     0.148
     2.400     1.900     2.100         *     2.080     1.440    36.000    27.000    33.000    33.000    26.000    25.000     0.000     1.000     0.000    -3.750     0.000    -4.000     0.000     3.000     6.000    13.000    16.000    19.000     2.332     0.155    -0.038     0.011    32.765     1.613    -0.290     0.124
         *     2.050     1.520         *         *         *    37.000    34.000    38.000         *         *         *     0.000     1.000     0.000    -2.839     0.000     0.000     0.000     3.000     6.000    13.000    16.000    19.000     2.100     0.200    -0.052     0.014    36.486     1.653    -0.148     0.185
     3.000     3.000     2.760         *         *         *    35.000    38.000    34.000         *         *         *     0.000     1.000     0.000    -2.842     0.000     9.000     0.000     3.000     6.000    13.000    16.000    19.000     3.038     0.167    -0.045     0.014    35.783     1.652    -0.103     0.185
     3.000         *         *         *     2.680     2.120    44.000    39.000         *         *    44.000    42.000     1.000     1.000     0.000    -4.333     2.000     8.000     0.000     3.000     6.000    13.000    16.000    19.000     2.865     0.196    -0.027     0.011    41.950     1.804     0.016     0.128
         *     2.800     2.800         *         *         *    37.000    38.000    37.000         *         *         *     0.000     0.000     0.000    -5.003     1.000    10.000     0.000     3.000     6.000    13.000    16.000    19.000     3.030     0.200    -0.047     0.014    37.513     1.653    -0.115     0.185
         *     2.650     2.700     2.380         *         *         *    37.000    34.000    31.000         *         *     0.000     1.000     0.000     0.800     1.000    -5.000     0.000     3.000     6.000    13.000    16.000    19.000     2.789     0.181    -0.037     0.013    35.850     2.013    -0.268     0.175
         *         *         *         *     2.190     2.030    40.000         *         *         *    35.000    21.000     0.000     0.000     0.000    -4.027     0.000    -4.000     0.000     3.000     6.000    13.000    16.000    19.000     2.750     0.260    -0.038     0.012    37.270     2.201    -0.470     0.137
     3.000     2.800     2.830         *     2.630     2.810    33.000    33.000    35.000    34.000    35.000    37.000     0.000     1.000     0.000    -3.777     0.000     0.000     0.000     3.000     6.000    13.000    16.000    19.000     3.054     0.155    -0.030     0.011    33.870     1.613     0.052     0.124
     2.000     1.950     2.830         *         *         *    41.000    38.000    37.000         *         *         *     0.000     1.000     0.000    -3.844     3.000     7.000     0.000     3.000     6.000    13.000    16.000    19.000     2.442     0.167    -0.040     0.014    39.457     1.652    -0.227     0.185
     2.200     2.200     2.110     1.790         *         *    36.000    29.000    34.000    39.000         *         *     0.000     1.000     1.000    -4.372     1.000    11.000     0.000     3.000     6.000    13.000    16.000    19.000     2.370     0.155    -0.046     0.013    34.019     1.618     0.066     0.161
     3.200         *         *         *         *         *    39.000         *         *         *         *         *     0.000     1.000     0.000    -5.220     2.000     8.000     0.000     3.000     6.000    13.000    16.000    19.000     3.154     0.260    -0.044     0.015    38.877     2.503    -0.095     0.189
     2.500     2.370         *         *         *         *    38.000    36.000         *         *         *         *     0.000     0.000     0.000    -3.258     0.000   -10.000     0.000     3.000     6.000    13.000    16.000    19.000     2.477     0.196    -0.043     0.015    36.741     1.887    -0.237     0.189
     2.200         *         *         *         *         *    41.000         *         *         *         *         *     0.000     1.000     0.000    -3.872     0.000     0.000     0.000     3.000     6.000    13.000    16.000    19.000     2.304     0.260    -0.048     0.015    39.626     2.503    -0.207     0.189
     2.700     2.650     2.850         *         *         *    42.000    37.000    39.000         *         *         *     0.000     0.000     0.000    -5.556     3.000     0.000     0.000     3.000     6.000    13.000    16.000    19.000     2.859     0.167    -0.040     0.014    39.944     1.652    -0.211     0.185
     2.300     2.550     2.000         *         *         *    40.000    39.000    36.000         *         *         *     0.000     0.000     0.000    -5.556     0.000     5.000     0.000     3.000     6.000    13.000    16.000    19.000     2.485     0.167    -0.050     0.014    38.588     1.652    -0.212     0.185
     3.400     2.600     2.650     2.390     1.560         *    38.000    37.000    33.000    33.000    34.000         *     0.000     1.000     1.000    -5.892     0.000     4.000     0.000     3.000     6.000    13.000    16.000    19.000     2.888     0.151    -0.052     0.012    35.830     1.616    -0.132     0.141
     2.800         *         *         *         *         *    41.000         *         *         *         *         *     0.000     0.000     0.000    -5.908     0.000    -1.000     0.000     3.000     6.000    13.000    16.000    19.000     2.792     0.260    -0.045     0.015    39.500     2.503    -0.192     0.189
     2.300     2.470     2.230     1.900         *         *    18.000    16.000    20.000    16.000         *         *     0.000     1.000     0.000    -4.172     1.000     2.000     0.000     3.000     6.000    13.000    16.000    19.000     2.460     0.155    -0.040     0.013    18.628     1.618    -0.056     0.161
     1.900     2.250     2.270         *         *         *    16.000    22.000    20.000         *         *         *     0.000     1.000     0.000    -4.172     0.000     1.000     0.000     3.000     6.000    13.000    16.000    19.000     2.298     0.167    -0.039     0.014    20.007     1.652     0.026     0.185
     3.700     3.250         *     3.170     2.650         *    34.000    40.000         *    37.000    32.000         *     0.000     1.000     0.000    -3.470     2.000     7.000     0.000     3.000     6.000    13.000    16.000    19.000     3.468     0.164    -0.041     0.012    36.818     1.759    -0.125     0.142
     3.800     3.350     3.200     3.250     3.130     2.950    39.000    34.000    32.000    38.000    40.000    40.000     0.000     0.000     0.000    -6.056     2.000     1.000     0.000     3.000     6.000    13.000    16.000    19.000     3.586     0.150    -0.035     0.011    36.132     1.613     0.102     0.124
     2.700         *         *         *         *         *    22.000         *         *         *         *         *     0.000     1.000     0.000    -4.866     0.000     0.000     0.000     3.000     6.000    13.000    16.000    19.000     2.680     0.260    -0.041     0.015    23.608     2.503     0.006     0.189
     2.100         *         *         *         *         *    27.000         *         *         *         *         *     0.000     0.000     0.000    -4.866     0.000     0.000     0.000     3.000     6.000    13.000    16.000    19.000     2.261     0.260    -0.046     0.015    27.726     2.503    -0.108     0.189
     2.400     2.060     1.890         *         *         *    16.000    26.000    21.000         *         *         *     0.000     1.000     0.000    -4.430     0.000     1.000     0.000     3.000     6.000    13.000    16.000    19.000     2.294     0.167    -0.046     0.014    21.511     1.652     0.048     0.185
     3.300     3.330     2.650         *         *         *    42.000    42.000    40.000         *         *         *     0.000     1.000     0.000    -3.928     3.000     3.000     0.000     3.000     6.000    13.000    16.000    19.000     3.184     0.167    -0.044     0.014    41.697     1.652    -0.152     0.185
     2.900     3.100     2.820         *         *         *    31.000    29.000    31.000         *         *         *     0.000     0.000     0.000    -4.833     0.000    -9.000     0.000     3.000     6.000    13.000    16.000    19.000     2.989     0.167    -0.037     0.014    30.631     1.652    -0.110     0.185
         *         *     2.730     1.890     1.270     1.590    38.000    33.000    40.000    38.000    32.000    31.000     0.000     1.000     0.000    -4.833     0.000    -7.000     0.000     3.000     6.000    13.000    16.000    19.000     2.534     0.201    -0.051     0.012    37.117     1.616    -0.203     0.125
     2.800     2.550         *         *         *         *    42.000    42.000         *         *         *         *     0.000     1.000     0.000    -4.736     0.000    -3.000     0.000     3.000     6.000    13.000    16.000    19.000     2.715     0.196    -0.045     0.015    41.366     1.887    -0.178     0.189
     2.800     2.550     2.740         *         *         *    38.000    42.000    40.000         *         *         *     0.000     1.000     0.000    -4.736     0.000    -4.000     0.000     3.000     6.000    13.000    16.000    19.000     2.795     0.167    -0.042     0.014    39.811     1.652    -0.120     0.185
     2.300     2.450     2.600         *         *         *    37.000    38.000    39.000         *         *         *     0.000     1.000     1.000    -5.777     1.000     2.000     0.000     3.000     6.000    13.000    16.000    19.000     2.565     0.167    -0.038     0.014    37.915     1.652    -0.097     0.185
     3.000     2.800     2.430     1.290         *         *    27.000    33.000    34.000    33.000         *         *     0.000     1.000     0.000    -5.683     0.000     6.000     0.000     3.000     6.000    13.000    16.000    19.000     2.736     0.155    -0.063     0.013    31.182     1.618     0.111     0.161
     3.200     3.100     3.150     2.870     2.680     1.870    30.000    28.000    30.000    35.000    32.000    32.000     0.000     1.000     0.000    -4.358     0.000     6.000     0.000     3.000     6.000    13.000    16.000    19.000     3.238     0.150    -0.047     0.011    30.074     1.613     0.119     0.124
     3.500     3.400     3.450     3.230     3.230         *    40.000    40.000    40.000    38.000    39.000         *     0.000     1.000     0.000    -6.656     0.000     7.000     0.000     3.000     6.000    13.000    16.000    19.000     3.575     0.151    -0.033     0.012    39.729     1.616    -0.079     0.141
     2.500         *         *         *         *         *    42.000         *         *         *         *         *     0.000     1.000     0.000    -5.473     3.000    10.000     0.000     3.000     6.000    13.000    16.000    19.000     2.661     0.260    -0.048     0.015    41.896     2.503    -0.150     0.189
         *     2.400     2.440         *         *         *    32.000    28.000    31.000         *         *         *     0.000     1.000     0.000    -5.761     0.000     2.000     0.000     3.000     6.000    13.000    16.000    19.000     2.640     0.200    -0.044     0.014    30.684     1.653    -0.073     0.185
     1.800     1.880     1.730         *         *         *    29.000    23.000    23.000         *         *         *     0.000     1.000     0.000    -5.761     0.000    12.000     0.000     3.000     6.000    13.000    16.000    19.000     2.060     0.167    -0.049     0.014    25.934     1.652    -0.120     0.185
     2.500     2.350     2.300     1.710         *         *    44.000    44.000    44.000    40.000         *         *     0.000     0.000     0.000    -6.973     2.000     8.000     0.000     3.000     6.000    13.000    16.000    19.000     2.563     0.155    -0.054     0.013    43.932     1.618    -0.217     0.161
     3.100     3.100     2.600     2.530     1.270     1.450    43.000    43.000    43.000    41.000    44.000    39.000     0.000     0.000     1.000    -7.570     3.000     2.000     0.000     3.000     6.000    13.000    16.000    19.000     2.920     0.150    -0.062     0.011    42.973     1.613    -0.103     0.124
     3.700         *     3.520     3.520         *     3.500    29.000    33.000    32.000    36.000    33.000    33.000     0.000     1.000     0.000    -4.978     0.000     4.000     0.000     3.000     6.000    13.000    16.000    19.000     3.739     0.171    -0.026     0.011    31.774     1.614     0.090     0.124
     3.600     3.450     3.550     3.250     3.200     3.160    35.000    30.000    40.000    35.000    35.000    39.000     0.000     1.000     0.000    -4.978     0.000     2.000     0.000     3.000     6.000    13.000    16.000    19.000     3.616     0.150    -0.031     0.011    34.671     1.613     0.089     0.124
         *     3.150     2.850     2.160     1.600         *         *    12.000    12.000    10.000     7.000         *     0.000     0.000     0.000    -3.816     0.000     3.000     0.000     3.000     6.000    13.000    16.000    19.000     2.886     0.175    -0.050     0.012    12.761     2.009    -0.155     0.158
         *     2.900     3.100     3.250     1.380     0.920    40.000    42.000    43.000    39.000    37.000    43.000     0.000     0.000     0.000    -6.917     1.000     3.000     0.000     3.000     6.000    13.000    16.000    19.000     3.073     0.174    -0.068     0.011    40.949     1.614    -0.051     0.125
     3.400     3.050     3.300     2.220     2.260         *    38.000    41.000    40.000    42.000    42.000    40.000     0.000     0.000     0.000    -6.917     1.000     2.000     0.000     3.000     6.000    13.000    16.000    19.000     3.240     0.151    -0.055     0.012    39.869     1.614     0.043     0.124
     2.800     2.200     2.330     1.620     1.090     0.770    30.000    33.000    36.000    41.000    32.000    33.000     0.000     1.000     0.000    -6.092     0.000    -2.000     0.000     3.000     6.000    13.000    16.000    19.000     2.459     0.150    -0.069     0.011    33.429     1.613     0.071     0.124
     2.100     1.500     1.400     1.140         *         *    24.000    32.000    32.000    25.000         *         *     0.000     1.000     0.000    -6.092     0.000    -3.000     0.000     3.000     6.000    13.000    16.000    19.000     1.876     0.155    -0.052     0.013    28.966     1.618    -0.098     0.161
     1.500     0.850     0.700     0.790     0.460         *    38.000    29.000    31.000    29.000    20.000         *     0.000     1.000     1.000    -6.716     0.000    -7.000     0.000     3.000     6.000    13.000    16.000    19.000     1.262     0.151    -0.046     0.012    32.981     1.616    -0.470     0.141
     1.800         *     1.650     0.990     0.950     1.110    35.000    36.000    35.000    37.000    38.000    35.000     0.000     1.000     0.000    -6.716     1.000    -2.000     0.000     3.000     6.000    13.000    16.000    19.000     1.925     0.167    -0.053     0.011    36.075     1.614    -0.015     0.124
         *     3.400     3.540         *         *         *    41.000    41.000    40.000         *         *         *     0.000     1.000     1.000    -7.611     1.000     2.000     0.000     3.000     6.000    13.000    16.000    19.000     3.479     0.200    -0.033     0.014    40.396     1.653    -0.080     0.185
     1.500     1.350     1.050     0.990         *         *    39.000    41.000    39.000    33.000         *         *     0.000     0.000     0.000    -8.361     0.000     8.000     0.000     3.000     6.000    13.000    16.000    19.000     1.659     0.155    -0.057     0.013    39.384     1.618    -0.294     0.161
     2.400     2.500     1.850         *         *         *    23.000    25.000    21.000         *         *         *     0.000     0.000     0.000    -8.138     1.000    -6.000     0.000     3.000     6.000    13.000    16.000    19.000     2.406     0.167    -0.043     0.014    23.886     1.652    -0.072     0.185
     2.000     2.300         *         *         *         *    22.000    25.000         *         *         *         *     0.000     0.000     1.000    -7.810     0.000    -3.000     0.000     3.000     6.000    13.000    16.000    19.000     2.249     0.196    -0.038     0.015    23.995     1.887    -0.029     0.189
     1.800     2.300     2.330     2.080         *         *    39.000    30.000    33.000    39.000         *         *     0.000     0.000     0.000    -7.325     1.000     2.000     0.000     3.000     6.000    13.000    16.000    19.000     2.402     0.155    -0.040     0.013    35.417     1.618    -0.048     0.161
     2.900     3.050     2.700     1.770     2.190     1.620    37.000    37.000    38.000    39.000    38.000    17.000     0.000     1.000     0.000    -8.939     0.000     0.000     0.000     3.000     6.000    13.000    16.000    19.000     2.852     0.150    -0.052     0.011    37.898     1.613    -0.379     0.124
     3.000         *     2.900     2.500     1.550         *    31.000    35.000    35.000    28.000    33.000         *     0.000     1.000     0.000    -8.908     0.000     2.000     0.000     3.000     6.000    13.000    16.000    19.000     2.935     0.169    -0.052     0.012    32.923     1.617    -0.064     0.141
     2.000     1.400     1.590     0.590     0.750         *    40.000    39.000    40.000    41.000    40.000    41.000     0.000     1.000     0.000    -7.710     2.000    18.000     0.000     3.000     6.000    13.000    16.000    19.000     1.907     0.151    -0.071     0.012    40.139     1.614     0.001     0.124
     2.600     2.500     2.550     2.460         *     1.960    26.000    31.000    32.000    33.000    34.000    25.000     0.000     1.000     0.000    -7.209     0.000    -9.000     0.000     3.000     6.000    13.000    16.000    19.000     2.694     0.153    -0.035     0.011    30.259     1.613    -0.008     0.124
     2.000     1.880     1.990     1.610         *         *    41.000    41.000    41.000    39.000         *         *     0.000     0.000     0.000    -6.906     0.000     2.000     0.000     3.000     6.000    13.000    16.000    19.000     2.206     0.155    -0.050     0.013    41.053     1.618    -0.181     0.161
     2.200     2.180     2.410     1.760     1.710     1.320         *    37.000    40.000    40.000    37.000    34.000     0.000     0.000     0.000    -6.906     0.000    -4.000     0.000     3.000     6.000    13.000    16.000    19.000     2.410     0.150    -0.049     0.011    38.931     2.003    -0.147     0.141
     3.000     2.610     2.890         *         *         *    41.000    40.000    40.000         *         *         *     0.000     1.000     0.000    -7.500     0.000    -2.000     0.000     3.000     6.000    13.000    16.000    19.000     2.934     0.167    -0.042     0.014    40.197     1.652    -0.122     0.185
     3.400     2.980     3.230     2.620     2.790     2.390    41.000    41.000    41.000    37.000    42.000    38.000     0.000     0.000     0.000    -7.563     0.000    -5.000     0.000     3.000     6.000    13.000    16.000    19.000     3.261     0.150    -0.041     0.011    40.689     1.613    -0.106     0.124
         *         *     2.870     2.630     2.560     2.600         *         *    42.000    44.000    42.000    42.000     0.000     1.000     0.000    -0.861     2.000    -4.000     0.000     3.000     6.000    13.000    16.000    19.000     3.090     0.201    -0.035     0.012    43.494     2.539    -0.105     0.162
         *         *     2.980     2.260     1.820     3.050         *         *    39.000    39.000    38.000    32.000     0.000     1.000     0.000    -0.828     3.000    -2.000     0.000     3.000     6.000    13.000    16.000    19.000     2.951     0.201    -0.034     0.012    40.725     2.539    -0.280     0.162
     4.400     4.550     4.490     4.040     4.290         *    43.000    44.000    43.000    42.000    44.000         *     0.000     0.000     0.000    -7.908     1.000    19.000     0.000     3.000     6.000    13.000    16.000    19.000     4.542     0.151    -0.032     0.012    42.990     1.616    -0.012     0.141
     3.700     3.900     4.010     3.510     3.250         *    44.000    44.000    43.000    41.000    43.000         *     0.000     0.000     0.000    -7.895     3.000    12.000     0.000     3.000     6.000    13.000    16.000    19.000     3.929     0.151    -0.038     0.012    43.669     1.616    -0.104     0.141
     1.700     1.390     1.680     1.040         *         *    38.000    41.000    37.000    40.000         *         *     1.000     1.000     1.000    -7.145     1.000    12.000     0.000     3.000     6.000    13.000    16.000    19.000     1.704     0.155    -0.034     0.013    38.819     1.618     0.001     0.161
     2.700     3.250     3.440     3.150     2.910     2.790    32.000    36.000    36.000    40.000    32.000    38.000     0.000     0.000     0.000    -6.911     1.000     6.000     0.000     3.000     6.000    13.000    16.000    19.000     3.316     0.150    -0.029     0.011    35.141     1.613     0.047     0.124
         *     3.530     3.200     1.960         *         *    27.000    27.000    27.000    26.000         *         *     0.000     1.000     0.000    -7.683     0.000     6.000     0.000     3.000     6.000    13.000    16.000    19.000     3.232     0.181    -0.052     0.013    27.009     1.619     0.014     0.161
     3.300     3.120     3.230     2.780     2.230     2.130    40.000    41.000    40.000    39.000    38.000    41.000     0.000     1.000     0.000    -8.208     1.000    -4.000     0.000     3.000     6.000    13.000    16.000    19.000     3.221     0.150    -0.048     0.011    40.052     1.613    -0.042     0.124
     3.400         *     2.740         *         *         *    40.000    36.000    40.000         *         *         *     0.000     1.000     0.000    -7.419     1.000     0.000     0.000     3.000     6.000    13.000    16.000    19.000     3.129     0.197    -0.044     0.014    38.652     1.653    -0.072     0.185
     2.900     2.750         *         *         *         *    37.000    33.000         *         *         *         *     0.000     1.000     0.000    -9.153     0.000    -1.000     0.000     3.000     6.000    13.000    16.000    19.000     2.872     0.196    -0.042     0.015    34.949     1.887    -0.084     0.189
         *     2.350     2.500         *     1.060     1.770    40.000    43.000    41.000         *    39.000    33.000     0.000     1.000     0.000    -9.156     0.000     3.000     0.000     3.000     6.000    13.000    16.000    19.000     2.535     0.180    -0.054     0.011    41.016     1.638    -0.233     0.126
     1.200     1.100         *         *         *         *    17.000    21.000         *         *         *         *     0.000     1.000     0.000    -8.202     0.000    -2.000     0.000     3.000     6.000    13.000    16.000    19.000     1.432     0.196    -0.048     0.015    20.189     1.887     0.007     0.189
     3.100     3.300     3.490     2.890     2.630     2.510    26.000    28.000    33.000    27.000    29.000    29.000     0.000     1.000     0.000   -10.234     0.000    11.000     0.000     3.000     6.000    13.000    16.000    19.000     3.366     0.150    -0.041     0.011    28.452     1.613     0.043     0.124
     3.000     3.100     3.310     2.830     2.440     2.420    32.000    33.000    31.000    30.000    27.000    22.000     0.000     1.000     0.000   -10.126     0.000    10.000     0.000     3.000     6.000    13.000    16.000    19.000     3.210     0.150    -0.039     0.011    32.014     1.613    -0.282     0.124
     3.100     2.900     2.700     2.680     1.800     2.080    37.000    40.000    38.000    41.000    42.000    39.000     0.000     1.000     0.000   -11.108     0.000     4.000     0.000     3.000     6.000    13.000    16.000    19.000     3.032     0.150    -0.051     0.011    38.430     1.613     0.092     0.124
     3.400     3.800     3.780     3.080     2.410         *    37.000    36.000    35.000    39.000    40.000    39.000     0.000     1.000     0.000   -10.317     0.000     2.000     0.000     3.000     6.000    13.000    16.000    19.000     3.607     0.151    -0.047     0.012    36.185     1.614     0.141     0.124
         *     1.750     2.280         *         *         *    31.000    28.000    32.000         *         *         *     1.000     1.000     0.000   -10.169     0.000     4.000     0.000     3.000     6.000    13.000    16.000    19.000     2.182     0.200    -0.024     0.014    30.450     1.653     0.059     0.185
     2.600         *     2.300     1.540     1.730         *    30.000    31.000    35.000    34.000    36.000         *     0.000     1.000     0.000   -11.281     2.000     2.000     0.000     3.000     6.000    13.000    16.000    19.000     2.542     0.169    -0.053     0.012    32.329     1.617     0.140     0.141
     4.000     4.000     3.990         *         *         *    41.000    39.000    38.000         *         *         *     0.000     1.000     0.000   -10.214     2.000    18.000     0.000     3.000     6.000    13.000    16.000    19.000     4.058     0.167    -0.039     0.014    39.417     1.652    -0.012     0.185
     3.200     3.350     2.760         *         *         *    43.000    44.000    41.000         *         *         *     0.000     1.000     0.000   -10.214     3.000    15.000     0.000     3.000     6.000    13.000    16.000    19.000     3.270     0.167    -0.047     0.014    42.865     1.652    -0.070     0.185
     2.700         *         *         *         *         *    33.000         *         *         *         *         *     0.000     1.000     0.000   -11.850     0.000     4.000     0.000     3.000     6.000    13.000    16.000    19.000     2.792     0.260    -0.044     0.015    33.129     2.503    -0.002     0.189
         *         *         *         *         *         *    32.000         *         *         *         *         *     0.000     1.000     0.000   -11.850     0.000     1.000     0.000     3.000     6.000    13.000    16.000    19.000     2.950     0.516    -0.042     0.015    32.223     2.503     0.011     0.192
     3.900     3.500     3.420     3.250     3.380     3.240    42.000    42.000    42.000    43.000    43.000    42.000     0.000     0.000     0.000   -10.578     2.000    12.000     0.000     3.000     6.000    13.000    16.000    19.000     3.779     0.150    -0.036     0.011    42.173     1.613     0.001     0.124
     3.100     3.000     2.750     2.900     2.780     2.420    42.000    41.000    44.000    44.000    42.000    42.000     0.000     1.000     0.000   -10.526     2.000    19.000     0.000     3.000     6.000    13.000    16.000    19.000     3.242     0.150    -0.041     0.011    42.447     1.613    -0.004     0.124
     3.600     3.500     3.100     3.440     3.390     2.420    42.000    41.000    42.000    41.000    44.000    42.000     0.000     1.000     1.000   -13.750     1.000     8.000     0.000     3.000     6.000    13.000    16.000    19.000     3.559     0.150    -0.036     0.011    41.222     1.613     0.056     0.124
         *     2.350     2.650     1.870     1.920         *    40.000    36.000    38.000    35.000    35.000         *     0.000     1.000     1.000   -13.578     1.000    12.000     0.000     3.000     6.000    13.000    16.000    19.000     2.686     0.175    -0.047     0.012    37.627     1.618    -0.115     0.141
     2.800     2.500     2.540     2.260     2.210     2.110    41.000    43.000    41.000    39.000    36.000    39.000     0.000     0.000     0.000   -11.089     3.000     0.000     0.000     3.000     6.000    13.000    16.000    19.000     2.803     0.150    -0.040     0.011    41.735     1.613    -0.203     0.124
     3.100     3.000     2.800         *         *         *    39.000    36.000    39.000         *         *         *     0.000     1.000     0.000   -13.100     1.000     2.000     0.000     3.000     6.000    13.000    16.000    19.000     3.094     0.167    -0.042     0.014    37.935     1.652    -0.013     0.185
     3.900     3.900         *     3.540     2.970     2.840    39.000    41.000    37.000    37.000    39.000    39.000     0.000     0.000     0.000   -13.384     0.000    10.000     0.000     3.000     6.000    13.000    16.000    19.000     3.864     0.162    -0.046     0.011    38.539     1.613    -0.002     0.124
     3.300     2.850     2.910     2.630     2.760     2.750    32.000    35.000    28.000    38.000    28.000    37.000     0.000     1.000     0.000   -11.892     0.000    -2.000     0.000     3.000     6.000    13.000    16.000    19.000     3.162     0.150    -0.032     0.011    32.305     1.613     0.072     0.124
     3.200     2.800     3.170     2.240         *         *    40.000    35.000    35.000    26.000         *         *     0.000     0.000     0.000   -11.892     0.000     0.000     0.000     3.000     6.000    13.000    16.000    19.000     3.074     0.155    -0.043     0.013    35.914     1.618    -0.348     0.161
     3.400         *     2.890         *         *         *    43.000    43.000    42.000         *         *         *     0.000     1.000     0.000   -11.624     1.000     6.000     0.000     3.000     6.000    13.000    16.000    19.000     3.269     0.197    -0.045     0.014    42.448     1.653    -0.053     0.185
     2.200     2.200     1.900     1.860     1.760         *    43.000    42.000    42.000    42.000    44.000         *     0.000     1.000     0.000   -14.545     2.000    13.000     0.000     3.000     6.000    13.000    16.000    19.000     2.438     0.151    -0.049     0.012    42.551     1.616    -0.006     0.141
     2.400         *         *         *         *         *    42.000         *         *         *         *         *     0.000     0.000     0.000   -12.689     1.000    -3.000     0.000     3.000     6.000    13.000    16.000    19.000     2.555     0.260    -0.045     0.015    40.920     2.503    -0.147     0.189
     2.900         *         *         *         *         *    37.000         *         *         *         *         *     0.000     1.000     1.000   -13.725     0.000     4.000     0.000     3.000     6.000    13.000    16.000    19.000     2.897     0.260    -0.039     0.015    36.109     2.503    -0.006     0.189
     3.000         *         *         *         *         *    40.000         *         *         *         *         *     0.000     1.000     0.000   -13.725     0.000     2.000     0.000     3.000     6.000    13.000    16.000    19.000     3.021     0.260    -0.043     0.015    39.029     2.503    -0.035     0.189
     3.100     3.120     3.120         *         *         *    36.000    31.000    29.000         *         *         *     1.000     0.000     1.000   -13.124     0.000     8.000     0.000     3.000     6.000    13.000    16.000    19.000     3.099     0.167    -0.014     0.014    32.061     1.652     0.004     0.185
     3.600     3.400     3.630         *         *         *    36.000    37.000    39.000         *         *         *     0.000     0.000     0.000   -12.884     0.000    10.000     0.000     3.000     6.000    13.000    16.000    19.000     3.647     0.167    -0.041     0.014    36.951     1.652     0.043     0.185
     4.000     3.600     3.700     3.440     3.500     3.110    30.000    33.000    30.000    37.000    43.000    38.000     0.000     0.000     1.000   -15.213     0.000    13.000     0.000     3.000     6.000    13.000    16.000    19.000     3.882     0.150    -0.036     0.011    31.400     1.613     0.385     0.124
     3.900     3.500     3.650     3.540     2.500     3.020    44.000    43.000    42.000    40.000    42.000    42.000     0.000     0.000     0.000   -15.210     1.000    10.000     0.000     3.000     6.000    13.000    16.000    19.000     3.773     0.150    -0.046     0.011    42.468     1.613    -0.050     0.124
     3.100     3.000     3.100     2.780     1.740     2.360    41.000    40.000    40.000    37.000    37.000    38.000     0.000     1.000     0.000   -16.081     1.000     9.000     0.000     3.000     6.000    13.000    16.000    19.000     3.160     0.150    -0.049     0.011    39.766     1.613    -0.100     0.124
     3.100     3.220     3.200         *         *         *    32.000    32.000    29.000         *         *         *     0.000     1.000     0.000   -15.059     0.000     0.000     0.000     3.000     6.000    13.000    16.000    19.000     3.256     0.167    -0.035     0.014    31.146     1.652     0.016     0.185
     2.800     3.000     3.040     3.410     3.360         *    33.000         *    30.000    34.000    28.000         *     0.000     1.000     1.000   -15.059     0.000    -7.000     0.000     3.000     6.000    13.000    16.000    19.000     3.155     0.151    -0.009     0.012    31.786     1.856    -0.072     0.147
     3.000     3.150         *     3.090     2.900     2.750    31.000    36.000         *    35.000    37.000    35.000     0.000     0.000     0.000   -16.732     0.000     1.000     0.000     3.000     6.000    13.000    16.000    19.000     3.298     0.162    -0.031     0.011    33.723     1.758     0.099     0.126
     2.800     2.900     2.500     2.650     1.760     1.200    31.000    29.000    32.000    33.000    35.000    28.000     0.000     1.000     1.000   -16.721     1.000     1.000     0.000     3.000     6.000    13.000    16.000    19.000     2.802     0.150    -0.053     0.011    30.824     1.613     0.068     0.124
     3.000     3.250     2.800     2.520     2.210     2.550    39.000    39.000    36.000    38.000    41.000    38.000     0.000     1.000     0.000   -17.606     1.000     2.000     0.000     3.000     6.000    13.000    16.000    19.000     3.131     0.150    -0.042     0.011    38.096     1.613     0.039     0.124
     2.800     2.550     2.450     1.990     2.550     1.710    41.000    40.000    39.000    35.000    40.000    37.000     0.000     1.000     0.000   -17.381     1.000     3.000     0.000     3.000     6.000    13.000    16.000    19.000     2.790     0.150    -0.044     0.011    39.596     1.613    -0.102     0.124
     3.600     3.650     3.570     3.280     3.150     2.340    33.000    35.000    36.000    31.000    31.000    35.000     0.000     1.000     0.000   -15.594     1.000    13.000     0.000     3.000     6.000    13.000    16.000    19.000     3.683     0.150    -0.045     0.011    33.775     1.613    -0.010     0.124
     4.600     4.120     4.490     4.490     3.400     3.900    39.000    38.000    40.000    42.000    38.000    37.000     0.000     1.000     0.000   -15.538     0.000     7.000     0.000     3.000     6.000    13.000    16.000    19.000     4.412     0.150    -0.032     0.011    38.629     1.613     0.026     0.124
     3.200     3.500     3.620     3.440         *     3.100    23.000    28.000    32.000    34.000    31.000    29.000     0.000     1.000     0.000   -15.242     0.000    15.000     0.000     3.000     6.000    13.000    16.000    19.000     3.625     0.153    -0.030     0.011    27.769     1.613     0.204     0.124
     3.100     2.850     2.570         *         *         *    27.000    23.000    27.000         *         *         *     0.000     0.000     0.000   -15.605     0.000    10.000     0.000     3.000     6.000    13.000    16.000    19.000     3.030     0.167    -0.046     0.014    25.938     1.652     0.089     0.185
     3.700     3.680     3.250         *         *         *    28.000    36.000    27.000         *         *         *     0.000     0.000     0.000   -15.603     0.000    11.000     0.000     3.000     6.000    13.000    16.000    19.000     3.657     0.167    -0.042     0.014    30.349     1.652     0.078     0.185
     3.300     3.250     3.330     2.570     2.240     2.430    40.000    41.000    40.000    37.000    40.000    40.000     0.000     1.000     0.000   -18.250     0.000    12.000     0.000     3.000     6.000    13.000    16.000    19.000     3.354     0.150    -0.052     0.011    39.465     1.613     0.011     0.124
         *         *     2.980     2.310     2.070     1.950         *         *    34.000    39.000    40.000    35.000     0.000     1.000     0.000   -11.721     2.000    -2.000     0.000     3.000     6.000    13.000    16.000    19.000     2.972     0.201    -0.048     0.012    36.508     2.539     0.041     0.162
         *         *     3.170     2.910     2.780     2.760         *         *    32.000    33.000    35.000    40.000     0.000     1.000     1.000   -11.721     0.000    -3.000     0.000     3.000     6.000    13.000    16.000    19.000     3.267     0.201    -0.031     0.012    31.976     2.539     0.209     0.162
         *         *         *     2.020     1.760         *         *         *         *    33.000    35.000         *     0.000     0.000     1.000    -4.306     0.000     6.000     0.000     3.000     6.000    13.000    16.000    19.000     2.584     0.244    -0.046     0.013    34.174     3.316    -0.050     0.196
         *         *         *     3.230     2.060     2.510         *         *         *    39.000    37.000    41.000     0.000     1.000     0.000    -3.381     1.000     6.000     0.000     3.000     6.000    13.000    16.000    19.000     3.255     0.234    -0.044     0.012    39.010     3.309    -0.021     0.188
         *         *         *         *     1.920     2.720         *         *         *    41.000    41.000    42.000     0.000     1.000     0.000    -3.475     1.000     6.000     0.000     3.000     6.000    13.000    16.000    19.000     3.041     0.259    -0.042     0.012    41.571     3.312    -0.046     0.188
         *     3.200     3.330     3.100     2.990     2.450         *    31.000    36.000    36.000    36.000    37.000     0.000     0.000     0.000   -13.600     1.000     0.000     0.000     3.000     6.000    13.000    16.000    19.000     3.447     0.174    -0.039     0.011    33.719     2.003     0.130     0.142
         *     2.950         *     1.630         *         *         *    34.000    36.000    40.000         *         *     0.000     0.000     0.000   -13.600     1.000     6.000     0.000     3.000     6.000    13.000    16.000    19.000     2.845     0.210    -0.059     0.013    35.705     2.014     0.124     0.175
         *     3.200         *         *         *         *         *    37.000         *         *         *         *     0.000     0.000     0.000   -14.078     1.000     1.000     0.000     3.000     6.000    13.000    16.000    19.000     3.293     0.259    -0.041     0.015    36.808     2.614    -0.023     0.194
         *     3.250         *     2.140         *         *         *         *    36.000    42.000         *         *     0.000     1.000     0.000   -14.150     1.000     0.000     0.000     3.000     6.000    13.000    16.000    19.000     3.077     0.210    -0.050     0.013    37.874     2.570     0.109     0.188
         *     2.750         *         *         *         *         *    34.000         *         *         *         *     0.000     0.000     0.000   -15.374     0.000     8.000     0.000     3.000     6.000    13.000    16.000    19.000     3.031     0.259    -0.046     0.015    33.950     2.614     0.017     0.194
         *     2.700     2.650     2.360     2.360     2.000         *    34.000    27.000    29.000    36.000    34.000     0.000     1.000     1.000   -16.471     0.000    10.000     0.000     3.000     6.000    13.000    16.000    19.000     2.912     0.174    -0.042     0.011    30.356     2.003     0.150     0.142
         *         *         *     2.570     2.220     1.950         *         *         *    33.000    40.000    36.000     0.000     1.000     0.000    -6.400     1.000    -5.000     0.000     3.000     6.000    13.000    16.000    19.000     2.878     0.234    -0.041     0.012    36.555     3.309    -0.026     0.188
         *         *         *     2.910     2.370     2.480         *         *         *    30.000    32.000    35.000     0.000     1.000     0.000    -6.406     0.000     2.000     0.000     3.000     6.000    13.000    16.000    19.000     3.169     0.234    -0.039     0.012    31.799     3.309     0.033     0.188
         *         *         *     3.020     3.170     2.880         *         *         *    38.000    37.000    38.000     0.000     0.000     0.000    -4.598     0.000    11.000     0.000     3.000     6.000    13.000    16.000    19.000     3.613     0.234    -0.040     0.012    37.626     3.309    -0.023     0.188
         *         *         *     3.420     2.590     2.140         *         *         *    42.000    40.000    41.000     0.000     0.000     0.000    -4.542     0.000     2.000     0.000     3.000     6.000    13.000    16.000    19.000     3.394     0.234    -0.046     0.012    40.709     3.309    -0.025     0.188
         *         *         *     3.900     1.930     3.600         *         *         *    41.000    41.000    40.000     0.000     1.000     0.000    -4.589     1.000    13.000     0.000     3.000     6.000    13.000    16.000    19.000     3.704     0.234    -0.039     0.012    40.726     3.309    -0.026     0.188
         *     4.000         *     3.070     3.640     3.500         *    41.000         *    41.000    40.000    41.000     0.000     1.000     0.000   -14.570     1.000    15.000     0.000     3.000     6.000    13.000    16.000    19.000     3.986     0.193    -0.036     0.012    40.171     2.305     0.036     0.149
         *     3.900     4.150     2.930     3.710     3.330         *    22.000    19.000    23.000    23.000    23.000     0.000     1.000     0.000   -16.377     0.000     6.000     0.000     3.000     6.000    13.000    16.000    19.000     3.923     0.174    -0.032     0.011    20.979     2.003     0.138     0.142
         *         *     3.100     2.520     2.930     2.810         *    30.000    33.000    30.000    27.000    35.000     0.000     1.000     0.000   -15.978     0.000    -5.000     0.000     3.000     6.000    13.000    16.000    19.000     3.228     0.201    -0.031     0.012    30.683     2.006     0.037     0.142
         *     3.400     2.220         *         *         *         *    39.000    38.000         *         *         *     0.000     1.000     0.000   -14.936     1.000     4.000     0.000     3.000     6.000    13.000    16.000    19.000     3.050     0.200    -0.047     0.014    38.325     2.078     0.010     0.193
         *     3.000     1.750     1.770     1.990     2.840         *    40.000    40.000    38.000    38.000    38.000     0.000     1.000     0.000   -14.936     0.000     4.000     0.000     3.000     6.000    13.000    16.000    19.000     2.726     0.174    -0.037     0.011    39.523     2.003    -0.080     0.142
     2.400     2.650     2.200     2.280     2.600     2.340    42.000    42.000    40.000    42.000    42.000    36.000     0.000     1.000     0.000   -21.172     0.000     2.000     0.000     3.000     6.000    13.000    16.000    19.000     2.738     0.150    -0.030     0.011    41.413     1.613    -0.097     0.124
     2.700     2.600     2.700     2.740     2.240     2.440    36.000    39.000    39.000    39.000    37.000    38.000     0.000     1.000     0.000   -21.153     0.000    -2.000     0.000     3.000     6.000    13.000    16.000    19.000     2.906     0.150    -0.033     0.011    37.607     1.613     0.031     0.124
         *         *     3.580     2.760     2.310     1.930         *         *    28.000    24.000    30.000    35.000     0.000     1.000     0.000   -13.511     0.000     2.000     0.000     3.000     6.000    13.000    16.000    19.000     3.324     0.201    -0.052     0.012    26.757     2.539     0.207     0.162
         *         *     3.520     3.490     3.470     3.320         *         *    23.000    29.000    32.000    29.000     0.000     0.000     0.000   -13.511     0.000     0.000     0.000     3.000     6.000    13.000    16.000    19.000     3.771     0.201    -0.027     0.012    25.956     2.539     0.187     0.162
         *         *         *     2.640     1.160     2.440         *         *         *    15.000    21.000    24.000     0.000     0.000     1.000    -5.653     0.000    -5.000     0.000     3.000     6.000    13.000    16.000    19.000     2.578     0.234    -0.033     0.012    20.430     3.309     0.003     0.188
         *         *         *     4.180     3.500     3.300         *         *         *    42.000    37.000    39.000     0.000     0.000     0.000    -5.650     0.000     3.000     0.000     3.000     6.000    13.000    16.000    19.000     4.048     0.234    -0.032     0.012    39.309     3.309    -0.034     0.188
         *     4.100     3.900     3.880     3.590     3.360         *    38.000    40.000    40.000    35.000    36.000     0.000     1.000     0.000   -15.495     0.000    17.000     0.000     3.000     6.000    13.000    16.000    19.000     4.149     0.174    -0.037     0.011    38.124     2.003    -0.033     0.142
         *     4.050     4.530     2.680     3.800     3.850         *    38.000    37.000    40.000    39.000    44.000     0.000     1.000     0.000   -15.495     0.000    21.000     0.000     3.000     6.000    13.000    16.000    19.000     4.223     0.174    -0.041     0.011    36.860     2.003     0.232     0.142
         *     2.500     2.050     1.320     1.970     2.030         *    29.000    41.000    31.000    37.000    30.000     0.000     1.000     0.000   -17.758     1.000     1.000     0.000     3.000     6.000    13.000    16.000    19.000     2.514     0.174    -0.043     0.011    34.290     2.003    -0.048     0.142
     3.800     3.800     3.700     2.970     2.600     2.780    37.000    37.000    30.000    36.000    43.000    38.000     0.000     1.000     0.000   -21.450     0.000     5.000     0.000     3.000     6.000    13.000    16.000    19.000     3.735     0.150    -0.050     0.011    34.763     1.613     0.219     0.124
     2.900     2.850     2.400     2.440     1.560     2.290    35.000    37.000    38.000    33.000    39.000    37.000     0.000     1.000     0.000   -21.450     2.000     0.000     0.000     3.000     6.000    13.000    16.000    19.000     2.869     0.150    -0.046     0.011    36.143     1.613     0.053     0.124
         *         *         *         *     1.210         *         *         *         *    35.000    37.000         *     0.000     1.000     0.000    -8.367     0.000     0.000     0.000     3.000     6.000    13.000    16.000    19.000     2.252     0.288    -0.055     0.013    36.181     3.318    -0.037     0.196
     3.800     3.900         *     3.330     3.360     2.860    40.000    35.000         *    36.000    37.000    38.000     0.000     1.000     0.000   -21.525     0.000    10.000     0.000     3.000     6.000    13.000    16.000    19.000     3.850     0.162    -0.041     0.011    36.722     1.758     0.048     0.126
     3.500     3.100         *     2.690     2.220     2.620    38.000    33.000         *    33.000    36.000    30.000     0.000     0.000     0.000   -21.522     3.000     4.000     0.000     3.000     6.000    13.000    16.000    19.000     3.298     0.162    -0.045     0.011    35.492     1.758    -0.112     0.126
         *         *         *     2.190         *         *         *         *         *     8.000         *         *     0.000     0.000     0.000    -6.025     0.000    -7.000     0.000     3.000     6.000    13.000    16.000    19.000     2.569     0.279    -0.033     0.013    13.863     3.519    -0.170     0.199
         *     2.800     2.800     2.080     1.110     1.870         *    28.000    35.000    35.000    39.000    40.000     0.000     1.000     0.000   -18.745     0.000     7.000     0.000     3.000     6.000    13.000    16.000    19.000     2.887     0.174    -0.063     0.011    31.235     2.003     0.372     0.142
         *     2.750     2.810     2.410     2.570     2.370         *    33.000    38.000    39.000    41.000    39.000     0.000     1.000     1.000   -18.691     2.000     5.000     0.000     3.000     6.000    13.000    16.000    19.000     3.016     0.174    -0.037     0.011    35.712     2.003     0.201     0.142
         *     3.450     3.170     3.500     2.190     2.710         *    41.000    38.000    44.000    38.000    40.000     0.000     0.000     0.000   -19.009     2.000     6.000     0.000     3.000     6.000    13.000    16.000    19.000     3.528     0.174    -0.046     0.011    39.923     2.003     0.023     0.142
         *     3.350     3.360     3.040     2.180     2.600         *    31.000    33.000    37.000    34.000    37.000     0.000     1.000     0.000   -18.854     0.000     3.000     0.000     3.000     6.000    13.000    16.000    19.000     3.429     0.174    -0.047     0.011    31.969     2.003     0.220     0.142
         *     3.060     3.090     2.650     2.520     2.350         *    27.000    29.000    34.000    38.000    37.000     0.000     0.000     0.000   -18.138     1.000     6.000     0.000     3.000     6.000    13.000    16.000    19.000     3.293     0.174    -0.047     0.011    29.008     2.003     0.367     0.142
         *     3.300         *         *         *         *         *    33.000         *         *         *         *     0.000     1.000     0.000   -17.327     3.000     8.000     0.000     3.000     6.000    13.000    16.000    19.000     3.445     0.259    -0.039     0.015    34.339     2.614     0.094     0.194
         *     2.100     2.570     2.300     1.900     1.630         *    27.000    38.000    31.000    34.000    33.000     0.000     0.000     0.000   -17.250     0.000    -4.000     0.000     3.000     6.000    13.000    16.000    19.000     2.640     0.174    -0.044     0.011    31.900     2.003     0.063     0.142
         *     4.100     3.750     3.940     4.040     2.970         *    35.000    31.000    34.000    40.000    37.000     0.000     1.000     0.000   -18.731     1.000     7.000     0.000     3.000     6.000    13.000    16.000    19.000     4.107     0.174    -0.034     0.011    33.029     2.003     0.220     0.142
         *     3.780     4.290     3.980     3.140     3.650         *    32.000    33.000    37.000    38.000    38.000     0.000     1.000     0.000   -18.734     1.000     8.000     0.000     3.000     6.000    13.000    16.000    19.000     4.113     0.174    -0.033     0.011    32.693     2.003     0.267     0.142
         *     3.550     3.540     2.360         *     3.100         *    42.000    42.000    41.000         *    43.000     0.000     0.000     0.000   -19.008     3.000     2.000     0.000     3.000     6.000    13.000    16.000    19.000     3.558     0.177    -0.041     0.012    41.733     2.010     0.025     0.147
         *     3.500     3.310     3.280     3.020     2.730         *    28.000    33.000    30.000    32.000    29.000     0.000     0.000     0.000   -19.083     1.000     8.000     0.000     3.000     6.000    13.000    16.000    19.000     3.610     0.174    -0.039     0.011    30.239     2.003     0.040     0.142
         *     3.200     3.400     2.670     3.390     3.090         *    36.000    39.000    38.000    40.000    33.000     0.000     0.000     0.000   -20.108     1.000    12.000     0.000     3.000     6.000    13.000    16.000    19.000     3.561     0.174    -0.034     0.011    37.455     2.003    -0.020     0.142
         *     2.800     2.980     2.520         *     2.220         *    38.000    38.000    39.000         *    42.000     0.000     1.000     0.000   -19.863     2.000     7.000     0.000     3.000     6.000    13.000    16.000    19.000     3.138     0.177    -0.046     0.012    37.897     2.010     0.142     0.147
         *     3.700     3.820     3.670     3.300     3.190         *    39.000    39.000    37.000    41.000    38.000     0.000     1.000     0.000   -19.922     1.000    13.000     0.000     3.000     6.000    13.000    16.000    19.000     3.944     0.174    -0.037     0.011    38.132     2.003     0.062     0.142
         *         *     3.520     2.850     3.440     3.320         *         *    40.000    39.000    38.000    41.000     0.000     0.000     0.000   -17.365     1.000     5.000     0.000     3.000     6.000    13.000    16.000    19.000     3.719     0.201    -0.033     0.012    38.931     2.539     0.031     0.162
         *         *         *     3.150     3.490     3.010         *         *         *    40.000    38.000    41.000     0.000     1.000     0.000   -10.376     1.000     3.000     0.000     3.000     6.000    13.000    16.000    19.000     3.670     0.234    -0.032     0.012    38.978     3.309     0.027     0.188
     3.000     2.950     2.800     2.730     2.900     2.940    39.000    36.000    36.000    38.000    40.000    36.000     0.000     1.000     0.000   -24.467     0.000     4.000     0.000     3.000     6.000    13.000    16.000    19.000     3.179     0.150    -0.028     0.011    37.023     1.613     0.047     0.124
     2.900     2.900     2.700     2.390     2.370     2.120    32.000    37.000    37.000    33.000    37.000    37.000     0.000     0.000     1.000   -24.239     3.000     1.000     0.000     3.000     6.000    13.000    16.000    19.000     2.967     0.150    -0.040     0.011    34.754     1.613     0.096     0.124
         *     3.500     3.810     3.540     3.330     2.900         *    36.000    40.000    33.000    41.000    39.000     0.000     1.000     0.000   -20.433     3.000    -5.000     0.000     3.000     6.000    13.000    16.000    19.000     3.739     0.174    -0.031     0.011    37.089     2.003     0.078     0.142
         *     3.600     3.710     3.960     3.750     3.570         *    35.000    36.000    37.000    39.000    39.000     0.000     1.000     0.000   -20.377     3.000    -5.000     0.000     3.000     6.000    13.000    16.000    19.000     3.889     0.174    -0.018     0.011    35.812     2.003     0.138     0.142
         *         *     3.060     2.470     1.320     1.470         *    36.000    40.000    40.000    38.000    38.000     0.000     1.000     0.000   -20.299     0.000     6.000     0.000     3.000     6.000    13.000    16.000    19.000     2.976     0.201    -0.064     0.012    37.217     2.006     0.100     0.142
         *     2.550     2.780     2.120     2.570     2.340         *    36.000    36.000    38.000    38.000    38.000     0.000     1.000     1.000   -20.286     1.000     0.000     0.000     3.000     6.000    13.000    16.000    19.000     2.869     0.174    -0.034     0.011    35.890     2.003     0.108     0.142
         *         *     3.860     3.250     3.310     3.350         *         *    38.000    36.000    40.000    35.000     0.000     0.000     0.000   -19.303     1.000    10.000     0.000     3.000     6.000    13.000    16.000    19.000     3.933     0.201    -0.038     0.012    36.989     2.539     0.022     0.162
         *         *     3.310     3.460         *     3.140         *         *    37.000    37.000         *    40.000     0.000     0.000     0.000   -19.303     0.000    10.000     0.000     3.000     6.000    13.000    16.000    19.000     3.772     0.208    -0.037     0.012    36.124     2.564     0.136     0.165
         *         *         *     2.060     2.770     3.670         *         *         *    38.000    35.000    40.000     0.000     1.000     0.000   -11.224     3.000    10.000     0.000     3.000     6.000    13.000    16.000    19.000     3.331     0.234    -0.030     0.012    38.738     3.309    -0.054     0.188
         *         *         *     4.180     2.690     3.830         *         *         *    43.000    40.000    41.000     0.000     1.000     0.000   -11.055     3.000    12.000     0.000     3.000     6.000    13.000    16.000    19.000     4.033     0.234    -0.033     0.012    41.924     3.309    -0.036     0.188
     4.600         *         *         *         *         *    39.000         *         *         *         *         *     0.000     1.000     0.000   -27.605     0.000    13.000     0.000     3.000     6.000    13.000    16.000    19.000     4.458     0.260    -0.038     0.015    38.643     2.503     0.251     0.189
         *         *         *     3.140     2.620     2.620         *         *         *    30.000    27.000    34.000     0.000     1.000     0.000   -11.892     0.000     4.000     0.000     3.000     6.000    13.000    16.000    19.000     3.364     0.234    -0.038     0.012    29.543     3.309     0.065     0.188
         *         *         *     2.240     2.890     3.080         *         *         *    24.000    32.000    27.000     0.000     0.000     0.000   -11.854     2.000    10.000     0.000     3.000     6.000    13.000    16.000    19.000     3.303     0.234    -0.034     0.012    29.276     3.309    -0.060     0.188
         *         *         *     2.390     2.650     2.470         *         *         *    23.000    33.000    27.000     0.000     1.000     0.000   -14.597     0.000     0.000     0.000     3.000     6.000    13.000    16.000    19.000     3.069     0.234    -0.036     0.012    27.318     3.309     0.048     0.188
         *         *         *     2.260         *     1.930         *         *         *    39.000         *    41.000     0.000     1.000     0.000   -13.633     3.000     8.000     0.000     3.000     6.000    13.000    16.000    19.000     2.961     0.250    -0.050     0.012    40.327     3.438    -0.008     0.188
         *         *     3.670     3.330     2.790         *         *         *    35.000    38.000    38.000         *     0.000     1.000     0.000   -19.333     0.000    16.000     0.000     3.000     6.000    13.000    16.000    19.000     3.805     0.205    -0.047     0.013    34.759     2.542     0.197     0.176
         *         *     3.390     3.100     3.310     2.290         *         *    34.000    29.000    31.000    28.000     0.000     1.000     0.000   -19.275     1.000     8.000     0.000     3.000     6.000    13.000    16.000    19.000     3.553     0.201    -0.040     0.012    31.955     2.539    -0.077     0.162
         *         *         *     1.920     2.340     2.370         *         *         *    41.000    35.000    36.000     0.000     1.000     0.000   -12.616     0.000    -4.000     0.000     3.000     6.000    13.000    16.000    19.000     2.820     0.234    -0.038     0.012    38.150     3.309    -0.072     0.188
         *         *         *     2.170     3.020         *         *         *         *    33.000    32.000    38.000     0.000     1.000     0.000   -12.560     0.000    -2.000     0.000     3.000     6.000    13.000    16.000    19.000     3.101     0.243    -0.035     0.013    33.107     3.309     0.073     0.188
         *         *         *     2.520     2.050     2.000         *         *         *    32.000    29.000    33.000     0.000     1.000     0.000   -14.828     1.000    10.000     0.000     3.000     6.000    13.000    16.000    19.000     3.008     0.234    -0.049     0.012    31.522     3.309     0.016     0.188
         *         *         *     3.620     3.660     2.930         *         *         *    44.000    44.000    41.000     0.000     1.000     0.000   -15.194     2.000     8.000     0.000     3.000     6.000    13.000    16.000    19.000     3.935     0.234    -0.037     0.012    42.512     3.309     0.019     0.188
         *         *         *     3.380     2.440     3.290         *         *         *    37.000    40.000    39.000     0.000     1.000     0.000   -15.299     1.000    10.000     0.000     3.000     6.000    13.000    16.000    19.000     3.639     0.234    -0.039     0.012    37.286     3.309     0.085     0.188
         *         *         *     2.850     1.650     1.340         *         *         *    44.000    42.000    39.000     0.000     0.000     0.000   -13.798     3.000    13.000     0.000     3.000     6.000    13.000    16.000    19.000     3.012     0.234    -0.063     0.012    43.119     3.309    -0.091     0.188
         *         *         *     3.460         *         *         *         *         *    40.000         *         *     0.000     1.000     0.000   -14.888     2.000    10.000     0.000     3.000     6.000    13.000    16.000    19.000     3.827     0.279    -0.037     0.013    39.482     3.519     0.044     0.199
         *         *         *     3.790     3.760     4.130         *         *         *    32.000    34.000    33.000     0.000     1.000     0.000   -15.466     2.000    17.000     0.000     3.000     6.000    13.000    16.000    19.000     4.258     0.234    -0.026     0.012    32.917     3.309     0.039     0.188
         *         *         *     2.190     1.610         *         *         *         *    27.000    31.000    28.000     0.000     1.000     1.000   -16.480     0.000     1.000     0.000     3.000     6.000    13.000    16.000    19.000     2.556     0.243    -0.042     0.013    28.123     3.309     0.050     0.188
         *         *         *     3.660         *     3.440         *         *         *    42.000    44.000    36.000     0.000     1.000     0.000   -16.917     2.000     1.000     0.000     3.000     6.000    13.000    16.000    19.000     3.910     0.250    -0.028     0.012    41.214     3.309    -0.040     0.188
         *         *         *     3.330     3.830     3.670         *         *         *    36.000    39.000    40.000     0.000     1.000     0.000   -16.869     2.000     7.000     0.000     3.000     6.000    13.000    16.000    19.000     3.995     0.234    -0.027     0.012    36.962     3.309     0.095     0.188
         *         *         *     3.860     3.250     3.480         *         *         *    41.000    38.000    39.000     0.000     1.000     1.000   -18.436     0.000     2.000     0.000     3.000     6.000    13.000    16.000    19.000     3.848     0.234    -0.025     0.012    37.013     3.309     0.121     0.188
         *         *         *     2.050     1.730     2.110         *         *         *    39.000    44.000    43.000     0.000     1.000     0.000   -18.800     2.000     2.000     0.000     3.000     6.000    13.000    16.000    19.000     2.811     0.234    -0.049     0.012    40.584     3.309     0.084     0.188
         *         *         *     3.510     3.410     3.390         *         *         *    38.000    36.000    35.000     0.000     1.000     1.000   -18.527     1.000    19.000     0.000     3.000     6.000    13.000    16.000    19.000     3.920     0.234    -0.032     0.012    35.078     3.309     0.085     0.188
         *         *         *     3.310     3.390     2.040         *         *         *    35.000    41.000    38.000     0.000     1.000     0.000   -18.645     1.000    22.000     0.000     3.000     6.000    13.000    16.000    19.000     3.780     0.234    -0.053     0.012    35.598     3.309     0.166     0.188
         *         *         *     2.680         *         *         *         *         *    38.000         *         *     0.000     1.000     0.000   -17.059     1.000    18.000     0.000     3.000     6.000    13.000    16.000    19.000     3.433     0.279    -0.049     0.013    37.173     3.519     0.088     0.199
         *         *         *     3.880     3.490     3.360         *         *         *    38.000    33.000    31.000     0.000     1.000     0.000   -16.867     0.000    11.000     0.000     3.000     6.000    13.000    16.000    19.000     4.034     0.234    -0.032     0.012    34.140     3.309     0.000     0.188
