     8.000         *         *         *         *         *         *         *         *         *         *         *     0.000     0.000     0.000    17.816     0.000    -8.000     0.000     3.000     6.000    13.000    16.000    19.000    16.623     4.215    -1.369     0.167    22.378    14.645    -3.191     0.501
    14.000         *         *         *         *         *         *         *         *         *         *         *     0.000     1.000     0.000    16.108     0.000    -1.000     0.000     3.000     6.000    13.000    16.000    19.000    22.188     4.215    -1.331     0.167    23.041    14.645    -2.759     0.501
    28.000         *         *         *         *         *         *         *         *         *         *         *     0.000     0.000     1.000    16.108     0.000    -2.000     0.000     3.000     6.000    13.000    16.000    19.000    28.103     4.215    -1.229     0.167    33.439    14.645    -2.613     0.501
    40.000    34.000    39.000    45.000    23.000         *    44.000    31.000    31.000    25.000         *         *     0.000     1.000     0.000    -8.223     0.000    15.000     0.000     3.000     6.000    13.000    16.000    19.000    42.628     2.366    -0.775     0.135    39.015     5.527    -0.817     0.446
    35.000    50.000    45.000    27.000         *         *    34.000    24.000    24.000    18.000         *         *     0.000     1.000     0.000    -8.223     0.000    17.000     0.000     3.000     6.000    13.000    16.000    19.000    43.768     2.544    -0.795     0.143    31.589     5.531    -0.618     0.446
    50.000    45.000    45.000    46.000         *         *    31.000         *         *         *         *         *     0.000     1.000     0.000    -8.650     0.000    11.000     0.000     3.000     6.000    13.000    16.000    19.000    49.202     2.605    -0.673     0.149    40.473     8.499    -0.383     0.480
    30.000    35.000    33.000         *         *         *    63.000    40.000    47.000         *         *         *     0.000     1.000     0.000    -8.997     0.000     0.000     0.000     3.000     6.000    13.000    16.000    19.000    36.994     2.873    -0.801     0.155    53.535     5.834    -1.208     0.477
    56.000    51.000    42.000    35.000    34.000    46.000    71.000    72.000    52.000    50.000    62.000    48.000     0.000     0.000     0.000   -10.008     0.000     8.000     0.000     3.000     6.000    13.000    16.000    19.000    49.618     2.207    -0.687     0.123    65.924     5.417    -0.729     0.381
    59.000    50.000    48.000    55.000    42.000    43.000    54.000    70.000    67.000    62.000    43.000    76.000     0.000     1.000     0.000   -10.005     0.000     6.000     0.000     3.000     6.000    13.000    16.000    19.000    54.366     2.207    -0.633     0.123    63.938     5.417    -0.234     0.381
    12.000         *         *         *         *         *    26.000         *         *         *         *         *     0.000     0.000     0.000    12.623     0.000    -7.000     0.000     3.000     6.000    13.000    16.000    19.000    20.012     4.151    -1.261     0.166    27.673     8.582    -2.822     0.491
    23.000    25.000         *         *         *         *    22.000         *         *         *         *         *     0.000     1.000     1.000     7.288     0.000     5.000     0.000     3.000     6.000    13.000    16.000    19.000    28.992     3.368    -1.114     0.162    26.903     8.527    -1.961     0.483
    22.000    29.000    25.000         *         *         *    73.000    51.000    16.000         *         *         *     0.000     0.000     0.000     7.288     2.000    -6.000     0.000     3.000     6.000    13.000    16.000    19.000    29.087     2.873    -1.072     0.155    53.762     5.834    -2.593     0.477
    19.000    26.000         *         *         *         *    46.000         *         *         *         *         *     0.000     0.000     0.000     7.122     0.000     1.000     0.000     3.000     6.000    13.000    16.000    19.000    27.752     3.368    -1.168     0.162    43.603     8.527    -2.276     0.483
    32.000    27.000         *         *         *         *    46.000         *         *         *         *         *     0.000     0.000     1.000     7.221     0.000    -2.000     0.000     3.000     6.000    13.000    16.000    19.000    31.637     3.368    -1.068     0.162    44.500     8.527    -2.127     0.483
    36.000    25.000    15.000         *         *         *    44.000    48.000         *         *         *         *     0.000     0.000     0.000     8.436     3.000     1.000     0.000     3.000     6.000    13.000    16.000    19.000    29.973     2.887    -1.214     0.156    49.089     6.701    -2.106     0.480
    32.000         *         *         *         *         *    59.000         *         *         *         *         *     0.000     0.000     0.000     6.127     3.000     1.000     0.000     3.000     6.000    13.000    16.000    19.000    33.489     4.151    -1.113     0.166    57.567     8.582    -1.997     0.491
    37.000         *         *         *         *         *    48.000         *         *         *         *         *     0.000     0.000     0.000     6.922     3.000     5.000     0.000     3.000     6.000    13.000    16.000    19.000    36.054     4.151    -1.106     0.166    50.494     8.582    -1.791     0.491
    32.000         *         *         *         *         *    47.000         *         *         *         *         *     1.000     0.000     0.000     6.859     3.000     5.000     0.000     3.000     6.000    13.000    16.000    19.000    32.427     4.151    -1.280     0.166    47.911     8.582    -1.970     0.491
    36.000    26.000    28.000         *         *         *    40.000    36.000    30.000         *         *         *     0.000     0.000     0.000     5.583     0.000    -5.000     0.000     3.000     6.000    13.000    16.000    19.000    32.865     2.873    -1.039     0.155    41.618     5.834    -1.999     0.477
    41.000    33.000    30.000         *         *         *    46.000         *    25.000         *         *         *     0.000     0.000     1.000     5.581     0.000     2.000     0.000     3.000     6.000    13.000    16.000    19.000    36.637     2.877    -0.992     0.155    41.996     6.827    -1.805     0.477
    42.000    44.000    41.000         *         *         *    49.000    51.000         *         *         *         *     0.000     1.000     0.000     7.339     1.000     8.000     0.000     3.000     6.000    13.000    16.000    19.000    43.827     2.887    -1.035     0.156    51.458     6.701    -1.497     0.480
    50.000    30.000         *         *         *         *    37.000    34.000         *         *         *         *     1.000     1.000     1.000     7.339     0.000     2.000     0.000     3.000     6.000    13.000    16.000    19.000    38.649     3.351    -1.150     0.161    38.241     6.715    -1.703     0.483
    30.000    35.000    21.000         *         *         *    58.000    53.000    41.000         *         *         *     0.000     0.000     0.000     5.217     0.000     6.000     0.000     3.000     6.000    13.000    16.000    19.000    33.609     2.873    -1.147     0.155    54.459     5.834    -1.938     0.477
         *    44.000    34.000         *         *         *         *    43.000    44.000         *         *         *     0.000     0.000     0.000     8.511     0.000     6.000     0.000     3.000     6.000    13.000    16.000    19.000    41.242     3.283    -1.078     0.155    49.726     7.024    -1.698     0.493
         *    29.000         *         *         *         *         *    34.000         *         *         *         *     0.000     0.000     1.000     8.511     0.000     8.000     0.000     3.000     6.000    13.000    16.000    19.000    33.912     4.067    -1.124     0.162    40.297     8.750    -1.919     0.500
    49.000    45.000    39.000    22.000    22.000         *    62.000    69.000    55.000    50.000    36.000         *     0.000     1.000     0.000     4.945     1.000    -1.000     0.000     3.000     6.000    13.000    16.000    19.000    42.515     2.338    -1.081     0.133    64.431     5.435    -1.515     0.414
    36.000    36.000    35.000         *         *         *    51.000    74.000    51.000         *         *         *     0.000     1.000     0.000     5.045     2.000    -1.000     0.000     3.000     6.000    13.000    16.000    19.000    38.594     2.873    -1.039     0.155    61.908     5.834    -1.733     0.477
    37.000    45.000    31.000         *         *         *    53.000    43.000    50.000         *         *         *     1.000     1.000     1.000     3.739     1.000     2.000     0.000     3.000     6.000    13.000    16.000    19.000    39.670     2.873    -1.096     0.155    52.241     5.834    -1.576     0.477
    40.000         *         *         *         *         *    22.000         *         *         *         *         *     0.000     1.000     0.000     5.531     0.000    -4.000     0.000     3.000     6.000    13.000    16.000    19.000    36.315     4.151    -0.975     0.166    28.885     8.582    -1.682     0.491
    22.000         *         *         *         *         *    44.000         *         *         *         *         *     0.000     1.000     1.000     5.531     0.000    -3.000     0.000     3.000     6.000    13.000    16.000    19.000    28.562     4.151    -1.067     0.166    42.096     8.582    -2.162     0.491
    37.000         *         *         *         *         *    77.000         *         *         *         *         *     0.000     1.000     0.000     2.030     2.000     9.000     0.000     3.000     6.000    13.000    16.000    19.000    40.085     4.151    -1.058     0.166    68.936     8.582    -1.544     0.491
    32.000    33.000    32.000         *         *         *    42.000    41.000    41.000         *         *         *     0.000     0.000     0.000     2.930     1.000     6.000     0.000     3.000     6.000    13.000    16.000    19.000    36.055     2.873    -1.039     0.155    46.599     5.834    -1.589     0.477
    24.000    25.000    19.000         *         *         *    38.000    37.000         *         *         *         *     0.000     1.000     0.000     2.930     0.000     8.000     0.000     3.000     6.000    13.000    16.000    19.000    29.675     2.887    -1.148     0.156    39.655     6.701    -1.793     0.480
    37.000    32.000         *         *         *         *    25.000    26.000         *         *         *         *     0.000     1.000     0.000     2.982     1.000    -2.000     0.000     3.000     6.000    13.000    16.000    19.000    35.432     3.351    -0.963     0.161    31.892     6.715    -1.571     0.483
    46.000    45.000    41.000    27.000         *         *    56.000    51.000         *    16.000         *         *     0.000     1.000     0.000     3.127     0.000    -6.000     0.000     3.000     6.000    13.000    16.000    19.000    42.250     2.548    -0.869     0.144    50.569     6.101    -1.782     0.446
    54.000    35.000    43.000    36.000         *         *    34.000    37.000     4.000         *         *         *     0.000     0.000     0.000     3.127     0.000     2.000     0.000     3.000     6.000    13.000    16.000    19.000    43.809     2.576    -0.828     0.146    32.740     5.829    -1.421     0.477
    32.000    20.000    20.000         *         *         *    33.000    21.000    26.000         *         *         *     0.000     0.000     0.000     3.597     1.000     1.000     0.000     3.000     6.000    13.000    16.000    19.000    28.949     2.873    -1.096     0.155    34.349     5.834    -1.873     0.477
    35.000         *    17.000         *         *         *    52.000         *         *         *         *         *     0.000     1.000     0.000     2.597     0.000    -4.000     0.000     3.000     6.000    13.000    16.000    19.000    31.502     3.342    -1.065     0.159    47.631     8.533    -1.924     0.485
    35.000         *         *         *         *         *    56.000         *         *         *         *         *     0.000     1.000     0.000     1.161     0.000    -2.000     0.000     3.000     6.000    13.000    16.000    19.000    36.576     4.151    -0.971     0.166    52.293     8.582    -1.688     0.491
    47.000    47.000         *         *         *         *    85.000    74.000         *         *         *         *     0.000     1.000     0.000     1.919     0.000    10.000     0.000     3.000     6.000    13.000    16.000    19.000    47.242     3.351    -0.992     0.161    74.817     6.715    -1.329     0.483
    37.000    35.000    37.000    35.000    28.000    22.000    61.000    57.000    69.000    56.000    40.000         *     0.000     0.000     0.000     2.048     0.000     7.000     0.000     3.000     6.000    13.000    16.000    19.000    41.898     2.232    -0.989     0.125    65.249     5.432    -1.392     0.414
    44.000    41.000    34.000         *         *         *    43.000    25.000    24.000         *         *         *     0.000     1.000     0.000     2.303     0.000     1.000     0.000     3.000     6.000    13.000    16.000    19.000    40.752     2.873    -0.907     0.155    36.784     5.834    -1.435     0.477
    18.000         *         *         *         *         *    38.000         *         *         *         *         *     1.000     0.000     0.000     2.303     0.000    -2.000     0.000     3.000     6.000    13.000    16.000    19.000    25.274     4.151    -1.222     0.166    37.789     8.582    -2.162     0.491
    40.000    43.000         *         *         *         *    36.000         *         *         *         *         *     0.000     0.000     0.000     1.484     0.000    11.000     0.000     3.000     6.000    13.000    16.000    19.000    41.746     3.368    -0.965     0.162    41.096     8.527    -1.205     0.483
    34.000    26.000    25.000    15.000    12.000    24.000    31.000         *    41.000    32.000    19.000         *     0.000     0.000     0.000     1.481     0.000     9.000     0.000     3.000     6.000    13.000    16.000    19.000    34.127     2.232    -1.080     0.125    43.078     6.099    -1.380     0.423
    20.000         *         *         *         *         *    38.000         *         *         *         *         *     0.000     1.000     0.000    -0.223     3.000    13.000     0.000     3.000     6.000    13.000    16.000    19.000    31.398     4.151    -1.091     0.166    43.388     8.582    -1.462     0.491
    22.000         *         *         *         *         *    29.000         *         *         *         *         *     0.000     1.000     0.000    -0.072     3.000    14.000     0.000     3.000     6.000    13.000    16.000    19.000    32.154     4.151    -1.078     0.166    37.549     8.582    -1.357     0.491
    36.000         *         *         *         *         *    37.000         *         *         *         *         *     0.000     0.000     0.000     0.141     0.000     1.000     0.000     3.000     6.000    13.000    16.000    19.000    36.115     4.151    -0.947     0.166    40.941     8.582    -1.508     0.491
    28.000    36.000    30.000         *         *         *    42.000    39.000    25.000         *         *         *     0.000     0.000     1.000     0.135     0.000    -2.000     0.000     3.000     6.000    13.000    16.000    19.000    34.159     2.873    -0.884     0.155    41.752     5.834    -1.715     0.477
    35.000         *         *         *         *         *    38.000         *         *         *         *         *     0.000     1.000     1.000     1.836     0.000    -6.000     0.000     3.000     6.000    13.000    16.000    19.000    34.758     4.151    -0.904     0.166    40.443     8.582    -1.710     0.491
    44.000    40.000         *         *         *         *    52.000         *         *         *         *         *     0.000     1.000     1.000     1.836     0.000    -7.000     0.000     3.000     6.000    13.000    16.000    19.000    40.507     3.368    -0.848     0.162    51.037     8.527    -1.579     0.483
    33.000    35.000    39.000         *         *         *    34.000    45.000    39.000         *         *         *     0.000     1.000     0.000     1.156     0.000     1.000     0.000     3.000     6.000    13.000    16.000    19.000    38.581     2.873    -0.934     0.155    43.849     5.834    -1.431     0.477
    48.000    44.000    38.000    40.000    30.000    34.000    45.000    28.000    34.000    25.000         *         *     0.000     1.000     0.000     1.156     0.000     1.000     0.000     3.000     6.000    13.000    16.000    19.000    45.234     2.263    -0.790     0.128    41.067     5.525    -1.257     0.446
    39.000    45.000    38.000    26.000    24.000    12.000    78.000    78.000    62.000    54.000    43.000         *     0.000     1.000     0.000     0.575     3.000     6.000     0.000     3.000     6.000    13.000    16.000    19.000    40.757     2.232    -1.073     0.125    73.107     5.432    -1.523     0.414
    39.000    37.000    32.000    32.000    24.000    15.000    59.000    64.000    52.000    35.000         *         *     0.000     1.000     0.000     0.575     2.000     2.000     0.000     3.000     6.000    13.000    16.000    19.000    39.112     2.263    -0.979     0.128    60.316     5.525    -1.567     0.446
    45.000    45.000    33.000         *         *         *    22.000         *         *         *         *         *     0.000     1.000     0.000    -0.200     0.000     1.000     0.000     3.000     6.000    13.000    16.000    19.000    41.834     2.901    -0.858     0.157    31.481     8.505    -1.105     0.480
    60.000    46.000    43.000         *         *         *    31.000         *    20.000         *         *         *     0.000     0.000     0.000    -0.200     0.000     1.000     0.000     3.000     6.000    13.000    16.000    19.000    47.410     2.877    -0.769     0.155    34.257     6.827    -0.994     0.477
    38.000    35.000         *         *         *         *    64.000    52.000         *         *         *         *     0.000     0.000     1.000     0.964     0.000     7.000     0.000     3.000     6.000    13.000    16.000    19.000    38.583     3.351    -0.975     0.161    58.127     6.715    -1.546     0.483
    42.000    30.000         *         *         *         *    56.000    40.000         *         *         *         *     0.000     0.000     0.000     0.997     0.000     8.000     0.000     3.000     6.000    13.000    16.000    19.000    38.120     3.351    -1.016     0.161    49.890     6.715    -1.485     0.483
    28.000    24.000    35.000    22.000    22.000     1.000    42.000    66.000    36.000    26.000         *         *     0.000     0.000     1.000    -1.358     0.000     0.000     0.000     3.000     6.000    13.000    16.000    19.000    32.147     2.263    -0.990     0.128    51.417     5.525    -1.718     0.446
    33.000    36.000    36.000         *         *         *    54.000    45.000    62.000         *         *         *     0.000     1.000     0.000    -1.358     0.000    -4.000     0.000     3.000     6.000    13.000    16.000    19.000    38.239     2.873    -0.909     0.155    56.406     5.834    -1.456     0.477
    45.000         *         *         *         *         *    40.000         *         *         *         *         *     0.000     1.000     0.000    -0.183     2.000     2.000     0.000     3.000     6.000    13.000    16.000    19.000    41.531     4.151    -0.896     0.166    45.755     8.582    -1.194     0.491
    38.000    42.000         *         *         *         *    45.000    49.000         *         *         *         *     0.000     0.000     1.000    -0.183     1.000     8.000     0.000     3.000     6.000    13.000    16.000    19.000    40.675     3.351    -0.909     0.161    50.236     6.715    -1.248     0.483
    27.000    26.000    25.000         *         *         *    39.000         *    40.000         *         *         *     0.000     0.000     0.000    -0.339     0.000    -6.000     0.000     3.000     6.000    13.000    16.000    19.000    30.487     2.877    -0.980     0.155    45.005     6.827    -1.806     0.477
    18.000    21.000    17.000         *         *         *    59.000    58.000    45.000         *         *         *     0.000     0.000     0.000    -0.339     0.000    -3.000     0.000     3.000     6.000    13.000    16.000    19.000    25.989     2.873    -1.096     0.155    57.844     5.834    -2.128     0.477
    31.000    34.000    34.000         *         *         *    44.000    43.000    38.000         *         *         *     0.000     1.000     0.000    -0.460     0.000     1.000     0.000     3.000     6.000    13.000    16.000    19.000    36.730     2.873    -0.938     0.155    46.112     5.834    -1.498     0.477
         *         *         *         *         *         *    38.000         *         *         *         *         *     0.000     1.000     0.000    -0.447     1.000    -2.000     0.000     3.000     6.000    13.000    16.000    19.000    36.787     5.720    -0.915     0.172    42.317     8.618    -1.449     0.521
    43.000    46.000    33.000         *         *         *    31.000    42.000    44.000         *         *         *     1.000     0.000     1.000    -1.575     0.000    11.000     0.000     3.000     6.000    13.000    16.000    19.000    42.438     2.873    -1.028     0.155    42.967     5.834    -0.973     0.477
    40.000    37.000    36.000    22.000     9.000    17.000    55.000    53.000    47.000    52.000    39.000         *     0.000     0.000     0.000    -0.167     0.000    -2.000     0.000     3.000     6.000    13.000    16.000    19.000    37.294     2.232    -1.094     0.125    57.720     5.432    -1.243     0.414
    57.000    63.000    65.000    46.000    44.000         *    32.000    25.000    36.000    31.000    40.000         *     0.000     0.000     0.000    -1.277     2.000    16.000     0.000     3.000     6.000    13.000    16.000    19.000    57.102     2.338    -0.726     0.133    37.602     5.435    -0.219     0.414
    40.000         *    33.000         *         *         *    16.000         *         *         *         *         *     0.000     1.000     0.000    -0.011     0.000    -2.000     0.000     3.000     6.000    13.000    16.000    19.000    37.806     3.342    -0.872     0.159    26.595     8.533    -1.289     0.485
    41.000    34.000    35.000         *         *         *    42.000    24.000         *         *         *         *     0.000     1.000     1.000    -0.783     0.000    -4.000     0.000     3.000     6.000    13.000    16.000    19.000    38.179     2.887    -0.815     0.156    38.175     6.701    -1.431     0.480
    48.000    41.000    42.000    31.000         *         *    39.000    37.000    33.000         *         *         *     0.000     1.000     0.000    -0.247     0.000    -5.000     0.000     3.000     6.000    13.000    16.000    19.000    43.044     2.576    -0.813     0.146    41.593     5.829    -1.265     0.477
    40.000    35.000    35.000    35.000    30.000    25.000    47.000    73.000    77.000    78.000    18.000         *     0.000     1.000     0.000    -1.146     1.000     4.000     0.000     3.000     6.000    13.000    16.000    19.000    42.211     2.232    -0.905     0.125    67.195     5.432    -1.339     0.414
    25.000         *         *         *         *         *    81.000         *         *         *         *         *     0.000     1.000     0.000    -0.895     2.000     8.000     0.000     3.000     6.000    13.000    16.000    19.000    34.872     4.151    -1.072     0.166    71.297     8.582    -1.677     0.491
    35.000    36.000    32.000         *         *         *    50.000    46.000    36.000         *         *         *     0.000     1.000     0.000    -0.881     1.000     2.000     0.000     3.000     6.000    13.000    16.000    19.000    37.678     2.873    -0.933     0.155    48.781     5.834    -1.451     0.477
    45.000    32.000    32.000     7.000         *         *    42.000    55.000    21.000         *         *         *     0.000     0.000     0.000    -2.070     0.000     5.000     0.000     3.000     6.000    13.000    16.000    19.000    35.191     2.576    -1.063     0.146    43.954     5.829    -1.370     0.477
    47.000    34.000    28.000    18.000    24.000         *    35.000    50.000    39.000    25.000         *         *     0.000     1.000     0.000    -2.070     0.000    -3.000     0.000     3.000     6.000    13.000    16.000    19.000    37.383     2.366    -0.949     0.135    45.026     5.527    -1.311     0.446
    39.000    45.000    43.000    28.000    18.000         *    78.000    48.000    51.000         *     6.000         *     0.000     0.000     0.000    -0.262     1.000     7.000     0.000     3.000     6.000    13.000    16.000    19.000    40.466     2.353    -0.914     0.134    58.036     5.609    -1.919     0.426
    42.000    32.000    39.000    20.000         *         *    60.000    57.000    60.000     7.000         *         *     0.000     1.000     0.000    -0.914     0.000     1.000     0.000     3.000     6.000    13.000    16.000    19.000    38.085     2.544    -0.921     0.143    55.551     5.531    -1.847     0.446
    52.000    40.000    50.000         *         *         *    40.000    43.000    35.000         *         *         *     0.000     1.000     0.000    -1.359     2.000     5.000     0.000     3.000     6.000    13.000    16.000    19.000    47.054     2.873    -0.797     0.155    44.833     5.834    -0.917     0.477
    68.000    63.000    36.000    37.000         *         *    56.000    66.000    54.000    60.000         *         *     0.000     0.000     0.000    -0.556     0.000     3.000     0.000     3.000     6.000    13.000    16.000    19.000    52.459     2.544    -0.887     0.143    62.162     5.531    -0.683     0.446
    36.000    28.000    30.000         *         *         *    64.000    35.000    32.000         *         *         *     0.000     0.000     0.000    -0.822     0.000     0.000     0.000     3.000     6.000    13.000    16.000    19.000    34.733     2.873    -0.944     0.155    49.002     5.834    -1.744     0.477
    36.000         *         *         *         *         *    65.000         *         *         *         *         *     0.000     1.000     0.000    -0.822     0.000     1.000     0.000     3.000     6.000    13.000    16.000    19.000    38.408     4.151    -0.953     0.166    58.951     8.582    -1.542     0.491
    44.000         *         *         *         *         *   109.000         *         *         *         *         *     0.000     1.000     0.000    -1.150     3.000    -2.000     0.000     3.000     6.000    13.000    16.000    19.000    43.180     4.151    -0.944     0.166    93.217     8.582    -1.607     0.491
    32.000         *         *         *         *         *    47.000         *         *         *         *         *     0.000     0.000     0.000    -1.536     0.000    16.000     0.000     3.000     6.000    13.000    16.000    19.000    37.822     4.151    -1.024     0.166    47.677     8.582    -1.238     0.491
    37.000    49.000    45.000    40.000    30.000    38.000    37.000    44.000    41.000    30.000         *         *     0.000     1.000     0.000    -1.538     0.000     0.000     0.000     3.000     6.000    13.000    16.000    19.000    45.681     2.263    -0.719     0.128    45.058     5.525    -1.133     0.446
    38.000         *         *         *         *         *    24.000         *         *         *         *         *     0.000     0.000     1.000    -2.167     0.000     6.000     0.000     3.000     6.000    13.000    16.000    19.000    37.805     4.151    -0.865     0.166    33.470     8.582    -1.158     0.491
    25.000    35.000    24.000    37.000    30.000    25.000    35.000    39.000    44.000    14.000    16.000         *     0.000     0.000     1.000    -2.167     0.000    -2.000     0.000     3.000     6.000    13.000    16.000    19.000    36.137     2.232    -0.693     0.125    43.427     5.432    -1.716     0.414
    38.000    31.000    34.000         *         *         *    50.000    43.000    45.000         *         *         *     0.000     1.000     0.000    -2.481     0.000    -8.000     0.000     3.000     6.000    13.000    16.000    19.000    36.954     2.873    -0.859     0.155    50.243     5.834    -1.514     0.477
    41.000    38.000    40.000    21.000    20.000         *    76.000    91.000    85.000    49.000    36.000         *     0.000     1.000     1.000    -2.505     0.000    12.000     0.000     3.000     6.000    13.000    16.000    19.000    40.454     2.338    -1.014     0.133    77.224     5.435    -1.622     0.414
    44.000         *    40.000    45.000         *         *    50.000         *    28.000         *         *         *     0.000     1.000     0.000    -2.505     0.000     9.000     0.000     3.000     6.000    13.000    16.000    19.000    46.461     2.861    -0.761     0.147    44.790     6.829    -1.034     0.480
    43.000    43.000    40.000    37.000    26.000    20.000    89.000    70.000    94.000    78.000    81.000    64.000     0.000     0.000     0.000    -3.381     1.000     5.000     0.000     3.000     6.000    13.000    16.000    19.000    44.699     2.207    -1.020     0.123    85.630     5.417    -0.924     0.381
    42.000    27.000    38.000         *         *         *    31.000         *    13.000         *         *         *     0.000     0.000     0.000    -1.962     0.000     3.000     0.000     3.000     6.000    13.000    16.000    19.000    37.584     2.877    -0.857     0.155    30.742     6.827    -1.329     0.477
    49.000         *    46.000         *         *         *    75.000         *    88.000         *         *         *     0.000     0.000     0.000    -1.464     0.000    -1.000     0.000     3.000     6.000    13.000    16.000    19.000    47.219     3.310    -0.875     0.157    78.787     6.839    -1.200     0.481
    35.000    22.000         *         *         *         *    31.000    49.000         *         *         *         *     0.000     1.000     1.000    -2.745     0.000     1.000     0.000     3.000     6.000    13.000    16.000    19.000    33.202     3.351    -0.933     0.161    43.015     6.715    -1.408     0.483
    44.000    40.000    25.000         *         *         *    49.000    41.000    32.000         *         *         *     0.000     1.000     0.000    -2.745     0.000     7.000     0.000     3.000     6.000    13.000    16.000    19.000    39.645     2.873    -0.938     0.155    45.027     5.834    -1.180     0.477
    32.000    38.000    29.000    26.000         *         *    46.000    36.000    40.000    32.000         *         *     0.000     0.000     0.000    -4.216     0.000    -5.000     0.000     3.000     6.000    13.000    16.000    19.000    36.086     2.544    -0.846     0.143    46.770     5.531    -1.385     0.446
    35.000    30.000    26.000         *         *         *    44.000    51.000    42.000         *         *         *     0.000     0.000     1.000    -4.213     0.000    -7.000     0.000     3.000     6.000    13.000    16.000    19.000    33.630     2.873    -0.849     0.155    50.538     5.834    -1.538     0.477
    29.000    44.000    40.000         *    27.000         *    30.000    47.000    34.000         *         *         *     0.000     1.000     0.000    -4.467     0.000     1.000     0.000     3.000     6.000    13.000    16.000    19.000    40.115     2.581    -0.803     0.143    41.807     5.829    -1.108     0.477
    44.000    39.000    40.000    21.000         *    27.000    54.000         *    52.000    19.000    33.000         *     0.000     1.000     0.000    -3.750     0.000    -4.000     0.000     3.000     6.000    13.000    16.000    19.000    40.425     2.335    -0.828     0.130    51.985     6.099    -1.398     0.423
    26.000    40.000    32.000         *         *         *    43.000    43.000    36.000         *         *         *     0.000     1.000     0.000    -2.839     0.000     0.000     0.000     3.000     6.000    13.000    16.000    19.000    36.460     2.873    -0.885     0.155    45.324     5.834    -1.419     0.477
    53.000    36.000    36.000         *         *         *    48.000    30.000    27.000         *         *         *     0.000     1.000     0.000    -2.842     0.000     9.000     0.000     3.000     6.000    13.000    16.000    19.000    43.400     2.873    -0.872     0.155    40.069     5.834    -0.994     0.477
    26.000    54.000         *         *    24.000    29.000    54.000         *         *         *    43.000         *     1.000     1.000     0.000    -4.333     2.000     8.000     0.000     3.000     6.000    13.000    16.000    19.000    42.565     2.566    -0.973     0.129    57.689     7.386    -1.043     0.434
    41.000    35.000    38.000         *         *         *    57.000    60.000    37.000         *         *         *     0.000     0.000     0.000    -5.003     1.000    10.000     0.000     3.000     6.000    13.000    16.000    19.000    41.040     2.873    -0.883     0.155    55.331     5.834    -1.127     0.477
         *    34.000    43.000    34.000         *         *         *    31.000         *    39.000         *         *     0.000     1.000     0.000     0.800     1.000    -5.000     0.000     3.000     6.000    13.000    16.000    19.000    41.684     2.821    -0.842     0.144    46.909     7.510    -1.287     0.470
    36.000         *         *         *    30.000    25.000    47.000         *         *         *    40.000    32.000     0.000     0.000     0.000    -4.027     0.000    -4.000     0.000     3.000     6.000    13.000    16.000    19.000    39.697     2.777    -0.814     0.127    53.289     7.110    -1.189     0.406
    45.000    33.000    31.000         *    27.000    32.000    51.000    51.000    40.000         *         *         *     0.000     1.000     0.000    -3.777     0.000     0.000     0.000     3.000     6.000    13.000    16.000    19.000    40.732     2.425    -0.803     0.133    51.324     5.827    -1.277     0.477
    42.000    37.000    32.000         *         *         *    51.000    47.000    49.000         *         *         *     0.000     1.000     0.000    -3.844     3.000     7.000     0.000     3.000     6.000    13.000    16.000    19.000    40.320     2.873    -0.917     0.155    53.638     5.834    -1.037     0.477
    43.000    43.000    45.000    25.000         *         *    56.000    47.000    63.000    43.000         *         *     0.000     1.000     1.000    -4.372     1.000    11.000     0.000     3.000     6.000    13.000    16.000    19.000    43.956     2.544    -0.892     0.143    56.950     5.531    -0.842     0.446
    42.000         *         *         *         *         *    48.000         *         *         *         *         *     0.000     1.000     0.000    -5.220     2.000     8.000     0.000     3.000     6.000    13.000    16.000    19.000    42.594     4.151    -0.859     0.166    52.251     8.582    -0.894     0.491
    35.000    33.000         *         *         *         *    54.000    54.000         *         *         *         *     0.000     0.000     0.000    -3.258     0.000   -10.000     0.000     3.000     6.000    13.000    16.000    19.000    35.270     3.351    -0.859     0.161    55.469     6.715    -1.654     0.483
    43.000         *         *         *         *         *    76.000         *         *         *         *         *     0.000     1.000     0.000    -3.872     0.000     0.000     0.000     3.000     6.000    13.000    16.000    19.000    42.663     4.151    -0.865     0.166    67.836     8.582    -1.305     0.491
    38.000    40.000    41.000         *         *         *    83.000    90.000    74.000         *         *         *     0.000     0.000     0.000    -5.556     3.000     0.000     0.000     3.000     6.000    13.000    16.000    19.000    42.211     2.873    -0.856     0.155    83.548     5.834    -1.303     0.477
    54.000    51.000    40.000         *         *         *    59.000    68.000    63.000         *         *         *     0.000     0.000     0.000    -5.556     0.000     5.000     0.000     3.000     6.000    13.000    16.000    19.000    48.631     2.873    -0.804     0.155    64.696     5.834    -0.784     0.477
    22.000    39.000    39.000    26.000    20.000         *    95.000    58.000    50.000    39.000    37.000         *     0.000     1.000     1.000    -5.892     0.000     4.000     0.000     3.000     6.000    13.000    16.000    19.000    36.701     2.338    -0.832     0.133    67.652     5.435    -1.754     0.414
    44.000         *         *         *         *         *    61.000         *         *         *         *         *     0.000     0.000     0.000    -5.908     0.000    -1.000     0.000     3.000     6.000    13.000    16.000    19.000    41.804     4.151    -0.808     0.166    59.448     8.582    -1.174     0.491
    43.000    48.000    37.000    30.000         *         *    36.000    58.000    57.000    28.000         *         *     0.000     1.000     0.000    -4.172     1.000     2.000     0.000     3.000     6.000    13.000    16.000    19.000    43.272     2.544    -0.830     0.143    51.245     5.531    -1.040     0.446
    29.000    38.000    36.000         *         *         *    66.000    64.000    57.000         *         *         *     0.000     1.000     0.000    -4.172     0.000     1.000     0.000     3.000     6.000    13.000    16.000    19.000    38.586     2.873    -0.897     0.155    64.020     5.834    -1.410     0.477
    44.000    46.000         *    34.000    18.000         *    66.000    48.000         *    44.000    21.000         *     0.000     1.000     0.000    -3.470     2.000     7.000     0.000     3.000     6.000    13.000    16.000    19.000    42.076     2.529    -0.905     0.133    55.949     5.906    -1.294     0.416
    41.000    40.000    35.000    27.000    31.000    25.000    48.000    53.000    43.000    51.000    44.000    33.000     0.000     0.000     0.000    -6.056     2.000     1.000     0.000     3.000     6.000    13.000    16.000    19.000    40.897     2.207    -0.828     0.123    55.039     5.417    -0.949     0.381
    42.000         *         *         *         *         *    44.000         *         *         *         *         *     0.000     1.000     0.000    -4.866     0.000     0.000     0.000     3.000     6.000    13.000    16.000    19.000    41.072     4.151    -0.817     0.166    46.746     8.582    -1.094     0.491
    35.000         *         *         *         *         *    69.000         *         *         *         *         *     0.000     0.000     0.000    -4.866     0.000     0.000     0.000     3.000     6.000    13.000    16.000    19.000    37.774     4.151    -0.892     0.166    63.595     8.582    -1.446     0.491
    20.000         *    40.000         *         *         *    19.000         *         *         *         *         *     0.000     1.000     0.000    -4.430     0.000     1.000     0.000     3.000     6.000    13.000    16.000    19.000    34.825     3.342    -0.823     0.159    29.843     8.533    -1.257     0.485
    42.000    43.000    37.000         *         *         *    82.000    75.000    59.000         *         *         *     0.000     1.000     0.000    -3.928     3.000     3.000     0.000     3.000     6.000    13.000    16.000    19.000    43.122     2.873    -0.877     0.155    74.176     5.834    -1.263     0.477
    45.000    38.000    40.000         *         *         *    84.000    49.000    53.000         *         *         *     0.000     0.000     0.000    -4.833     0.000    -9.000     0.000     3.000     6.000    13.000    16.000    19.000    41.489     2.873    -0.757     0.155    65.172     5.834    -1.522     0.477
    33.000    33.000    39.000    40.000    30.000    26.000    61.000    54.000    57.000         *         *         *     0.000     1.000     0.000    -4.833     0.000    -7.000     0.000     3.000     6.000    13.000    16.000    19.000    40.478     2.303    -0.727     0.131    60.452     5.825    -1.422     0.476
    45.000    39.000         *         *         *         *    30.000    38.000         *         *         *         *     0.000     1.000     0.000    -4.736     0.000    -3.000     0.000     3.000     6.000    13.000    16.000    19.000    41.419     3.351    -0.776     0.161    39.019     6.715    -1.023     0.483
    50.000    38.000    43.000         *         *         *    47.000    69.000    42.000         *         *         *     0.000     1.000     0.000    -4.736     0.000    -4.000     0.000     3.000     6.000    13.000    16.000    19.000    44.345     2.873    -0.768     0.155    55.672     5.834    -1.093     0.477
    38.000    37.000    40.000         *         *         *    91.000    83.000    86.000         *         *         *     0.000     1.000     1.000    -5.777     1.000     2.000     0.000     3.000     6.000    13.000    16.000    19.000    42.231     2.873    -0.861     0.155    85.542     5.834    -1.263     0.477
    48.000    37.000    35.000    13.000         *         *    59.000    26.000         *         *         *         *     0.000     1.000     0.000    -5.683     0.000     6.000     0.000     3.000     6.000    13.000    16.000    19.000    38.922     2.591    -0.966     0.147    45.128     6.696    -1.018     0.480
    42.000    36.000    32.000    34.000    20.000    25.000    79.000    70.000    69.000    55.000    84.000         *     0.000     1.000     0.000    -4.358     0.000     6.000     0.000     3.000     6.000    13.000    16.000    19.000    42.252     2.232    -1.017     0.125    74.989     5.432    -0.832     0.414
    45.000    43.000    37.000    27.000    20.000         *    39.000    52.000    35.000    23.000    22.000         *     0.000     1.000     0.000    -6.656     0.000     7.000     0.000     3.000     6.000    13.000    16.000    19.000    40.905     2.338    -0.877     0.133    43.290     5.435    -1.026     0.414
    45.000         *         *         *         *         *    42.000         *         *         *         *         *     0.000     1.000     0.000    -5.473     3.000    10.000     0.000     3.000     6.000    13.000    16.000    19.000    44.104     4.151    -0.843     0.166    49.997     8.582    -0.724     0.491
    35.000    37.000    41.000         *         *         *    59.000    67.000    47.000         *         *         *     0.000     1.000     0.000    -5.761     0.000     2.000     0.000     3.000     6.000    13.000    16.000    19.000    40.928     2.873    -0.830     0.155    59.953     5.834    -1.213     0.477
    45.000    39.000    34.000         *         *         *         *    23.000    27.000         *         *         *     0.000     1.000     0.000    -5.761     0.000    12.000     0.000     3.000     6.000    13.000    16.000    19.000    42.116     2.873    -0.848     0.155    33.621     7.016    -0.758     0.487
    32.000    40.000    39.000    24.000         *         *    55.000    61.000    89.000    51.000         *         *     0.000     0.000     0.000    -6.973     2.000     8.000     0.000     3.000     6.000    13.000    16.000    19.000    40.098     2.544    -0.931     0.143    68.398     5.531    -0.945     0.446
    52.000    49.000    42.000    42.000    27.000    23.000    68.000    78.000    63.000    51.000         *    54.000     0.000     0.000     1.000    -7.570     3.000     2.000     0.000     3.000     6.000    13.000    16.000    19.000    45.567     2.221    -0.798     0.125    70.465     5.479    -0.900     0.396
    43.000    35.000    37.000    33.000    22.000    31.000    66.000    35.000    50.000    27.000    48.000         *     0.000     1.000     0.000    -4.978     0.000     4.000     0.000     3.000     6.000    13.000    16.000    19.000    41.724     2.232    -0.843     0.125    53.340     5.432    -1.072     0.414
    38.000    34.000    34.000    23.000    22.000    29.000    32.000    44.000    40.000    44.000    34.000    29.000     0.000     1.000     0.000    -4.978     0.000     2.000     0.000     3.000     6.000    13.000    16.000    19.000    39.134     2.207    -0.888     0.123    45.551     5.417    -0.859     0.381
         *    33.000    30.000    12.000    14.000         *         *    35.000    28.000         *         *         *     0.000     0.000     0.000    -3.816     0.000     3.000     0.000     3.000     6.000    13.000    16.000    19.000    32.852     2.627    -1.007     0.139    39.718     7.012    -1.376     0.492
    43.000    37.000    43.000    33.000    28.000         *    43.000    44.000    46.000    46.000    35.000    40.000     0.000     0.000     0.000    -6.917     1.000     3.000     0.000     3.000     6.000    13.000    16.000    19.000    42.652     2.306    -0.805     0.131    50.288     5.419    -0.749     0.382
    38.000    38.000    37.000    38.000    28.000    16.000    48.000         *    47.000    35.000    22.000    35.000     0.000     0.000     0.000    -6.917     1.000     2.000     0.000     3.000     6.000    13.000    16.000    19.000    40.000     2.208    -0.811     0.123    50.568     6.064    -1.117     0.394
    35.000    24.000    26.000    24.000    15.000    22.000    57.000    52.000    45.000    47.000    50.000         *     0.000     1.000     0.000    -6.092     0.000    -2.000     0.000     3.000     6.000    13.000    16.000    19.000    34.888     2.232    -0.946     0.125    57.639     5.432    -1.107     0.414
    20.000    29.000    29.000    15.000         *         *    44.000    43.000    39.000    19.000         *         *     0.000     1.000     0.000    -6.092     0.000    -3.000     0.000     3.000     6.000    13.000    16.000    19.000    30.468     2.544    -0.902     0.143    45.418     5.531    -1.606     0.446
    36.000    43.000    33.000    19.000    10.000         *    33.000    23.000         *    32.000         *         *     0.000     1.000     1.000    -6.716     0.000    -7.000     0.000     3.000     6.000    13.000    16.000    19.000    35.113     2.371    -0.892     0.136    36.699     6.098    -0.947     0.446
    47.000    37.000    43.000    42.000    30.000    32.000    40.000    48.000    26.000    22.000    15.000         *     0.000     1.000     0.000    -6.716     1.000    -2.000     0.000     3.000     6.000    13.000    16.000    19.000    43.396     2.232    -0.631     0.125    41.611     5.432    -1.226     0.414
    43.000    57.000    46.000         *         *         *    37.000         *         *         *         *         *     0.000     1.000     1.000    -7.611     1.000     2.000     0.000     3.000     6.000    13.000    16.000    19.000    48.162     2.901    -0.626     0.157    47.162     8.505    -0.595     0.480
    45.000    34.000    28.000         *         *         *    81.000    71.000    71.000         *         *         *     0.000     0.000     0.000    -8.361     0.000     8.000     0.000     3.000     6.000    13.000    16.000    19.000    40.358     2.873    -0.931     0.155    74.453     5.834    -1.082     0.477
    40.000    33.000    30.000         *         *         *    61.000    67.000    63.000         *         *         *     0.000     0.000     0.000    -8.138     1.000    -6.000     0.000     3.000     6.000    13.000    16.000    19.000    37.534     2.873    -0.830     0.155    66.316     5.834    -1.259     0.477
    30.000    32.000         *         *         *         *    51.000    55.000         *         *         *         *     0.000     0.000     1.000    -7.810     0.000    -3.000     0.000     3.000     6.000    13.000    16.000    19.000    34.617     3.351    -0.801     0.161    54.964     6.715    -1.349     0.483
    44.000    35.000    41.000    46.000         *         *    76.000    69.000    56.000    35.000         *         *     0.000     0.000     0.000    -7.325     1.000     2.000     0.000     3.000     6.000    13.000    16.000    19.000    44.181     2.544    -0.653     0.143    66.622     5.531    -1.442     0.446
    34.000    37.000    29.000    31.000    21.000    12.000    47.000    41.000    40.000    36.000    23.000         *     0.000     1.000     0.000    -8.939     0.000     0.000     0.000     3.000     6.000    13.000    16.000    19.000    36.209     2.232    -0.861     0.125    46.434     5.432    -1.121     0.414
    40.000    31.000    33.000    18.000    16.000         *    58.000    51.000    39.000    42.000    32.000         *     0.000     1.000     0.000    -8.908     0.000     2.000     0.000     3.000     6.000    13.000    16.000    19.000    35.903     2.338    -0.936     0.133    52.802     5.435    -1.095     0.414
    42.000    46.000    50.000    27.000    25.000    24.000    71.000    70.000    96.000    78.000    92.000         *     0.000     1.000     0.000    -7.710     2.000    18.000     0.000     3.000     6.000    13.000    16.000    19.000    47.112     2.232    -1.090     0.125    79.892     5.432    -0.079     0.414
    50.000    36.000    44.000    37.000    33.000    19.000    58.000    41.000    44.000    45.000         *         *     0.000     1.000     0.000    -7.209     0.000    -9.000     0.000     3.000     6.000    13.000    16.000    19.000    42.797     2.263    -0.758     0.128    52.612     5.525    -0.989     0.446
    44.000         *    39.000    22.000         *         *         *         *         *         *         *         *     0.000     0.000     0.000    -6.906     0.000     2.000     0.000     3.000     6.000    13.000    16.000    19.000    40.444     2.932    -0.873     0.151    56.879    14.500    -1.062     0.495
    38.000    38.000    41.000    25.000    14.000    14.000         *    64.000    85.000    87.000    56.000    33.000     0.000     0.000     0.000    -6.906     0.000    -4.000     0.000     3.000     6.000    13.000    16.000    19.000    38.105     2.211    -0.994     0.124    77.665     6.344    -1.305     0.412
    33.000    34.000    38.000         *         *         *    56.000    48.000    31.000         *         *         *     0.000     1.000     0.000    -7.500     0.000    -2.000     0.000     3.000     6.000    13.000    16.000    19.000    38.086     2.873    -0.767     0.155    49.513     5.834    -1.292     0.477
    38.000    34.000    41.000    38.000    32.000    31.000    91.000    81.000    94.000    59.000         *    45.000     0.000     0.000     0.000    -7.563     0.000    -5.000     0.000     3.000     6.000    13.000    16.000    19.000    42.214     2.221    -0.695     0.125    85.246     5.479    -1.704     0.396
         *         *    45.000    36.000    27.000    38.000         *         *    54.000    29.000    48.000    49.000     0.000     1.000     0.000    -0.861     2.000    -4.000     0.000     3.000     6.000    13.000    16.000    19.000    45.621     2.585    -0.793     0.125    60.048     7.466    -1.131     0.445
         *         *    41.000    32.000    20.000    26.000         *         *    43.000    28.000     7.000         *     0.000     1.000     0.000    -0.828     3.000    -2.000     0.000     3.000     6.000    13.000    16.000    19.000    39.508     2.621    -0.817     0.127    48.057     7.525    -1.652     0.467
    63.000    58.000    44.000    60.000    42.000         *   109.000   102.000   100.000    90.000    79.000         *     0.000     0.000     0.000    -7.908     1.000    19.000     0.000     3.000     6.000    13.000    16.000    19.000    57.777     2.338    -0.756     0.133    98.213     5.435    -0.682     0.414
    63.000    45.000    56.000    35.000    35.000         *    87.000    81.000    89.000    62.000    72.000         *     0.000     0.000     0.000    -7.895     3.000    12.000     0.000     3.000     6.000    13.000    16.000    19.000    51.670     2.338    -0.835     0.133    82.690     5.435    -0.676     0.414
    34.000    31.000    30.000         *         *         *    36.000    25.000         *    17.000         *         *     1.000     1.000     1.000    -7.145     1.000    12.000     0.000     3.000     6.000    13.000    16.000    19.000    36.038     2.826    -0.975     0.154    34.636     6.101    -1.050     0.446
    40.000    40.000    35.000    32.000    24.000    27.000    61.000    44.000         *    41.000    32.000         *     0.000     0.000     0.000    -6.911     1.000     6.000     0.000     3.000     6.000    13.000    16.000    19.000    40.788     2.233    -0.819     0.125    54.405     5.902    -1.125     0.415
    44.000    41.000    45.000    30.000         *         *    97.000    78.000    95.000    52.000         *         *     0.000     1.000     0.000    -7.683     0.000     6.000     0.000     3.000     6.000    13.000    16.000    19.000    45.023     2.544    -0.845     0.143    83.997     5.531    -1.266     0.446
    49.000    47.000    39.000    34.000    30.000    39.000    65.000    73.000    70.000    60.000    73.000    58.000     0.000     1.000     0.000    -8.208     1.000    -4.000     0.000     3.000     6.000    13.000    16.000    19.000    46.542     2.207    -0.761     0.123    71.918     5.417    -0.684     0.381
    46.000    46.000    44.000         *         *         *    63.000    68.000    75.000         *         *         *     0.000     1.000     0.000    -7.419     1.000     0.000     0.000     3.000     6.000    13.000    16.000    19.000    46.752     2.873    -0.766     0.155    69.474     5.834    -0.813     0.477
    53.000    55.000         *         *         *         *    53.000    63.000         *         *         *         *     0.000     1.000     0.000    -9.153     0.000    -1.000     0.000     3.000     6.000    13.000    16.000    19.000    50.790     3.351    -0.641     0.161    59.203     6.715    -0.573     0.483
    43.000    43.000    43.000         *    37.000    23.000    61.000    56.000    87.000         *    64.000    37.000     0.000     1.000     0.000    -9.156     0.000     3.000     0.000     3.000     6.000    13.000    16.000    19.000    44.877     2.337    -0.797     0.126    67.323     5.557    -0.840     0.385
    43.000    36.000         *         *    17.000         *    45.000    54.000         *         *         *         *     0.000     1.000     0.000    -8.202     0.000    -2.000     0.000     3.000     6.000    13.000    16.000    19.000    38.266     2.875    -0.878     0.145    51.124     6.706    -0.999     0.483
    43.000    41.000    40.000    29.000    20.000    25.000    39.000    43.000    41.000    40.000    32.000    45.000     0.000     1.000     0.000   -10.234     0.000    11.000     0.000     3.000     6.000    13.000    16.000    19.000    42.117     2.207    -0.896     0.123    44.707     5.417    -0.396     0.381
    45.000    36.000    44.000    36.000    31.000    30.000    68.000    53.000    52.000    32.000    40.000    51.000     0.000     1.000     0.000   -10.126     0.000    10.000     0.000     3.000     6.000    13.000    16.000    19.000    44.491     2.207    -0.759     0.123    57.238     5.417    -0.825     0.381
    38.000    41.000    38.000    24.000    22.000         *    31.000    52.000    59.000    40.000    30.000    32.000     0.000     1.000     0.000   -11.108     0.000     4.000     0.000     3.000     6.000    13.000    16.000    19.000    39.638     2.306    -0.834     0.131    48.445     5.419    -0.745     0.382
    47.000    55.000    39.000    47.000    39.000    30.000    37.000    48.000    46.000    37.000    41.000    46.000     0.000     1.000     0.000   -10.317     0.000     2.000     0.000     3.000     6.000    13.000    16.000    19.000    48.314     2.207    -0.667     0.123    47.036     5.417    -0.367     0.381
    50.000    37.000    30.000         *         *         *    67.000    72.000    57.000         *         *         *     1.000     1.000     0.000   -10.169     0.000     4.000     0.000     3.000     6.000    13.000    16.000    19.000    42.297     2.873    -0.963     0.155    65.816     5.834    -0.913     0.477
    57.000    46.000    44.000    47.000    30.000         *    56.000    64.000    56.000    47.000    38.000         *     0.000     1.000     0.000   -11.281     2.000     2.000     0.000     3.000     6.000    13.000    16.000    19.000    48.232     2.338    -0.642     0.133    59.056     5.435    -0.730     0.414
    44.000    43.000    41.000         *         *         *    47.000    25.000    27.000         *         *         *     0.000     1.000     0.000   -10.214     2.000    18.000     0.000     3.000     6.000    13.000    16.000    19.000    45.179     2.873    -0.753     0.155    39.000     5.834    -0.440     0.477
    38.000    37.000    38.000         *         *         *    36.000    42.000    26.000         *         *         *     0.000     1.000     0.000   -10.214     3.000    15.000     0.000     3.000     6.000    13.000    16.000    19.000    41.374     2.873    -0.791     0.155    41.011     5.834    -0.573     0.477
    38.000         *         *         *         *         *    68.000         *         *         *         *         *     0.000     1.000     0.000   -11.850     0.000     4.000     0.000     3.000     6.000    13.000    16.000    19.000    42.323     4.151    -0.757     0.166    64.360     8.582    -0.836     0.491
    37.000         *         *         *         *         *    59.000         *         *         *         *         *     0.000     1.000     0.000   -11.850     0.000     1.000     0.000     3.000     6.000    13.000    16.000    19.000    40.896     4.151    -0.738     0.166    58.282     8.582    -0.871     0.491
    39.000    39.000    40.000    28.000    27.000    31.000    54.000    81.000    75.000    82.000    90.000    65.000     0.000     0.000     0.000   -10.578     2.000    12.000     0.000     3.000     6.000    13.000    16.000    19.000    44.094     2.207    -0.928     0.123    75.278     5.417    -0.194     0.381
    48.000    43.000    39.000    38.000    22.000    29.000    43.000    60.000    43.000    20.000    43.000    50.000     0.000     1.000     0.000   -10.526     2.000    19.000     0.000     3.000     6.000    13.000    16.000    19.000    44.937     2.207    -0.854     0.123    48.681     5.417    -0.417     0.381
    62.000    52.000    50.000    56.000    51.000    32.000    84.000   102.000    93.000    95.000    83.000    83.000     0.000     1.000     1.000   -13.750     1.000     8.000     0.000     3.000     6.000    13.000    16.000    19.000    55.722     2.207    -0.645     0.123    90.337     5.417    -0.213     0.381
    45.000    47.000    40.000    24.000         *         *    93.000    90.000    76.000    78.000         *         *     0.000     1.000     1.000   -13.578     1.000    12.000     0.000     3.000     6.000    13.000    16.000    19.000    45.107     2.544    -0.847     0.143    84.852     5.531    -0.570     0.446
    38.000    34.000    36.000    24.000    25.000    32.000    87.000    51.000    68.000    73.000    76.000    60.000     0.000     0.000     0.000   -11.089     3.000     0.000     0.000     3.000     6.000    13.000    16.000    19.000    40.161     2.207    -0.816     0.123    75.606     5.417    -0.743     0.381
    45.000    51.000    41.000         *         *         *    71.000    72.000    79.000         *         *         *     0.000     1.000     0.000   -13.100     1.000     2.000     0.000     3.000     6.000    13.000    16.000    19.000    47.625     2.873    -0.692     0.155    74.018     5.834    -0.533     0.477
    39.000    39.000    41.000    28.000    23.000    23.000    85.000    71.000    61.000    55.000    61.000    52.000     0.000     0.000     0.000   -13.384     0.000    10.000     0.000     3.000     6.000    13.000    16.000    19.000    41.131     2.207    -0.852     0.123    71.859     5.417    -0.894     0.381
    37.000    28.000    27.000    35.000    20.000    27.000    61.000    49.000    25.000    28.000    44.000    24.000     0.000     1.000     0.000   -11.892     0.000    -2.000     0.000     3.000     6.000    13.000    16.000    19.000    36.646     2.207    -0.704     0.123    50.065     5.417    -1.167     0.381
    35.000    21.000    30.000    17.000         *         *    63.000    44.000    35.000    29.000         *         *     0.000     0.000     0.000   -11.892     0.000     0.000     0.000     3.000     6.000    13.000    16.000    19.000    32.244     2.544    -0.828     0.143    51.027     5.531    -1.350     0.446
    38.000    36.000    42.000         *         *         *    62.000         *    47.000         *         *         *     0.000     1.000     0.000   -11.624     1.000     6.000     0.000     3.000     6.000    13.000    16.000    19.000    42.085     2.877    -0.737     0.155    57.588     6.827    -0.807     0.477
    36.000    39.000    46.000    38.000    41.000         *    83.000    87.000    73.000    81.000    65.000         *     0.000     1.000     0.000   -14.545     2.000    13.000     0.000     3.000     6.000    13.000    16.000    19.000    46.546     2.338    -0.688     0.133    81.181     5.435    -0.623     0.414
    11.000         *         *         *         *         *    60.000         *         *         *         *         *     0.000     0.000     0.000   -12.689     1.000    -3.000     0.000     3.000     6.000    13.000    16.000    19.000    26.735     4.151    -0.861     0.166    58.965     8.582    -1.513     0.491
    41.000         *         *         *         *         *    39.000         *         *         *         *         *     0.000     1.000     1.000   -13.725     0.000     4.000     0.000     3.000     6.000    13.000    16.000    19.000    42.790     4.151    -0.634     0.166    46.223     8.582    -0.507     0.491
    50.000         *         *         *         *         *    37.000         *         *         *         *         *     0.000     1.000     0.000   -13.725     0.000     2.000     0.000     3.000     6.000    13.000    16.000    19.000    46.834     4.151    -0.610     0.166    45.449     8.582    -0.349     0.491
    50.000    34.000    35.000         *         *         *    70.000    72.000    40.000         *         *         *     1.000     0.000     1.000   -13.124     0.000     8.000     0.000     3.000     6.000    13.000    16.000    19.000    42.284     2.873    -0.851     0.155    62.713     5.834    -0.849     0.477
    65.000    55.000    67.000         *         *         *    88.000    65.000    69.000         *         *         *     0.000     0.000     0.000   -12.884     0.000    10.000     0.000     3.000     6.000    13.000    16.000    19.000    59.628     2.873    -0.533     0.155    74.050     5.834    -0.190     0.477
    53.000    61.000    58.000    60.000    47.000    46.000    87.000    93.000    95.000    56.000    71.000    75.000     0.000     0.000     1.000   -15.213     0.000    13.000     0.000     3.000     6.000    13.000    16.000    19.000    57.143     2.207    -0.471     0.123    83.767     5.417    -0.538     0.381
    50.000    47.000    40.000    33.000    29.000    31.000    78.000    62.000    95.000    67.000    84.000    72.000     0.000     0.000     0.000   -15.210     1.000    10.000     0.000     3.000     6.000    13.000    16.000    19.000    46.650     2.207    -0.828     0.123    77.504     5.417    -0.208     0.381
    41.000    45.000    43.000    27.000    27.000    36.000    54.000    99.000    73.000    63.000    87.000    72.000     0.000     1.000     0.000   -16.081     1.000     9.000     0.000     3.000     6.000    13.000    16.000    19.000    45.328     2.207    -0.803     0.123    75.030     5.417    -0.142     0.381
    53.000    46.000    43.000         *         *         *    63.000    64.000    82.000         *         *         *     0.000     1.000     0.000   -15.059     0.000     0.000     0.000     3.000     6.000    13.000    16.000    19.000    48.740     2.873    -0.643     0.155    69.502     5.834    -0.329     0.477
    50.000    51.000    49.000    50.000    45.000         *    66.000    76.000    54.000    53.000    40.000         *     0.000     1.000     1.000   -15.059     0.000    -7.000     0.000     3.000     6.000    13.000    16.000    19.000    49.971     2.338    -0.367     0.133    64.885     5.435    -0.882     0.414
    40.000    40.000         *    34.000    35.000    35.000    39.000    59.000         *    52.000    24.000    44.000     0.000     0.000     0.000   -16.732     0.000     1.000     0.000     3.000     6.000    13.000    16.000    19.000    42.632     2.352    -0.556     0.124    51.525     5.858    -0.639     0.386
    28.000    24.000    20.000         *     6.000    13.000    35.000    56.000    35.000    47.000    34.000    43.000     0.000     1.000     1.000   -16.721     1.000     1.000     0.000     3.000     6.000    13.000    16.000    19.000    29.331     2.323    -0.887     0.126    48.364     5.417    -0.612     0.381
    49.000    50.000    41.000    34.000    31.000    26.000    94.000    75.000    90.000    91.000    63.000    52.000     0.000     1.000     0.000   -17.606     1.000     2.000     0.000     3.000     6.000    13.000    16.000    19.000    45.386     2.207    -0.718     0.123    83.876     5.417    -0.780     0.381
    42.000    42.000    42.000    48.000    43.000    25.000    64.000    88.000    62.000    33.000    44.000    54.000     0.000     1.000     0.000   -17.381     1.000     3.000     0.000     3.000     6.000    13.000    16.000    19.000    45.298     2.207    -0.530     0.123    66.546     5.417    -0.911     0.381
    51.000    41.000    50.000    37.000    39.000    57.000    70.000         *    55.000    40.000    52.000         *     0.000     1.000     0.000   -15.594     1.000    13.000     0.000     3.000     6.000    13.000    16.000    19.000    50.364     2.232    -0.492     0.125    60.336     6.099    -0.528     0.423
    57.000    50.000    50.000    52.000    37.000    46.000    95.000    98.000   107.000    83.000   100.000   104.000     0.000     1.000     0.000   -15.538     0.000     7.000     0.000     3.000     6.000    13.000    16.000    19.000    55.082     2.207    -0.682     0.123    95.522     5.417    -0.045     0.381
    50.000    47.000    44.000    32.000    32.000    44.000    57.000    86.000    77.000    68.000    72.000    77.000     0.000     1.000     0.000   -15.242     0.000    15.000     0.000     3.000     6.000    13.000    16.000    19.000    49.559     2.207    -0.766     0.123    72.033     5.417    -0.018     0.381
    59.000    51.000         *         *         *         *    31.000    38.000    40.000         *         *         *     0.000     0.000     0.000   -15.605     0.000    10.000     0.000     3.000     6.000    13.000    16.000    19.000    51.924     3.314    -0.551     0.160    40.895     5.834     0.080     0.479
    50.000    49.000    48.000         *         *         *    54.000    16.000    27.000         *         *         *     0.000     0.000     0.000   -15.603     0.000    11.000     0.000     3.000     6.000    13.000    16.000    19.000    48.796     2.873    -0.542     0.155    38.265     5.834    -0.247     0.477
    51.000    45.000    45.000    36.000    34.000    31.000    78.000    70.000    72.000    73.000    81.000         *     0.000     1.000     0.000   -18.250     0.000    12.000     0.000     3.000     6.000    13.000    16.000    19.000    48.364     2.232    -0.767     0.125    73.552     5.432     0.026     0.414
         *         *    38.000    45.000    35.000    34.000         *         *    89.000    79.000    59.000         *     0.000     1.000     0.000   -11.721     2.000    -2.000     0.000     3.000     6.000    13.000    16.000    19.000    46.766     2.621    -0.669     0.127    83.598     7.525    -0.906     0.467
         *         *    40.000    31.000    29.000    35.000         *         *    58.000    61.000    47.000    61.000     0.000     1.000     1.000   -11.721     0.000    -3.000     0.000     3.000     6.000    13.000    16.000    19.000    43.381     2.585    -0.690     0.125    65.033     7.466    -0.680     0.445
         *         *         *    52.000    34.000         *         *         *         *         *         *         *     0.000     0.000     1.000    -4.306     0.000     6.000     0.000     3.000     6.000    13.000    16.000    19.000    49.366     3.437    -0.696     0.144    61.473    14.708    -0.902     0.506
         *         *         *    45.000    31.000    39.000         *         *         *    40.000    25.000         *     0.000     1.000     0.000    -3.381     1.000     6.000     0.000     3.000     6.000    13.000    16.000    19.000    47.617     2.873    -0.713     0.127    50.372     9.028    -1.056     0.487
         *         *         *    29.000    27.000    37.000         *         *         *    38.000    37.000    49.000     0.000     1.000     0.000    -3.475     1.000     6.000     0.000     3.000     6.000    13.000    16.000    19.000    44.352     2.831    -0.847     0.125    56.254     8.821    -0.947     0.473
         *    46.000    45.000    34.000    30.000    45.000         *    51.000    50.000    55.000    38.000         *     0.000     0.000     0.000   -13.600     1.000     0.000     0.000     3.000     6.000    13.000    16.000    19.000    45.784     2.412    -0.577     0.126    56.767     6.367    -0.662     0.442
         *    48.000    45.000    42.000         *         *         *    50.000    52.000    28.000         *         *     0.000     0.000     0.000   -13.600     1.000     6.000     0.000     3.000     6.000    13.000    16.000    19.000    47.232     2.817    -0.560     0.143    51.747     6.518    -0.694     0.469
         *    39.000         *         *         *         *         *    40.000         *         *         *         *     0.000     0.000     0.000   -14.078     1.000     1.000     0.000     3.000     6.000    13.000    16.000    19.000    41.337     4.067    -0.661     0.162    50.403     8.750    -0.673     0.500
         *    40.000    34.000    37.000         *         *         *    39.000         *    36.000         *         *     0.000     1.000     0.000   -14.150     1.000     0.000     0.000     3.000     6.000    13.000    16.000    19.000    41.859     2.821    -0.622     0.144    47.016     7.510    -0.678     0.470
         *    42.000         *         *         *         *         *    99.000         *         *         *         *     0.000     0.000     0.000   -15.374     0.000     8.000     0.000     3.000     6.000    13.000    16.000    19.000    47.385     4.067    -0.737     0.162    88.513     8.750    -0.577     0.500
         *    46.000    38.000    60.000    41.000    42.000         *    26.000    38.000    43.000    29.000    49.000     0.000     1.000     1.000   -16.471     0.000    10.000     0.000     3.000     6.000    13.000    16.000    19.000    49.983     2.382    -0.441     0.124    39.806     6.345    -0.020     0.414
         *         *         *    34.000    34.000    32.000         *         *         *    40.000    21.000    48.000     0.000     1.000     0.000    -6.400     1.000    -5.000     0.000     3.000     6.000    13.000    16.000    19.000    43.314     2.831    -0.698     0.125    54.325     8.821    -1.079     0.473
         *         *         *    22.000    19.000    20.000         *         *         *     9.000    25.000    48.000     0.000     1.000     0.000    -6.406     0.000     2.000     0.000     3.000     6.000    13.000    16.000    19.000    36.850     2.831    -0.927     0.125    43.124     8.821    -0.915     0.473
         *         *         *    22.000    25.000    33.000         *         *         *    76.000   101.000    97.000     0.000     0.000     0.000    -4.598     0.000    11.000     0.000     3.000     6.000    13.000    16.000    19.000    46.377     2.831    -1.102     0.125    90.744     8.821    -0.399     0.473
         *         *         *    30.000    19.000    30.000         *         *         *    97.000    84.000   104.000     0.000     0.000     0.000    -4.542     0.000     2.000     0.000     3.000     6.000    13.000    16.000    19.000    45.150     2.831    -1.077     0.125    96.693     8.821    -0.604     0.473
         *         *         *    44.000    39.000    51.000         *         *         *    35.000    49.000    37.000     0.000     1.000     0.000    -4.589     1.000    13.000     0.000     3.000     6.000    13.000    16.000    19.000    52.706     2.831    -0.657     0.125    53.035     8.821    -0.710     0.473
         *    58.000         *    40.000    40.000    51.000         *    72.000         *    52.000    56.000    56.000     0.000     1.000     0.000   -14.570     1.000    15.000     0.000     3.000     6.000    13.000    16.000    19.000    53.465     2.566    -0.578     0.124    64.247     7.088    -0.344     0.426
         *    59.000    55.000    54.000    52.000    57.000         *    88.000    86.000    71.000    85.000   102.000     0.000     1.000     0.000   -16.377     0.000     6.000     0.000     3.000     6.000    13.000    16.000    19.000    59.594     2.382    -0.481     0.124    83.210     6.345     0.133     0.414
         *    43.000    35.000    37.000    35.000    31.000         *    32.000    23.000    36.000    29.000    47.000     0.000     1.000     0.000   -15.978     0.000    -5.000     0.000     3.000     6.000    13.000    16.000    19.000    42.709     2.382    -0.574     0.124    39.005     6.345    -0.297     0.414
         *    51.000    56.000         *         *         *         *    76.000    82.000         *         *         *     0.000     1.000     0.000   -14.936     1.000     4.000     0.000     3.000     6.000    13.000    16.000    19.000    53.662     3.283    -0.583     0.155    77.961     7.024    -0.253     0.493
         *    55.000    44.000    30.000    29.000    43.000         *    87.000    70.000    73.000    56.000    75.000     0.000     1.000     0.000   -14.936     0.000     4.000     0.000     3.000     6.000    13.000    16.000    19.000    48.258     2.382    -0.709     0.124    76.282     6.345    -0.474     0.414
    34.000    36.000    40.000    39.000    35.000    23.000    56.000    42.000    34.000    42.000    62.000    53.000     0.000     1.000     0.000   -21.172     0.000     2.000     0.000     3.000     6.000    13.000    16.000    19.000    41.453     2.207    -0.601     0.123    50.081     5.417    -0.087     0.381
    38.000    37.000    37.000    28.000    28.000         *    31.000    45.000    48.000    54.000    50.000    40.000     0.000     1.000     0.000   -21.153     0.000    -2.000     0.000     3.000     6.000    13.000    16.000    19.000    39.713     2.306    -0.633     0.131    47.043     5.419    -0.109     0.382
         *         *    56.000    34.000    37.000    35.000         *         *    48.000    49.000    45.000    47.000     0.000     1.000     0.000   -13.511     0.000     2.000     0.000     3.000     6.000    13.000    16.000    19.000    48.024     2.585    -0.636     0.125    54.183     7.466    -0.428     0.445
         *         *    42.000    52.000    50.000    52.000         *         *    64.000    60.000    55.000    68.000     0.000     0.000     0.000   -13.511     0.000     0.000     0.000     3.000     6.000    13.000    16.000    19.000    53.038     2.585    -0.433     0.125    68.052     7.466    -0.488     0.445
         *         *         *    35.000    35.000    48.000         *         *         *    55.000    67.000    52.000     0.000     0.000     1.000    -5.653     0.000    -5.000     0.000     3.000     6.000    13.000    16.000    19.000    47.500     2.831    -0.633     0.125    71.987     8.821    -1.027     0.473
         *         *         *    46.000    26.000    37.000         *         *         *    48.000    59.000         *     0.000     0.000     0.000    -5.650     0.000     3.000     0.000     3.000     6.000    13.000    16.000    19.000    47.194     2.873    -0.769     0.127    64.493     9.028    -0.862     0.487
         *    68.000    43.000    49.000    46.000    50.000         *    58.000    63.000    52.000    76.000    80.000     0.000     1.000     0.000   -15.495     0.000    17.000     0.000     3.000     6.000    13.000    16.000    19.000    57.393     2.382    -0.616     0.124    61.421     6.345     0.420     0.414
         *    55.000    70.000    48.000    51.000    60.000         *    49.000    68.000    54.000    70.000    83.000     0.000     1.000     0.000   -15.495     0.000    21.000     0.000     3.000     6.000    13.000    16.000    19.000    61.493     2.382    -0.530     0.124    58.949     6.345     0.585     0.414
         *    47.000    39.000    41.000    35.000    26.000         *    34.000    41.000    41.000    12.000    25.000     0.000     1.000     0.000   -17.758     1.000     1.000     0.000     3.000     6.000    13.000    16.000    19.000    43.085     2.382    -0.530     0.124    41.322     6.345    -0.668     0.414
    42.000    44.000    43.000    45.000    35.000    34.000    47.000    53.000    49.000    45.000    29.000    39.000     0.000     1.000     0.000   -21.450     0.000     5.000     0.000     3.000     6.000    13.000    16.000    19.000    45.066     2.207    -0.468     0.123    49.734     5.417    -0.460     0.381
    46.000    40.000    40.000    30.000    24.000    42.000    72.000    87.000    91.000    84.000    66.000    66.000     0.000     1.000     0.000   -21.450     2.000     0.000     0.000     3.000     6.000    13.000    16.000    19.000    43.696     2.207    -0.613     0.123    81.691     5.417    -0.485     0.381
         *         *         *    48.000    39.000         *         *         *         *    40.000    23.000         *     0.000     1.000     0.000    -8.367     0.000     0.000     0.000     3.000     6.000    13.000    16.000    19.000    47.974     3.163    -0.568     0.134    48.110     9.030    -0.939     0.487
    45.000    50.000         *    41.000    42.000    43.000   107.000    73.000         *    68.000    59.000         *     0.000     1.000     0.000   -21.525     0.000    10.000     0.000     3.000     6.000    13.000    16.000    19.000    49.503     2.381    -0.487     0.126    80.883     5.903    -0.652     0.416
    42.000    48.000         *    30.000    25.000    43.000    62.000    78.000         *    86.000    88.000    74.000     0.000     0.000     0.000   -21.522     3.000     4.000     0.000     3.000     6.000    13.000    16.000    19.000    45.292     2.352    -0.657     0.124    76.768     5.858     0.107     0.386
         *         *         *    16.000         *         *         *         *         *         *         *         *     0.000     0.000     0.000    -6.025     0.000    -7.000     0.000     3.000     6.000    13.000    16.000    19.000    32.061     4.078    -0.900     0.152    50.744    14.782    -1.546     0.509
         *    45.000    45.000    31.000    31.000         *         *    84.000    73.000    51.000    31.000    85.000     0.000     1.000     0.000   -18.745     0.000     7.000     0.000     3.000     6.000    13.000    16.000    19.000    45.455     2.507    -0.667     0.132    70.118     6.347    -0.500     0.414
         *    48.000    39.000    62.000    38.000    38.000         *    86.000    72.000    80.000    56.000    83.000     0.000     1.000     1.000   -18.691     2.000     5.000     0.000     3.000     6.000    13.000    16.000    19.000    50.436     2.382    -0.493     0.124    78.480     6.345    -0.290     0.414
         *    42.000    43.000    36.000    24.000    28.000         *    73.000    72.000    72.000    51.000    58.000     0.000     0.000     0.000   -19.009     2.000     6.000     0.000     3.000     6.000    13.000    16.000    19.000    42.969     2.382    -0.692     0.124    72.322     6.345    -0.581     0.414
         *    48.000    45.000    30.000    26.000    38.000         *    66.000    72.000    70.000    75.000    80.000     0.000     1.000     0.000   -18.854     0.000     3.000     0.000     3.000     6.000    13.000    16.000    19.000    46.534     2.382    -0.729     0.124    71.226     6.345     0.048     0.414
         *    42.000    47.000    27.000    35.000    41.000         *    54.000    41.000    37.000    19.000    56.000     0.000     0.000     0.000   -18.138     1.000     6.000     0.000     3.000     6.000    13.000    16.000    19.000    44.356     2.382    -0.539     0.124    49.632     6.345    -0.514     0.414
         *    45.000         *         *         *         *         *    71.000         *         *         *         *     0.000     1.000     0.000   -17.327     3.000     8.000     0.000     3.000     6.000    13.000    16.000    19.000    48.233     4.067    -0.640     0.162    73.435     8.750    -0.233     0.500
         *    23.000    26.000    26.000    19.000    19.000         *    22.000         *         *    20.000    33.000     0.000     0.000     0.000   -17.250     0.000    -4.000     0.000     3.000     6.000    13.000    16.000    19.000    32.324     2.389    -0.698     0.125    38.146     7.480    -0.744     0.425
         *    50.000    44.000    47.000    41.000    38.000         *    75.000    71.000    61.000    74.000    88.000     0.000     1.000     0.000   -18.731     1.000     7.000     0.000     3.000     6.000    13.000    16.000    19.000    51.038     2.382    -0.607     0.124    72.609     6.345     0.078     0.414
         *    47.000    60.000    47.000    45.000    40.000         *    97.000    95.000    91.000    97.000    71.000     0.000     1.000     0.000   -18.734     1.000     8.000     0.000     3.000     6.000    13.000    16.000    19.000    54.036     2.382    -0.581     0.124    91.196     6.345    -0.248     0.414
         *    41.000    32.000    51.000         *    40.000         *    90.000    64.000    67.000         *    73.000     0.000     0.000     0.000   -19.008     3.000     2.000     0.000     3.000     6.000    13.000    16.000    19.000    46.410     2.543    -0.498     0.130    79.322     6.444    -0.559     0.424
         *    49.000    50.000    39.000    37.000    40.000         *    78.000    55.000    56.000    89.000    59.000     0.000     0.000     0.000   -19.083     1.000     8.000     0.000     3.000     6.000    13.000    16.000    19.000    49.498     2.382    -0.595     0.124    69.269     6.345    -0.121     0.414
         *    34.000    39.000    34.000    34.000    37.000         *    69.000    58.000    29.000    35.000    37.000     0.000     0.000     0.000   -20.108     1.000    12.000     0.000     3.000     6.000    13.000    16.000    19.000    42.150     2.382    -0.513     0.124    58.000     6.345    -0.935     0.414
         *    44.000    45.000    32.000         *    40.000         *    78.000    70.000    80.000         *    66.000     0.000     1.000     0.000   -19.863     2.000     7.000     0.000     3.000     6.000    13.000    16.000    19.000    47.345     2.543    -0.611     0.130    75.822     6.444    -0.244     0.424
         *    41.000    47.000    37.000    31.000    35.000         *    88.000    99.000    81.000    94.000    88.000     0.000     1.000     0.000   -19.922     1.000    13.000     0.000     3.000     6.000    13.000    16.000    19.000    48.319     2.382    -0.756     0.124    88.396     6.345    -0.035     0.414
         *         *    40.000    40.000    44.000    34.000         *         *    66.000    67.000    66.000    68.000     0.000     0.000     0.000   -17.365     1.000     5.000     0.000     3.000     6.000    13.000    16.000    19.000    47.680     2.585    -0.604     0.125    70.912     7.466    -0.309     0.445
         *         *         *    42.000    37.000    37.000         *         *         *    95.000    52.000    64.000     0.000     1.000     0.000   -10.376     1.000     3.000     0.000     3.000     6.000    13.000    16.000    19.000    49.334     2.831    -0.711     0.125    78.496     8.821    -0.671     0.473
    49.000    58.000    48.000    60.000    50.000    42.000    76.000   108.000   101.000   100.000    95.000   104.000     0.000     1.000     0.000   -24.467     0.000     4.000     0.000     3.000     6.000    13.000    16.000    19.000    55.748     2.207    -0.467     0.123    91.978     5.417     0.375     0.381
    47.000    40.000    44.000    30.000    30.000    35.000    64.000    73.000    60.000    75.000    84.000    94.000     0.000     0.000     1.000   -24.239     3.000     1.000     0.000     3.000     6.000    13.000    16.000    19.000    44.372     2.207    -0.617     0.123    71.703     5.417     0.437     0.381
         *    60.000    44.000    42.000    40.000    36.000         *    90.000    89.000    75.000    69.000    77.000     0.000     1.000     0.000   -20.433     3.000    -5.000     0.000     3.000     6.000    13.000    16.000    19.000    49.389     2.382    -0.520     0.124    85.077     6.345    -0.459     0.414
         *    50.000    46.000    35.000    32.000    37.000         *    79.000    92.000    68.000    63.000    87.000     0.000     1.000     0.000   -20.377     3.000    -5.000     0.000     3.000     6.000    13.000    16.000    19.000    46.498     2.382    -0.581     0.124    81.858     6.345    -0.370     0.414
         *    46.000    65.000    43.000    37.000    46.000         *    84.000    81.000    78.000    89.000    63.000     0.000     1.000     0.000   -20.299     0.000     6.000     0.000     3.000     6.000    13.000    16.000    19.000    53.071     2.382    -0.539     0.124    79.607     6.345    -0.135     0.414
         *    48.000    42.000    60.000    35.000    39.000         *    96.000    74.000    95.000    86.000    69.000     0.000     1.000     1.000   -20.286     1.000     0.000     0.000     3.000     6.000    13.000    16.000    19.000    50.234     2.382    -0.486     0.124    86.283     6.345    -0.316     0.414
         *         *    36.000    41.000    34.000    36.000         *         *    33.000    30.000    26.000    37.000     0.000     0.000     0.000   -19.303     1.000    10.000     0.000     3.000     6.000    13.000    16.000    19.000    43.775     2.585    -0.512     0.125    41.310     7.466    -0.422     0.445
         *         *    52.000    33.000         *    43.000         *         *    83.000    61.000         *    64.000     0.000     0.000     0.000   -19.303     0.000    10.000     0.000     3.000     6.000    13.000    16.000    19.000    49.737     2.802    -0.577     0.130    73.045     7.667    -0.320     0.451
         *         *         *    39.000    42.000    55.000         *         *         *    79.000    77.000    83.000     0.000     1.000     0.000   -11.224     3.000    10.000     0.000     3.000     6.000    13.000    16.000    19.000    54.458     2.831    -0.642     0.125    82.451     8.821    -0.275     0.473
         *         *         *    54.000    36.000    47.000         *         *         *    69.000    76.000    89.000     0.000     1.000     0.000   -11.055     3.000    12.000     0.000     3.000     6.000    13.000    16.000    19.000    55.187     2.831    -0.686     0.125    78.685     8.821    -0.100     0.473
    55.000         *         *         *         *         *    68.000         *         *         *         *         *     0.000     1.000     0.000   -27.605     0.000    13.000     0.000     3.000     6.000    13.000    16.000    19.000    55.462     4.151    -0.415     0.166    70.594     8.582     0.595     0.491
         *         *         *    43.000    35.000    39.000         *         *         *    33.000    35.000         *     0.000     1.000     0.000   -11.892     0.000     4.000     0.000     3.000     6.000    13.000    16.000    19.000    47.067     2.873    -0.583     0.127    47.661     9.028    -0.680     0.487
         *         *         *    41.000    42.000    50.000         *         *         *    82.000    41.000    63.000     0.000     0.000     0.000   -11.854     2.000    10.000     0.000     3.000     6.000    13.000    16.000    19.000    51.818     2.831    -0.580     0.125    71.949     8.821    -0.604     0.473
         *         *         *    46.000    44.000    36.000         *         *         *    58.000    38.000    57.000     0.000     1.000     0.000   -14.597     0.000     0.000     0.000     3.000     6.000    13.000    16.000    19.000    49.193     2.831    -0.540     0.125    59.661     8.821    -0.494     0.473
         *         *         *    33.000         *    47.000         *         *         *    96.000         *    95.000     0.000     1.000     0.000   -13.633     3.000     8.000     0.000     3.000     6.000    13.000    16.000    19.000    52.067     3.151    -0.724     0.130    93.173     9.310    -0.181     0.475
         *         *    60.000    55.000    36.000         *         *         *   112.000   109.000   107.000         *     0.000     1.000     0.000   -19.333     0.000    16.000     0.000     3.000     6.000    13.000    16.000    19.000    58.563     2.809    -0.706     0.133    99.510     7.528     0.392     0.467
         *         *    45.000    29.000    33.000    45.000         *         *    71.000    71.000    72.000         *     0.000     1.000     0.000   -19.275     1.000     8.000     0.000     3.000     6.000    13.000    16.000    19.000    47.677     2.621    -0.642     0.127    72.631     7.525    -0.119     0.467
         *         *         *    56.000    39.000    42.000         *         *         *    69.000    62.000    41.000     0.000     1.000     0.000   -12.616     0.000    -4.000     0.000     3.000     6.000    13.000    16.000    19.000    51.218     2.831    -0.506     0.125    67.905     8.821    -0.703     0.473
         *         *         *    42.000    45.000    56.000         *         *         *    78.000    87.000    86.000     0.000     1.000     0.000   -12.560     0.000    -2.000     0.000     3.000     6.000    13.000    16.000    19.000    54.972     2.831    -0.561     0.125    83.814     8.821    -0.252     0.473
         *         *         *    40.000    44.000    38.000         *         *         *    58.000    70.000    82.000     0.000     1.000     0.000   -14.828     1.000    10.000     0.000     3.000     6.000    13.000    16.000    19.000    51.389     2.831    -0.676     0.125    70.016     8.821    -0.039     0.473
         *         *         *    42.000    25.000    41.000         *         *         *    47.000    51.000    55.000     0.000     1.000     0.000   -15.194     2.000     8.000     0.000     3.000     6.000    13.000    16.000    19.000    46.432     2.831    -0.643     0.125    59.730     8.821    -0.424     0.473
         *         *         *    38.000    34.000    40.000         *         *         *    79.000    63.000    82.000     0.000     1.000     0.000   -15.299     1.000    10.000     0.000     3.000     6.000    13.000    16.000    19.000    49.578     2.831    -0.720     0.125    75.496     8.821    -0.153     0.473
         *         *         *    51.000    40.000    42.000         *         *         *    79.000    75.000    86.000     0.000     0.000     0.000   -13.798     3.000    13.000     0.000     3.000     6.000    13.000    16.000    19.000    53.668     2.831    -0.663     0.125    81.901     8.821    -0.154     0.473
         *         *         *    35.000         *         *         *         *         *   110.000         *         *     0.000     1.000     0.000   -14.888     2.000    10.000     0.000     3.000     6.000    13.000    16.000    19.000    50.300     3.837    -0.831     0.146    96.851     9.974    -0.099     0.499
         *         *         *    70.000    70.000    69.000         *         *         *   112.000   109.000   112.000     0.000     1.000     0.000   -15.466     2.000    17.000     0.000     3.000     6.000    13.000    16.000    19.000    71.481     2.831    -0.394     0.125    98.601     8.821     0.568     0.473
         *         *         *    41.000    30.000    45.000         *         *         *    45.000    66.000         *     0.000     1.000     1.000   -16.480     0.000     1.000     0.000     3.000     6.000    13.000    16.000    19.000    47.121     2.873    -0.538     0.127    62.185     9.028    -0.374     0.487
         *         *         *    30.000    16.000    29.000         *         *         *         *         *         *     0.000     1.000     0.000   -16.917     2.000     1.000     0.000     3.000     6.000    13.000    16.000    19.000    39.333     3.146    -0.757     0.138    66.706    14.689    -0.625     0.506
         *         *         *    29.000    24.000    37.000         *         *         *    41.000    43.000         *     0.000     1.000     0.000   -16.869     2.000     7.000     0.000     3.000     6.000    13.000    16.000    19.000    41.927     2.873    -0.661     0.127    54.857     9.028    -0.558     0.487
         *         *         *    55.000    54.000    70.000         *         *         *    80.000    74.000    85.000     0.000     1.000     1.000   -18.436     0.000     2.000     0.000     3.000     6.000    13.000    16.000    19.000    60.599     2.831    -0.263     0.125    77.678     8.821     0.057     0.473
         *         *         *    68.000    55.000         *         *         *         *    84.000   100.000    87.000     0.000     1.000     0.000   -18.800     2.000     2.000     0.000     3.000     6.000    13.000    16.000    19.000    61.368     3.100    -0.361     0.133    86.701     8.821     0.153     0.473
         *         *         *    35.000    36.000    43.000         *         *         *    76.000    78.000   107.000     0.000     1.000     1.000   -18.527     1.000    19.000     0.000     3.000     6.000    13.000    16.000    19.000    51.576     2.831    -0.730     0.125    79.009     8.821     0.387     0.473
         *         *         *    57.000    44.000    45.000         *         *         *    79.000    75.000    92.000     0.000     1.000     0.000   -18.645     1.000    22.000     0.000     3.000     6.000    13.000    16.000    19.000    58.040     2.831    -0.619     0.125    74.411     8.821     0.457     0.473
         *         *         *    45.000         *         *         *         *         *    52.000         *         *     0.000     1.000     0.000   -17.059     1.000    18.000     0.000     3.000     6.000    13.000    16.000    19.000    52.005     3.837    -0.604     0.146    58.571     9.974    -0.025     0.499
         *         *         *    42.000    33.000    38.000         *         *         *    44.000    52.000    71.000     0.000     1.000     0.000   -16.867     0.000    11.000     0.000     3.000     6.000    13.000    16.000    19.000    48.667     2.831    -0.658     0.125    57.485     8.821    -0.047     0.473
