     8.000         *         *         *         *         *    12.000         *         *         *         *         *     0.000     0.000     0.000    17.816     0.000    -8.000     0.000     3.000     6.000    13.000    16.000    19.000    14.688     4.188    -1.315     0.199    18.728     0.964    -0.137     0.117
    14.000         *         *         *         *         *    25.000         *         *         *         *         *     0.000     1.000     0.000    16.108     0.000    -1.000     0.000     3.000     6.000    13.000    16.000    19.000    22.050     4.188    -1.310     0.199    25.706     0.964    -0.301     0.117
    28.000         *         *         *         *         *    22.000         *         *         *         *         *     0.000     0.000     1.000    16.108     0.000    -2.000     0.000     3.000     6.000    13.000    16.000    19.000    27.509     4.188    -1.201     0.199    23.798     0.964    -0.197     0.117
    40.000    34.000    39.000    45.000    23.000         *    26.000    28.000    26.000    28.000    27.000         *     0.000     1.000     0.000    -8.223     0.000    15.000     0.000     3.000     6.000    13.000    16.000    19.000    43.086     2.541    -0.775     0.167    27.633     0.749    -0.051     0.075
    35.000    50.000    45.000    27.000         *         *    30.000    29.000    30.000    28.000         *         *     0.000     1.000     0.000    -8.223     0.000    17.000     0.000     3.000     6.000    13.000    16.000    19.000    45.010     2.670    -0.855     0.178    29.795     0.750    -0.135     0.089
    50.000    45.000    45.000    46.000         *         *    29.000    29.000    29.000    28.000         *         *     0.000     1.000     0.000    -8.650     0.000    11.000     0.000     3.000     6.000    13.000    16.000    19.000    49.679     2.670    -0.686     0.178    29.231     0.750    -0.096     0.089
    30.000    35.000    33.000         *         *         *    28.000    29.000    29.000         *         *         *     0.000     1.000     0.000    -8.997     0.000     0.000     0.000     3.000     6.000    13.000    16.000    19.000    37.211     2.927    -0.782     0.191    28.758     0.752    -0.111     0.110
    56.000    51.000    42.000    35.000    34.000    46.000    28.000    30.000    28.000    30.000    30.000    25.000     0.000     0.000     0.000   -10.008     0.000     8.000     0.000     3.000     6.000    13.000    16.000    19.000    49.830     2.480    -0.698     0.157    28.960     0.744    -0.059     0.063
    59.000    50.000    48.000    55.000    42.000    43.000    30.000    29.000    30.000    29.000    30.000    28.000     0.000     1.000     0.000   -10.005     0.000     6.000     0.000     3.000     6.000    13.000    16.000    19.000    53.950     2.480    -0.596     0.157    29.684     0.744    -0.050     0.063
    12.000         *         *         *         *         *    22.000         *         *         *         *         *     0.000     0.000     0.000    12.623     0.000    -7.000     0.000     3.000     6.000    13.000    16.000    19.000    19.568     4.188    -1.240     0.199    23.848     0.964    -0.215     0.117
    23.000    25.000         *         *         *         *    23.000    26.000         *         *         *         *     0.000     1.000     1.000     7.288     0.000     5.000     0.000     3.000     6.000    13.000    16.000    19.000    29.066     3.387    -1.078     0.195    25.508     0.812    -0.201     0.115
    22.000    29.000    25.000         *         *         *    24.000    27.000    24.000         *         *         *     0.000     0.000     0.000     7.288     2.000    -6.000     0.000     3.000     6.000    13.000    16.000    19.000    29.104     2.927    -1.072     0.191    25.837     0.752    -0.162     0.110
    19.000    26.000         *         *         *         *    28.000    23.000         *         *         *         *     0.000     0.000     0.000     7.122     0.000     1.000     0.000     3.000     6.000    13.000    16.000    19.000    27.133     3.387    -1.154     0.195    26.147     0.812    -0.258     0.115
    32.000    27.000         *         *         *         *    26.000    24.000         *         *         *         *     0.000     0.000     1.000     7.221     0.000    -2.000     0.000     3.000     6.000    13.000    16.000    19.000    31.279     3.387    -1.054     0.195    25.591     0.812    -0.195     0.115
    36.000    25.000    15.000         *         *         *    28.000    29.000    28.000         *         *         *     0.000     0.000     0.000     8.436     3.000     1.000     0.000     3.000     6.000    13.000    16.000    19.000    30.282     2.927    -1.192     0.191    28.435     0.752    -0.175     0.110
    32.000         *         *         *         *         *    30.000         *         *         *         *         *     0.000     0.000     0.000     6.127     3.000     1.000     0.000     3.000     6.000    13.000    16.000    19.000    33.607     4.188    -1.094     0.199    28.784     0.964    -0.200     0.117
    37.000         *         *         *         *         *    27.000         *         *         *         *         *     0.000     0.000     0.000     6.922     3.000     5.000     0.000     3.000     6.000    13.000    16.000    19.000    36.158     4.188    -1.088     0.199    27.430     0.964    -0.158     0.117
    32.000         *         *         *         *         *    28.000         *         *         *         *         *     1.000     0.000     0.000     6.859     3.000     5.000     0.000     3.000     6.000    13.000    16.000    19.000    32.591     4.188    -1.331     0.199    27.950     0.964    -0.091     0.117
    36.000    26.000    28.000         *         *         *    22.000    23.000    23.000         *         *         *     0.000     0.000     0.000     5.583     0.000    -5.000     0.000     3.000     6.000    13.000    16.000    19.000    32.425     2.927    -1.030     0.191    23.950     0.752    -0.125     0.110
    41.000    33.000    30.000         *         *         *    28.000    27.000    24.000         *         *         *     0.000     0.000     1.000     5.581     0.000     2.000     0.000     3.000     6.000    13.000    16.000    19.000    36.814     2.927    -1.023     0.191    26.917     0.752    -0.221     0.110
    42.000    44.000    41.000         *         *         *    29.000    28.000    29.000         *         *         *     0.000     1.000     0.000     7.339     1.000     8.000     0.000     3.000     6.000    13.000    16.000    19.000    43.791     2.927    -0.999     0.191    28.902     0.752    -0.170     0.110
    50.000    30.000         *         *         *         *    29.000    28.000         *         *         *         *     1.000     1.000     1.000     7.339     0.000     2.000     0.000     3.000     6.000    13.000    16.000    19.000    39.062     3.387    -1.230     0.195    28.204     0.812    -0.123     0.115
    30.000    35.000    21.000         *         *         *    26.000    28.000    24.000         *         *         *     0.000     0.000     0.000     5.217     0.000     6.000     0.000     3.000     6.000    13.000    16.000    19.000    32.987     2.927    -1.110     0.191    26.734     0.752    -0.208     0.110
         *    44.000    34.000         *         *         *         *    29.000    26.000         *         *         *     0.000     0.000     0.000     8.511     0.000     6.000     0.000     3.000     6.000    13.000    16.000    19.000    41.042     3.369    -1.061     0.191    27.899     0.900    -0.183     0.115
         *    29.000         *         *         *         *         *    28.000         *         *         *         *     0.000     0.000     1.000     8.511     0.000     8.000     0.000     3.000     6.000    13.000    16.000    19.000    34.270     4.135    -1.093     0.196    27.520     1.008    -0.204     0.118
    49.000    45.000    39.000    22.000    22.000         *    29.000    29.000    29.000    30.000    27.000         *     0.000     1.000     0.000     4.945     1.000    -1.000     0.000     3.000     6.000    13.000    16.000    19.000    42.389     2.541    -1.047     0.167    29.104     0.749    -0.084     0.075
    36.000    36.000    35.000         *         *         *    28.000    27.000    29.000         *         *         *     0.000     1.000     0.000     5.045     2.000    -1.000     0.000     3.000     6.000    13.000    16.000    19.000    38.149     2.927    -0.977     0.191    28.304     0.752    -0.145     0.110
    37.000    45.000    31.000         *         *         *    27.000    28.000    27.000         *         *         *     1.000     1.000     1.000     3.739     1.000     2.000     0.000     3.000     6.000    13.000    16.000    19.000    39.495     2.927    -1.131     0.191    27.615     0.752    -0.073     0.110
    40.000         *         *         *         *         *    28.000         *         *         *         *         *     0.000     1.000     0.000     5.531     0.000    -4.000     0.000     3.000     6.000    13.000    16.000    19.000    37.316     4.188    -1.009     0.199    27.643     0.964    -0.200     0.117
    22.000         *         *         *         *         *    27.000         *         *         *         *         *     0.000     1.000     1.000     5.531     0.000    -3.000     0.000     3.000     6.000    13.000    16.000    19.000    28.280     4.188    -1.042     0.199    26.822     0.964    -0.243     0.117
    37.000         *         *         *         *         *         *         *         *         *         *         *     0.000     1.000     0.000     2.030     2.000     9.000     0.000     3.000     6.000    13.000    16.000    19.000    38.983     4.198    -1.005     0.199    28.620     1.339    -0.191     0.119
    32.000    33.000    32.000         *         *         *    29.000    29.000    30.000         *         *         *     0.000     0.000     0.000     2.930     1.000     6.000     0.000     3.000     6.000    13.000    16.000    19.000    36.446     2.927    -1.000     0.191    29.087     0.752    -0.129     0.110
    24.000    25.000    19.000         *         *         *    28.000    29.000    29.000         *         *         *     0.000     1.000     0.000     2.930     0.000     8.000     0.000     3.000     6.000    13.000    16.000    19.000    29.873     2.927    -1.096     0.191    28.803     0.752    -0.203     0.110
    37.000    32.000         *         *         *         *    27.000    29.000         *         *         *         *     0.000     1.000     0.000     2.982     1.000    -2.000     0.000     3.000     6.000    13.000    16.000    19.000    36.315     3.387    -0.982     0.195    28.054     0.812    -0.166     0.115
    46.000    45.000    41.000    27.000         *         *    28.000    29.000    28.000    20.000         *         *     0.000     1.000     0.000     3.127     0.000    -6.000     0.000     3.000     6.000    13.000    16.000    19.000    42.684     2.670    -0.995     0.178    28.211     0.750    -0.360     0.089
    54.000    35.000    43.000    36.000         *         *    24.000    26.000    24.000    24.000         *         *     0.000     0.000     0.000     3.127     0.000     2.000     0.000     3.000     6.000    13.000    16.000    19.000    44.458     2.670    -0.892     0.178    25.587     0.750    -0.109     0.089
    32.000    20.000    20.000         *         *         *    29.000    30.000    28.000         *         *         *     0.000     0.000     0.000     3.597     1.000     1.000     0.000     3.000     6.000    13.000    16.000    19.000    29.766     2.927    -1.107     0.191    28.873     0.752    -0.190     0.110
    35.000         *    17.000         *         *         *    23.000         *    20.000         *         *         *     0.000     1.000     0.000     2.597     0.000    -4.000     0.000     3.000     6.000    13.000    16.000    19.000    30.178     3.371    -1.078     0.191    24.051     0.844    -0.239     0.111
    35.000         *         *         *         *         *    30.000         *         *         *         *         *     0.000     1.000     0.000     1.161     0.000    -2.000     0.000     3.000     6.000    13.000    16.000    19.000    36.482     4.188    -0.966     0.199    28.764     0.964    -0.214     0.117
    47.000    47.000         *         *         *         *    29.000    29.000         *         *         *         *     0.000     1.000     0.000     1.919     0.000    10.000     0.000     3.000     6.000    13.000    16.000    19.000    46.211     3.387    -0.928     0.195    28.940     0.812    -0.167     0.115
    37.000    35.000    37.000    35.000    28.000    22.000    29.000    28.000    29.000    30.000    28.000    27.000     0.000     0.000     0.000     2.048     0.000     7.000     0.000     3.000     6.000    13.000    16.000    19.000    40.776     2.480    -0.881     0.157    28.756     0.744    -0.058     0.063
    44.000    41.000    34.000         *         *         *    28.000    28.000    26.000         *         *         *     0.000     1.000     0.000     2.303     0.000     1.000     0.000     3.000     6.000    13.000    16.000    19.000    41.291     2.927    -0.954     0.191    27.891     0.752    -0.189     0.110
    18.000         *         *         *         *         *    24.000         *         *         *         *         *     1.000     0.000     0.000     2.303     0.000    -2.000     0.000     3.000     6.000    13.000    16.000    19.000    24.839     4.188    -1.271     0.199    25.386     0.964    -0.073     0.117
    40.000    43.000         *         *         *         *    26.000    28.000         *         *         *         *     0.000     0.000     0.000     1.484     0.000    11.000     0.000     3.000     6.000    13.000    16.000    19.000    42.036     3.387    -0.950     0.195    27.329     0.812    -0.113     0.115
    34.000    26.000    25.000    15.000    12.000    24.000    24.000    25.000    27.000    22.000    19.000    20.000     0.000     0.000     0.000     1.481     0.000     9.000     0.000     3.000     6.000    13.000    16.000    19.000    33.187     2.480    -1.046     0.157    26.067     0.744    -0.308     0.063
    20.000         *         *         *         *         *         *         *         *         *         *         *     0.000     1.000     0.000    -0.223     3.000    13.000     0.000     3.000     6.000    13.000    16.000    19.000    31.702     4.198    -1.053     0.199    28.681     1.339    -0.219     0.119
    22.000         *         *         *         *         *    29.000         *         *         *         *         *     0.000     1.000     0.000    -0.072     3.000    14.000     0.000     3.000     6.000    13.000    16.000    19.000    32.942     4.188    -1.052     0.199    29.046     0.964    -0.223     0.117
    36.000         *         *         *         *         *    28.000         *         *         *         *         *     0.000     0.000     0.000     0.141     0.000     1.000     0.000     3.000     6.000    13.000    16.000    19.000    36.674     4.188    -0.957     0.199    27.570     0.964    -0.153     0.117
    28.000    36.000    30.000         *         *         *    25.000    26.000    25.000         *         *         *     0.000     0.000     1.000     0.135     0.000    -2.000     0.000     3.000     6.000    13.000    16.000    19.000    34.339     2.927    -0.885     0.191    25.935     0.752    -0.127     0.110
    35.000         *         *         *         *         *    16.000         *         *         *         *         *     0.000     1.000     1.000     1.836     0.000    -6.000     0.000     3.000     6.000    13.000    16.000    19.000    33.368     4.188    -0.875     0.199    21.574     0.964    -0.053     0.117
    44.000    40.000         *         *         *         *    27.000    27.000         *         *         *         *     0.000     1.000     1.000     1.836     0.000    -7.000     0.000     3.000     6.000    13.000    16.000    19.000    40.482     3.387    -0.851     0.195    27.167     0.812    -0.148     0.115
    33.000    35.000    39.000         *         *         *    29.000    27.000    25.000         *         *         *     0.000     1.000     0.000     1.156     0.000     1.000     0.000     3.000     6.000    13.000    16.000    19.000    38.301     2.927    -0.940     0.191    27.780     0.752    -0.238     0.110
    48.000    44.000    38.000    40.000    30.000    34.000    26.000    26.000    25.000    23.000    24.000    26.000     0.000     1.000     0.000     1.156     0.000     1.000     0.000     3.000     6.000    13.000    16.000    19.000    45.288     2.480    -0.796     0.157    26.423     0.744    -0.119     0.063
    39.000    45.000    38.000    26.000    24.000    12.000    28.000    29.000    29.000    22.000    22.000    12.000     0.000     1.000     0.000     0.575     3.000     6.000     0.000     3.000     6.000    13.000    16.000    19.000    40.817     2.480    -1.173     0.157    29.396     0.744    -0.587     0.063
    39.000    37.000    32.000    32.000    24.000    15.000    28.000    28.000    28.000    28.000    28.000    26.000     0.000     1.000     0.000     0.575     2.000     2.000     0.000     3.000     6.000    13.000    16.000    19.000    39.104     2.480    -0.961     0.157    28.505     0.744    -0.094     0.063
    45.000    45.000    33.000         *         *         *    28.000    30.000    27.000         *         *         *     0.000     1.000     0.000    -0.200     0.000     1.000     0.000     3.000     6.000    13.000    16.000    19.000    42.649     2.927    -0.905     0.191    28.579     0.752    -0.156     0.110
    60.000    46.000    43.000         *         *         *    29.000    29.000    28.000         *         *         *     0.000     0.000     0.000    -0.200     0.000     1.000     0.000     3.000     6.000    13.000    16.000    19.000    48.674     2.927    -0.851     0.191    28.575     0.752    -0.091     0.110
    38.000    35.000         *         *         *         *    28.000    29.000         *         *         *         *     0.000     0.000     1.000     0.964     0.000     7.000     0.000     3.000     6.000    13.000    16.000    19.000    38.470     3.387    -0.930     0.195    28.113     0.812    -0.149     0.115
    42.000    30.000         *         *         *         *    29.000    27.000         *         *         *         *     0.000     0.000     0.000     0.997     0.000     8.000     0.000     3.000     6.000    13.000    16.000    19.000    38.135     3.387    -1.011     0.195    27.998     0.812    -0.177     0.115
    28.000    24.000    35.000    22.000    22.000     1.000    23.000    25.000    22.000    19.000    17.000     8.000     0.000     0.000     1.000    -1.358     0.000     0.000     0.000     3.000     6.000    13.000    16.000    19.000    31.873     2.480    -1.079     0.157    25.033     0.744    -0.578     0.063
    33.000    36.000    36.000         *         *         *    29.000    28.000    29.000         *         *         *     0.000     1.000     0.000    -1.358     0.000    -4.000     0.000     3.000     6.000    13.000    16.000    19.000    37.955     2.927    -0.864     0.191    28.703     0.752    -0.146     0.110
    45.000         *         *         *         *         *    28.000         *         *         *         *         *     0.000     1.000     0.000    -0.183     2.000     2.000     0.000     3.000     6.000    13.000    16.000    19.000    42.144     4.188    -0.908     0.199    28.306     0.964    -0.143     0.117
    38.000    42.000         *         *         *         *    29.000    29.000         *         *         *         *     0.000     0.000     1.000    -0.183     1.000     8.000     0.000     3.000     6.000    13.000    16.000    19.000    41.070     3.387    -0.890     0.195    28.612     0.812    -0.141     0.115
    27.000    26.000    25.000         *         *         *    29.000    28.000    27.000    28.000         *         *     0.000     0.000     0.000    -0.339     0.000    -6.000     0.000     3.000     6.000    13.000    16.000    19.000    31.002     2.911    -0.937     0.188    28.111     0.750    -0.101     0.089
    18.000    21.000    17.000         *         *         *    28.000    26.000    23.000         *         *         *     0.000     0.000     0.000    -0.339     0.000    -3.000     0.000     3.000     6.000    13.000    16.000    19.000    25.076     2.927    -1.071     0.191    26.566     0.752    -0.265     0.110
    31.000    34.000    34.000         *         *         *         *    29.000    29.000         *         *         *     0.000     1.000     0.000    -0.460     0.000     1.000     0.000     3.000     6.000    13.000    16.000    19.000    36.962     2.927    -0.914     0.191    28.951     0.897    -0.160     0.115
         *         *         *         *         *         *    29.000         *         *         *         *         *     0.000     1.000     0.000    -0.447     1.000    -2.000     0.000     3.000     6.000    13.000    16.000    19.000    38.627     5.856    -0.919     0.202    28.504     0.966    -0.175     0.119
    43.000    46.000    33.000         *         *         *    29.000    29.000    28.000         *         *         *     1.000     0.000     1.000    -1.575     0.000    11.000     0.000     3.000     6.000    13.000    16.000    19.000    42.787     2.927    -1.087     0.191    28.504     0.752    -0.046     0.110
    40.000    37.000    36.000    22.000     9.000    17.000    29.000    29.000    27.000    25.000    23.000    24.000     0.000     0.000     0.000    -0.167     0.000    -2.000     0.000     3.000     6.000    13.000    16.000    19.000    36.923     2.480    -1.094     0.157    28.313     0.744    -0.245     0.063
    57.000    63.000    65.000    46.000    44.000         *    29.000    29.000    28.000    28.000    27.000         *     0.000     0.000     0.000    -1.277     2.000    16.000     0.000     3.000     6.000    13.000    16.000    19.000    58.005     2.541    -0.791     0.167    28.979     0.749    -0.093     0.075
    40.000         *    33.000         *         *         *    24.000         *    20.000         *         *         *     0.000     1.000     0.000    -0.011     0.000    -2.000     0.000     3.000     6.000    13.000    16.000    19.000    37.551     3.371    -0.946     0.191    24.536     0.844    -0.221     0.111
    41.000    34.000    35.000         *         *         *    29.000    27.000    25.000         *         *         *     0.000     1.000     1.000    -0.783     0.000    -4.000     0.000     3.000     6.000    13.000    16.000    19.000    38.596     2.927    -0.869     0.191    27.599     0.752    -0.217     0.110
    48.000    41.000    42.000    31.000         *         *    28.000    27.000    27.000    27.000         *         *     0.000     1.000     0.000    -0.247     0.000    -5.000     0.000     3.000     6.000    13.000    16.000    19.000    43.562     2.670    -0.844     0.178    27.783     0.750    -0.103     0.089
    40.000    35.000    35.000    35.000    30.000    25.000    29.000    28.000    29.000    29.000    29.000    28.000     0.000     1.000     0.000    -1.146     1.000     4.000     0.000     3.000     6.000    13.000    16.000    19.000    41.345     2.480    -0.814     0.157    28.934     0.744    -0.045     0.063
    25.000         *         *         *         *         *    28.000         *         *         *         *         *     0.000     1.000     0.000    -0.895     2.000     8.000     0.000     3.000     6.000    13.000    16.000    19.000    33.417     4.188    -1.001     0.199    28.307     0.964    -0.200     0.117
    35.000    36.000    32.000         *         *         *    29.000    30.000    29.000         *         *         *     0.000     1.000     0.000    -0.881     1.000     2.000     0.000     3.000     6.000    13.000    16.000    19.000    38.105     2.927    -0.924     0.191    29.350     0.752    -0.156     0.110
    45.000    32.000    32.000     7.000         *         *    26.000    26.000    26.000    22.000         *         *     0.000     0.000     0.000    -2.070     0.000     5.000     0.000     3.000     6.000    13.000    16.000    19.000    35.559     2.670    -1.143     0.178    26.545     0.750    -0.227     0.089
    47.000    34.000    28.000    18.000    24.000         *    26.000    23.000    22.000    21.000    23.000         *     0.000     1.000     0.000    -2.070     0.000    -3.000     0.000     3.000     6.000    13.000    16.000    19.000    37.185     2.541    -0.982     0.167    25.202     0.749    -0.210     0.075
    39.000    45.000    43.000    28.000    18.000         *    29.000    29.000    28.000    27.000    25.000         *     0.000     0.000     0.000    -0.262     1.000     7.000     0.000     3.000     6.000    13.000    16.000    19.000    41.845     2.541    -1.021     0.167    28.769     0.749    -0.176     0.075
    42.000    32.000    39.000    20.000         *         *    28.000    28.000    29.000    21.000         *         *     0.000     1.000     0.000    -0.914     0.000     1.000     0.000     3.000     6.000    13.000    16.000    19.000    38.557     2.670    -1.024     0.178    28.311     0.750    -0.328     0.089
    52.000    40.000    50.000         *         *         *    28.000    29.000    29.000         *         *         *     0.000     1.000     0.000    -1.359     2.000     5.000     0.000     3.000     6.000    13.000    16.000    19.000    47.767     2.927    -0.817     0.191    28.924     0.752    -0.091     0.110
    68.000    63.000    36.000    37.000         *         *    27.000    29.000    28.000    29.000         *         *     0.000     0.000     0.000    -0.556     0.000     3.000     0.000     3.000     6.000    13.000    16.000    19.000    52.400     2.670    -0.865     0.178    28.029     0.750     0.015     0.089
    36.000    28.000    30.000         *         *         *    27.000    28.000    30.000         *         *         *     0.000     0.000     0.000    -0.822     0.000     0.000     0.000     3.000     6.000    13.000    16.000    19.000    35.356     2.927    -0.926     0.191    28.097     0.752    -0.072     0.110
    36.000         *         *         *         *         *    28.000         *         *         *         *         *     0.000     1.000     0.000    -0.822     0.000     1.000     0.000     3.000     6.000    13.000    16.000    19.000    37.653     4.188    -0.929     0.199    27.926     0.964    -0.179     0.117
    44.000         *         *         *         *         *    28.000         *         *         *         *         *     0.000     1.000     0.000    -1.150     3.000    -2.000     0.000     3.000     6.000    13.000    16.000    19.000    41.153     4.188    -0.886     0.199    28.377     0.964    -0.130     0.117
    32.000         *         *         *         *         *    29.000         *         *         *         *         *     0.000     0.000     0.000    -1.536     0.000    16.000     0.000     3.000     6.000    13.000    16.000    19.000    37.866     4.188    -0.992     0.199    28.449     0.964    -0.178     0.117
    37.000    49.000    45.000    40.000    30.000    38.000    28.000    28.000    29.000    26.000    28.000    23.000     0.000     1.000     0.000    -1.538     0.000     0.000     0.000     3.000     6.000    13.000    16.000    19.000    45.738     2.480    -0.724     0.157    28.595     0.744    -0.174     0.063
    38.000         *         *         *         *         *    23.000         *         *         *         *         *     0.000     0.000     1.000    -2.167     0.000     6.000     0.000     3.000     6.000    13.000    16.000    19.000    38.201     4.188    -0.860     0.199    25.125     0.964    -0.082     0.117
    25.000    35.000    24.000    37.000    30.000    25.000    27.000    29.000    28.000    28.000    28.000    27.000     0.000     0.000     1.000    -2.167     0.000    -2.000     0.000     3.000     6.000    13.000    16.000    19.000    36.195     2.480    -0.652     0.157    27.905     0.744    -0.035     0.063
    38.000    31.000    34.000         *         *         *    28.000    27.000    30.000         *         *         *     0.000     1.000     0.000    -2.481     0.000    -8.000     0.000     3.000     6.000    13.000    16.000    19.000    37.201     2.927    -0.840     0.191    28.285     0.752    -0.098     0.110
    41.000    38.000    40.000    21.000    20.000         *    30.000    29.000    28.000    28.000    26.000         *     0.000     1.000     1.000    -2.505     0.000    12.000     0.000     3.000     6.000    13.000    16.000    19.000    40.359     2.541    -0.997     0.167    29.242     0.749    -0.173     0.075
    44.000         *    40.000    45.000         *         *    29.000         *    28.000    26.000         *         *     0.000     1.000     0.000    -2.505     0.000     9.000     0.000     3.000     6.000    13.000    16.000    19.000    46.759     2.967    -0.778     0.178    28.770     0.834    -0.177     0.090
    43.000    43.000    40.000    37.000    26.000    20.000    30.000    29.000    29.000    30.000    29.000    29.000     0.000     0.000     0.000    -3.381     1.000     5.000     0.000     3.000     6.000    13.000    16.000    19.000    43.215     2.480    -0.900     0.157    29.254     0.744    -0.021     0.063
    42.000    27.000    38.000         *         *         *    29.000    29.000    29.000         *         *         *     0.000     0.000     0.000    -1.962     0.000     3.000     0.000     3.000     6.000    13.000    16.000    19.000    38.873     2.927    -0.904     0.191    28.812     0.752    -0.117     0.110
    49.000         *    46.000         *         *         *    27.000         *    27.000         *         *         *     0.000     0.000     0.000    -1.464     0.000    -1.000     0.000     3.000     6.000    13.000    16.000    19.000    45.702     3.371    -0.805     0.191    27.302     0.844    -0.075     0.111
    35.000    22.000         *         *         *         *    27.000    26.000         *         *         *         *     0.000     1.000     1.000    -2.745     0.000     1.000     0.000     3.000     6.000    13.000    16.000    19.000    33.018     3.387    -0.915     0.195    27.005     0.812    -0.189     0.115
    44.000    40.000    25.000         *         *         *    29.000    29.000    29.000         *         *         *     0.000     1.000     0.000    -2.745     0.000     7.000     0.000     3.000     6.000    13.000    16.000    19.000    40.168     2.927    -0.945     0.191    29.116     0.752    -0.152     0.110
    32.000    38.000    29.000    26.000         *         *    23.000    26.000    27.000    24.000         *         *     0.000     0.000     0.000    -4.216     0.000    -5.000     0.000     3.000     6.000    13.000    16.000    19.000    35.923     2.670    -0.834     0.178    25.752     0.750    -0.073     0.089
    35.000    30.000    26.000         *         *         *    26.000    25.000    23.000         *         *         *     0.000     0.000     1.000    -4.213     0.000    -7.000     0.000     3.000     6.000    13.000    16.000    19.000    33.249     2.927    -0.862     0.191    25.567     0.752    -0.163     0.110
    29.000    44.000    40.000         *    27.000         *    28.000    26.000    26.000         *    27.000         *     0.000     1.000     0.000    -4.467     0.000     1.000     0.000     3.000     6.000    13.000    16.000    19.000    40.219     2.688    -0.788     0.172    27.450     0.752    -0.089     0.080
    44.000    39.000    40.000    21.000         *    27.000    28.000    29.000    28.000    28.000    26.000    27.000     0.000     1.000     0.000    -3.750     0.000    -4.000     0.000     3.000     6.000    13.000    16.000    19.000    40.911     2.559    -0.862     0.162    28.483     0.744    -0.100     0.063
    26.000    40.000    32.000         *         *         *    29.000    28.000    27.000         *         *         *     0.000     1.000     0.000    -2.839     0.000     0.000     0.000     3.000     6.000    13.000    16.000    19.000    36.549     2.927    -0.886     0.191    28.406     0.752    -0.193     0.110
    53.000    36.000    36.000         *         *         *    28.000    30.000    28.000         *         *         *     0.000     1.000     0.000    -2.842     0.000     9.000     0.000     3.000     6.000    13.000    16.000    19.000    44.180     2.927    -0.903     0.191    28.904     0.752    -0.136     0.110
    26.000    54.000         *         *    24.000    29.000    29.000    29.000         *         *    30.000    29.000     1.000     1.000     0.000    -4.333     2.000     8.000     0.000     3.000     6.000    13.000    16.000    19.000    42.442     2.793    -0.968     0.159    29.226     0.804     0.000     0.065
    41.000    35.000    38.000         *         *         *         *    28.000    29.000         *         *         *     0.000     0.000     0.000    -5.003     1.000    10.000     0.000     3.000     6.000    13.000    16.000    19.000    41.353     2.927    -0.870     0.191    28.666     0.897    -0.097     0.115
         *    34.000    43.000    34.000         *         *         *    27.000    28.000    22.000         *         *     0.000     1.000     0.000     0.800     1.000    -5.000     0.000     3.000     6.000    13.000    16.000    19.000    41.273     2.994    -0.870     0.179    27.862     0.897    -0.275     0.096
    36.000         *         *         *    30.000    25.000    28.000         *         *         *    19.000    21.000     0.000     0.000     0.000    -4.027     0.000    -4.000     0.000     3.000     6.000    13.000    16.000    19.000    38.588     3.121    -0.828     0.160    26.923     0.926    -0.332     0.068
    45.000    33.000    31.000         *    27.000    32.000    29.000    29.000    29.000    28.000    29.000    28.000     0.000     1.000     0.000    -3.777     0.000     0.000     0.000     3.000     6.000    13.000    16.000    19.000    40.751     2.580    -0.771     0.159    29.001     0.744    -0.059     0.063
    42.000    37.000    32.000         *         *         *    29.000    27.000    28.000         *         *         *     0.000     1.000     0.000    -3.844     3.000     7.000     0.000     3.000     6.000    13.000    16.000    19.000    40.424     2.927    -0.917     0.191    28.670     0.752    -0.153     0.110
    43.000    43.000    45.000    25.000         *         *    26.000    29.000    29.000    27.000         *         *     0.000     1.000     1.000    -4.372     1.000    11.000     0.000     3.000     6.000    13.000    16.000    19.000    43.875     2.670    -0.853     0.178    28.235     0.750    -0.082     0.089
    42.000         *         *         *         *         *    29.000         *         *         *         *         *     0.000     1.000     0.000    -5.220     2.000     8.000     0.000     3.000     6.000    13.000    16.000    19.000    43.009     4.188    -0.853     0.199    29.072     0.964    -0.139     0.117
    35.000    33.000         *         *         *         *    27.000    28.000         *         *         *         *     0.000     0.000     0.000    -3.258     0.000   -10.000     0.000     3.000     6.000    13.000    16.000    19.000    35.278     3.387    -0.856     0.195    27.348     0.812    -0.105     0.115
    43.000         *         *         *         *         *    29.000         *         *         *         *         *     0.000     1.000     0.000    -3.872     0.000     0.000     0.000     3.000     6.000    13.000    16.000    19.000    41.804     4.188    -0.844     0.199    28.543     0.964    -0.152     0.117
    38.000    40.000    41.000         *         *         *    28.000    29.000    28.000         *         *         *     0.000     0.000     0.000    -5.556     3.000     0.000     0.000     3.000     6.000    13.000    16.000    19.000    41.542     2.927    -0.797     0.191    28.520     0.752    -0.073     0.110
    54.000    51.000    40.000         *         *         *    29.000    30.000    28.000         *         *         *     0.000     0.000     0.000    -5.556     0.000     5.000     0.000     3.000     6.000    13.000    16.000    19.000    48.511     2.927    -0.793     0.191    28.918     0.752    -0.082     0.110
    22.000    39.000    39.000    26.000    20.000         *    29.000    28.000    29.000    28.000    27.000         *     0.000     1.000     1.000    -5.892     0.000     4.000     0.000     3.000     6.000    13.000    16.000    19.000    36.800     2.541    -0.807     0.167    28.779     0.749    -0.110     0.075
    44.000         *         *         *         *         *    29.000         *         *         *         *         *     0.000     0.000     0.000    -5.908     0.000    -1.000     0.000     3.000     6.000    13.000    16.000    19.000    41.828     4.188    -0.812     0.199    28.262     0.964    -0.106     0.117
    43.000    48.000    37.000    30.000         *         *    28.000    29.000    27.000    25.000         *         *     0.000     1.000     0.000    -4.172     1.000     2.000     0.000     3.000     6.000    13.000    16.000    19.000    43.481     2.670    -0.874     0.178    28.403     0.750    -0.193     0.089
    29.000    38.000    36.000         *         *         *    29.000    29.000    26.000         *         *         *     0.000     1.000     0.000    -4.172     0.000     1.000     0.000     3.000     6.000    13.000    16.000    19.000    37.911     2.927    -0.862     0.191    28.488     0.752    -0.203     0.110
    44.000    46.000         *    34.000    18.000         *    28.000    29.000         *    27.000    26.000         *     0.000     1.000     0.000    -3.470     2.000     7.000     0.000     3.000     6.000    13.000    16.000    19.000    42.997     2.744    -0.967     0.167    28.755     0.796    -0.149     0.075
    41.000    40.000    35.000    27.000    31.000    25.000    29.000    29.000    29.000    29.000    26.000    27.000     0.000     0.000     0.000    -6.056     2.000     1.000     0.000     3.000     6.000    13.000    16.000    19.000    41.003     2.480    -0.829     0.157    29.030     0.744    -0.106     0.063
    42.000         *         *         *         *         *    24.000         *         *         *         *         *     0.000     1.000     0.000    -4.866     0.000     0.000     0.000     3.000     6.000    13.000    16.000    19.000    40.766     4.188    -0.815     0.199    26.112     0.964    -0.090     0.117
    35.000         *         *         *         *         *    21.000         *         *         *         *         *     0.000     0.000     0.000    -4.866     0.000     0.000     0.000     3.000     6.000    13.000    16.000    19.000    36.064     4.188    -0.847     0.199    24.255     0.964    -0.043     0.117
    20.000         *    40.000         *         *         *    28.000    28.000    26.000         *         *         *     0.000     1.000     0.000    -4.430     0.000     1.000     0.000     3.000     6.000    13.000    16.000    19.000    35.472     3.355    -0.840     0.191    27.952     0.752    -0.194     0.111
    42.000    43.000    37.000         *         *         *    28.000    27.000    29.000         *         *         *     0.000     1.000     0.000    -3.928     3.000     3.000     0.000     3.000     6.000    13.000    16.000    19.000    42.778     2.927    -0.838     0.191    28.494     0.752    -0.096     0.110
    45.000    38.000    40.000         *         *         *    28.000    29.000    30.000         *         *         *     0.000     0.000     0.000    -4.833     0.000    -9.000     0.000     3.000     6.000    13.000    16.000    19.000    41.892     2.927    -0.752     0.191    28.527     0.752    -0.030     0.110
    33.000    33.000    39.000    40.000    30.000    26.000    29.000    29.000    29.000    30.000    29.000    28.000     0.000     1.000     0.000    -4.833     0.000    -7.000     0.000     3.000     6.000    13.000    16.000    19.000    40.052     2.480    -0.666     0.157    29.028     0.744    -0.033     0.063
    45.000    39.000         *         *         *         *    29.000    30.000         *         *         *         *     0.000     1.000     0.000    -4.736     0.000    -3.000     0.000     3.000     6.000    13.000    16.000    19.000    42.362     3.387    -0.809     0.195    29.096     0.812    -0.129     0.115
    50.000    38.000    43.000         *         *         *    28.000    29.000    27.000         *         *         *     0.000     1.000     0.000    -4.736     0.000    -4.000     0.000     3.000     6.000    13.000    16.000    19.000    44.366     2.927    -0.780     0.191    28.289     0.752    -0.122     0.110
    38.000    37.000    40.000         *         *         *    30.000    28.000    29.000         *         *         *     0.000     1.000     1.000    -5.777     1.000     2.000     0.000     3.000     6.000    13.000    16.000    19.000    41.133     2.927    -0.767     0.191    29.088     0.752    -0.143     0.110
    48.000    37.000    35.000    13.000         *         *    29.000    30.000    28.000    24.000         *         *     0.000     1.000     0.000    -5.683     0.000     6.000     0.000     3.000     6.000    13.000    16.000    19.000    39.593     2.670    -1.059     0.178    29.077     0.750    -0.264     0.089
    42.000    36.000    32.000    34.000    20.000    25.000    29.000    27.000    30.000    28.000    27.000    26.000     0.000     1.000     0.000    -4.358     0.000     6.000     0.000     3.000     6.000    13.000    16.000    19.000    40.465     2.480    -0.888     0.157    28.883     0.744    -0.124     0.063
    45.000    43.000    37.000    27.000    20.000         *    29.000    30.000    29.000    29.000    26.000         *     0.000     1.000     0.000    -6.656     0.000     7.000     0.000     3.000     6.000    13.000    16.000    19.000    42.115     2.541    -0.955     0.167    29.450     0.749    -0.140     0.075
    45.000         *         *         *         *         *    30.000         *         *         *         *         *     0.000     1.000     0.000    -5.473     3.000    10.000     0.000     3.000     6.000    13.000    16.000    19.000    45.056     4.188    -0.847     0.199    29.795     0.964    -0.135     0.117
    35.000    37.000    41.000         *         *         *    28.000    28.000    25.000         *         *         *     0.000     1.000     0.000    -5.761     0.000     2.000     0.000     3.000     6.000    13.000    16.000    19.000    40.372     2.927    -0.819     0.191    27.782     0.752    -0.186     0.110
    45.000    39.000    34.000         *         *         *    28.000    30.000    28.000         *         *         *     0.000     1.000     0.000    -5.761     0.000    12.000     0.000     3.000     6.000    13.000    16.000    19.000    42.959     2.927    -0.876     0.191    28.974     0.752    -0.138     0.110
    32.000    40.000    39.000    24.000         *         *    29.000    30.000    29.000    27.000         *         *     0.000     0.000     0.000    -6.973     2.000     8.000     0.000     3.000     6.000    13.000    16.000    19.000    39.587     2.670    -0.883     0.178    29.281     0.750    -0.133     0.089
    52.000    49.000    42.000    42.000    27.000    23.000    30.000    28.000    29.000    29.000    28.000    30.000     0.000     0.000     1.000    -7.570     3.000     2.000     0.000     3.000     6.000    13.000    16.000    19.000    46.245     2.480    -0.831     0.157    28.908     0.744    -0.004     0.063
    43.000    35.000    37.000    33.000    22.000    31.000    28.000    29.000    29.000    26.000    28.000    27.000     0.000     1.000     0.000    -4.978     0.000     4.000     0.000     3.000     6.000    13.000    16.000    19.000    41.566     2.480    -0.817     0.157    28.699     0.744    -0.101     0.063
    38.000    34.000    34.000    23.000    22.000    29.000    29.000    30.000    30.000    28.000    28.000    28.000     0.000     1.000     0.000    -4.978     0.000     2.000     0.000     3.000     6.000    13.000    16.000    19.000    38.780     2.480    -0.837     0.157    29.456     0.744    -0.095     0.063
         *    33.000    30.000    12.000    14.000         *         *    23.000    22.000    20.000    19.000         *     0.000     0.000     0.000    -3.816     0.000     3.000     0.000     3.000     6.000    13.000    16.000    19.000    32.934     2.815    -1.085     0.169    24.728     0.895    -0.302     0.081
    43.000    37.000    43.000    33.000    28.000         *    30.000    30.000    30.000    27.000    25.000    28.000     0.000     0.000     0.000    -6.917     1.000     3.000     0.000     3.000     6.000    13.000    16.000    19.000    42.923     2.540    -0.816     0.166    29.547     0.744    -0.152     0.063
    38.000    38.000    37.000    38.000    28.000    16.000    30.000    30.000    29.000    28.000    30.000    29.000     0.000     0.000     0.000    -6.917     1.000     2.000     0.000     3.000     6.000    13.000    16.000    19.000    40.787     2.480    -0.837     0.157    29.365     0.744    -0.034     0.063
    35.000    24.000    26.000    24.000    15.000    22.000    28.000    29.000    27.000    28.000    26.000    27.000     0.000     1.000     0.000    -6.092     0.000    -2.000     0.000     3.000     6.000    13.000    16.000    19.000    33.819     2.480    -0.856     0.157    28.349     0.744    -0.103     0.063
    20.000    29.000    29.000    15.000         *         *    30.000    29.000    27.000    21.000         *         *     0.000     1.000     0.000    -6.092     0.000    -3.000     0.000     3.000     6.000    13.000    16.000    19.000    30.588     2.670    -0.983     0.178    28.790     0.750    -0.394     0.089
    36.000    43.000    33.000    19.000    10.000         *    29.000    29.000    29.000    26.000    23.000         *     0.000     1.000     1.000    -6.716     0.000    -7.000     0.000     3.000     6.000    13.000    16.000    19.000    35.999     2.541    -0.983     0.167    28.830     0.749    -0.250     0.075
    47.000    37.000    43.000    42.000    30.000    32.000    29.000    26.000    26.000    28.000    29.000    24.000     0.000     1.000     0.000    -6.716     1.000    -2.000     0.000     3.000     6.000    13.000    16.000    19.000    44.636     2.480    -0.711     0.157    27.986     0.744    -0.093     0.063
    43.000    57.000    46.000         *         *         *    30.000    30.000    29.000         *         *         *     0.000     1.000     1.000    -7.611     1.000     2.000     0.000     3.000     6.000    13.000    16.000    19.000    48.887     2.927    -0.652     0.191    29.586     0.752    -0.102     0.110
    45.000    34.000    28.000         *         *         *         *    29.000    25.000    27.000         *         *     0.000     0.000     0.000    -8.361     0.000     8.000     0.000     3.000     6.000    13.000    16.000    19.000    39.617     2.911    -0.875     0.188    27.944     0.895    -0.118     0.096
    40.000    33.000    30.000         *         *         *    25.000    28.000    28.000         *         *         *     0.000     0.000     0.000    -8.138     1.000    -6.000     0.000     3.000     6.000    13.000    16.000    19.000    37.239     2.927    -0.783     0.191    27.146     0.752    -0.018     0.110
    30.000    32.000         *         *         *         *    28.000    29.000         *         *         *         *     0.000     0.000     1.000    -7.810     0.000    -3.000     0.000     3.000     6.000    13.000    16.000    19.000    34.813     3.387    -0.779     0.195    28.046     0.812    -0.112     0.115
    44.000    35.000    41.000    46.000         *         *    28.000    29.000    29.000    27.000         *         *     0.000     0.000     0.000    -7.325     1.000     2.000     0.000     3.000     6.000    13.000    16.000    19.000    44.545     2.670    -0.667     0.178    28.591     0.750    -0.082     0.089
    34.000    37.000    29.000    31.000    21.000    12.000    29.000    28.000    27.000    25.000    27.000    11.000     0.000     1.000     0.000    -8.939     0.000     0.000     0.000     3.000     6.000    13.000    16.000    19.000    36.941     2.480    -0.982     0.157    29.088     0.744    -0.481     0.063
    40.000    31.000    33.000    18.000    16.000         *    29.000    28.000    29.000    25.000    29.000         *     0.000     1.000     0.000    -8.908     0.000     2.000     0.000     3.000     6.000    13.000    16.000    19.000    36.299     2.541    -0.952     0.167    28.692     0.749    -0.109     0.075
    42.000    46.000    50.000    27.000    25.000    24.000    29.000    29.000    29.000    29.000    28.000    30.000     0.000     1.000     0.000    -7.710     2.000    18.000     0.000     3.000     6.000    13.000    16.000    19.000    45.319     2.480    -0.950     0.157    29.370     0.744    -0.038     0.063
    50.000    36.000    44.000    37.000    33.000    19.000    28.000    28.000    28.000    29.000    28.000    23.000     0.000     1.000     0.000    -7.209     0.000    -9.000     0.000     3.000     6.000    13.000    16.000    19.000    43.309     2.480    -0.804     0.157    28.457     0.744    -0.127     0.063
    44.000         *    39.000    22.000         *         *    30.000    30.000    25.000    25.000         *         *     0.000     0.000     0.000    -6.906     0.000     2.000     0.000     3.000     6.000    13.000    16.000    19.000    40.814     2.958    -0.928     0.178    28.586     0.750    -0.224     0.089
    38.000    38.000    41.000    25.000    14.000    14.000    29.000    29.000    29.000    30.000    26.000    29.000     0.000     0.000     0.000    -6.906     0.000    -4.000     0.000     3.000     6.000    13.000    16.000    19.000    37.818     2.480    -0.965     0.157    28.745     0.744    -0.041     0.063
    33.000    34.000    38.000         *         *         *    28.000    30.000    29.000         *         *         *     0.000     1.000     0.000    -7.500     0.000    -2.000     0.000     3.000     6.000    13.000    16.000    19.000    38.665     2.927    -0.770     0.191    28.961     0.752    -0.107     0.110
    38.000    34.000    41.000    38.000    32.000    31.000    29.000    29.000    30.000    29.000    30.000    28.000     0.000     0.000     0.000    -7.563     0.000    -5.000     0.000     3.000     6.000    13.000    16.000    19.000    41.679     2.480    -0.636     0.157    28.973     0.744    -0.013     0.063
         *         *    45.000    36.000    27.000    38.000         *         *    28.000    29.000    30.000    28.000     0.000     1.000     0.000    -0.861     2.000    -4.000     0.000     3.000     6.000    13.000    16.000    19.000    45.143     3.022    -0.740     0.162    28.843     1.045    -0.020     0.076
         *         *    41.000    32.000    20.000    26.000         *         *    29.000    29.000    28.000    16.000     0.000     1.000     0.000    -0.828     3.000    -2.000     0.000     3.000     6.000    13.000    16.000    19.000    41.534     3.022    -0.961     0.162    30.203     1.045    -0.365     0.076
    63.000    58.000    44.000    60.000    42.000         *    29.000    30.000    30.000    30.000    29.000         *     0.000     0.000     0.000    -7.908     1.000    19.000     0.000     3.000     6.000    13.000    16.000    19.000    56.909     2.541    -0.680     0.167    29.633     0.749    -0.016     0.075
    63.000    45.000    56.000    35.000    35.000         *    29.000    30.000    30.000    28.000    29.000         *     0.000     0.000     0.000    -7.895     3.000    12.000     0.000     3.000     6.000    13.000    16.000    19.000    51.820     2.541    -0.848     0.167    29.569     0.749    -0.053     0.075
    34.000    31.000    30.000         *         *         *    28.000    29.000    29.000    25.000         *         *     1.000     1.000     1.000    -7.145     1.000    12.000     0.000     3.000     6.000    13.000    16.000    19.000    36.601     2.911    -1.106     0.188    28.677     0.750    -0.156     0.089
    40.000    40.000    35.000    32.000    24.000    27.000    29.000    28.000    27.000    29.000    24.000    27.000     0.000     0.000     0.000    -6.911     1.000     6.000     0.000     3.000     6.000    13.000    16.000    19.000    41.194     2.480    -0.843     0.157    28.419     0.744    -0.118     0.063
    44.000    41.000    45.000    30.000         *         *    28.000    27.000    29.000    25.000         *         *     0.000     1.000     0.000    -7.683     0.000     6.000     0.000     3.000     6.000    13.000    16.000    19.000    44.279     2.670    -0.820     0.178    28.289     0.750    -0.165     0.089
    49.000    47.000    39.000    34.000    30.000    39.000    30.000    29.000    28.000    28.000    28.000    28.000     0.000     1.000     0.000    -8.208     1.000    -4.000     0.000     3.000     6.000    13.000    16.000    19.000    45.685     2.480    -0.701     0.157    29.144     0.744    -0.080     0.063
    46.000    46.000    44.000         *         *         *    30.000    27.000    28.000         *         *         *     0.000     1.000     0.000    -7.419     1.000     0.000     0.000     3.000     6.000    13.000    16.000    19.000    46.129     2.927    -0.742     0.191    28.745     0.752    -0.128     0.110
    53.000    55.000         *         *         *         *    29.000    28.000         *         *         *         *     0.000     1.000     0.000    -9.153     0.000    -1.000     0.000     3.000     6.000    13.000    16.000    19.000    50.811     3.387    -0.660     0.195    28.637     0.812    -0.080     0.115
    43.000    43.000    43.000         *    37.000    23.000    28.000    29.000    29.000         *    24.000    25.000     0.000     1.000     0.000    -9.156     0.000     3.000     0.000     3.000     6.000    13.000    16.000    19.000    44.492     2.582    -0.799     0.159    28.805     0.749    -0.204     0.065
    43.000    36.000         *         *    17.000         *    27.000    25.000         *         *    26.000         *     0.000     1.000     0.000    -8.202     0.000    -2.000     0.000     3.000     6.000    13.000    16.000    19.000    38.341     2.965    -0.889     0.173    26.939     0.804    -0.088     0.080
    43.000    41.000    40.000    29.000    20.000    25.000    29.000    29.000    30.000    30.000    29.000    25.000     0.000     1.000     0.000   -10.234     0.000    11.000     0.000     3.000     6.000    13.000    16.000    19.000    42.498     2.480    -0.910     0.157    29.643     0.744    -0.119     0.063
    45.000    36.000    44.000    36.000    31.000    30.000    28.000    29.000    26.000    26.000    24.000    25.000     0.000     1.000     0.000   -10.126     0.000    10.000     0.000     3.000     6.000    13.000    16.000    19.000    44.574     2.480    -0.782     0.157    28.356     0.744    -0.197     0.063
    38.000    41.000    38.000    24.000    22.000         *    25.000    29.000    29.000    28.000    26.000    26.000     0.000     1.000     0.000   -11.108     0.000     4.000     0.000     3.000     6.000    13.000    16.000    19.000    39.969     2.540    -0.852     0.166    27.999     0.744    -0.080     0.063
    47.000    55.000    39.000    47.000    39.000    30.000    30.000    30.000    30.000    30.000    29.000    29.000     0.000     1.000     0.000   -10.317     0.000     2.000     0.000     3.000     6.000    13.000    16.000    19.000    48.795     2.480    -0.681     0.157    29.859     0.744    -0.045     0.063
    50.000    37.000    30.000         *         *         *    27.000    29.000    29.000         *         *         *     1.000     1.000     0.000   -10.169     0.000     4.000     0.000     3.000     6.000    13.000    16.000    19.000    42.055     2.927    -0.993     0.191    28.383     0.752     0.016     0.110
    57.000    46.000    44.000    47.000    30.000         *    29.000    28.000    24.000    25.000    28.000         *     0.000     1.000     0.000   -11.281     2.000     2.000     0.000     3.000     6.000    13.000    16.000    19.000    49.033     2.541    -0.726     0.167    27.971     0.749    -0.108     0.075
    44.000    43.000    41.000         *         *         *    28.000    29.000    29.000         *         *         *     0.000     1.000     0.000   -10.214     2.000    18.000     0.000     3.000     6.000    13.000    16.000    19.000    46.229     2.927    -0.787     0.191    29.185     0.752    -0.092     0.110
    38.000    37.000    38.000         *         *         *    28.000    29.000    25.000         *         *         *     0.000     1.000     0.000   -10.214     3.000    15.000     0.000     3.000     6.000    13.000    16.000    19.000    41.906     2.927    -0.841     0.191    28.470     0.752    -0.178     0.110
    38.000         *         *         *         *         *    27.000         *         *         *         *         *     0.000     1.000     0.000   -11.850     0.000     4.000     0.000     3.000     6.000    13.000    16.000    19.000    41.530     4.188    -0.730     0.199    27.861     0.964    -0.100     0.117
    37.000         *         *         *         *         *    27.000         *         *         *         *         *     0.000     1.000     0.000   -11.850     0.000     1.000     0.000     3.000     6.000    13.000    16.000    19.000    40.503     4.188    -0.725     0.199    27.778     0.964    -0.100     0.117
    39.000    39.000    40.000    28.000    27.000    31.000    29.000    30.000    28.000    29.000    30.000    29.000     0.000     0.000     0.000   -10.578     2.000    12.000     0.000     3.000     6.000    13.000    16.000    19.000    42.319     2.480    -0.783     0.157    29.197     0.744    -0.013     0.063
    48.000    43.000    39.000    38.000    22.000    29.000    29.000    30.000    30.000    27.000    29.000    28.000     0.000     1.000     0.000   -10.526     2.000    19.000     0.000     3.000     6.000    13.000    16.000    19.000    45.740     2.480    -0.894     0.157    29.828     0.744    -0.104     0.063
    62.000    52.000    50.000    56.000    51.000    32.000         *    28.000    29.000    26.000    29.000    29.000     0.000     1.000     1.000   -13.750     1.000     8.000     0.000     3.000     6.000    13.000    16.000    19.000    54.819     2.481    -0.589     0.157    28.717     0.884    -0.031     0.070
    45.000    47.000    40.000    24.000         *         *    29.000    30.000    28.000    27.000    28.000         *     0.000     1.000     1.000   -13.578     1.000    12.000     0.000     3.000     6.000    13.000    16.000    19.000    44.447     2.666    -0.791     0.176    29.233     0.749    -0.114     0.075
    38.000    34.000    36.000    24.000    25.000    32.000    29.000    30.000    29.000    29.000    28.000    29.000     0.000     0.000     0.000   -11.089     3.000     0.000     0.000     3.000     6.000    13.000    16.000    19.000    39.181     2.480    -0.735     0.157    29.272     0.744    -0.043     0.063
    45.000    51.000    41.000         *         *         *    29.000    30.000    29.000         *         *         *     0.000     1.000     0.000   -13.100     1.000     2.000     0.000     3.000     6.000    13.000    16.000    19.000    47.208     2.927    -0.656     0.191    29.427     0.752    -0.070     0.110
    39.000    39.000    41.000    28.000    23.000    23.000    29.000    28.000    28.000    28.000    27.000    24.000     0.000     0.000     0.000   -13.384     0.000    10.000     0.000     3.000     6.000    13.000    16.000    19.000    41.159     2.480    -0.867     0.157    28.732     0.744    -0.151     0.063
    37.000    28.000    27.000    35.000    20.000    27.000    29.000    30.000    30.000    29.000    29.000    26.000     0.000     1.000     0.000   -11.892     0.000    -2.000     0.000     3.000     6.000    13.000    16.000    19.000    37.173     2.480    -0.721     0.157    29.612     0.744    -0.110     0.063
    35.000    21.000    30.000    17.000         *         *    29.000    28.000    28.000    27.000         *         *     0.000     0.000     0.000   -11.892     0.000     0.000     0.000     3.000     6.000    13.000    16.000    19.000    32.971     2.670    -0.870     0.178    28.399     0.750    -0.114     0.089
    38.000    36.000    42.000         *         *         *    30.000    28.000    29.000         *         *         *     0.000     1.000     0.000   -11.624     1.000     6.000     0.000     3.000     6.000    13.000    16.000    19.000    42.283     2.927    -0.737     0.191    29.299     0.752    -0.126     0.110
    36.000    39.000    46.000    38.000    41.000         *    30.000    30.000    30.000    30.000    29.000         *     0.000     1.000     0.000   -14.545     2.000    13.000     0.000     3.000     6.000    13.000    16.000    19.000    45.768     2.541    -0.604     0.167    30.219     0.749    -0.066     0.075
    11.000         *         *         *         *         *    28.000         *         *         *         *         *     0.000     0.000     0.000   -12.689     1.000    -3.000     0.000     3.000     6.000    13.000    16.000    19.000    26.443     4.188    -0.830     0.199    27.798     0.964    -0.138     0.117
    41.000         *         *         *         *         *    29.000         *         *         *         *         *     0.000     1.000     1.000   -13.725     0.000     4.000     0.000     3.000     6.000    13.000    16.000    19.000    43.648     4.188    -0.644     0.199    28.720     0.964    -0.108     0.117
    50.000         *         *         *         *         *    29.000         *         *         *         *         *     0.000     1.000     0.000   -13.725     0.000     2.000     0.000     3.000     6.000    13.000    16.000    19.000    47.878     4.188    -0.645     0.199    28.950     0.964    -0.078     0.117
    50.000    34.000    35.000         *         *         *    29.000    28.000    28.000         *         *         *     1.000     0.000     1.000   -13.124     0.000     8.000     0.000     3.000     6.000    13.000    16.000    19.000    42.544     2.927    -0.928     0.191    28.287     0.752     0.001     0.110
    65.000    55.000    67.000         *         *         *    28.000    29.000    28.000         *         *         *     0.000     0.000     0.000   -12.884     0.000    10.000     0.000     3.000     6.000    13.000    16.000    19.000    59.566     2.927    -0.540     0.191    28.504     0.752     0.005     0.110
    53.000    61.000    58.000    60.000    47.000    46.000    29.000    30.000    29.000    30.000    29.000    29.000     0.000     0.000     1.000   -15.213     0.000    13.000     0.000     3.000     6.000    13.000    16.000    19.000    57.359     2.480    -0.477     0.157    29.247     0.744     0.000     0.063
    50.000    47.000    40.000    33.000    29.000    31.000    30.000    28.000    30.000    29.000    29.000    30.000     0.000     0.000     0.000   -15.210     1.000    10.000     0.000     3.000     6.000    13.000    16.000    19.000    46.041     2.480    -0.776     0.157    29.244     0.744    -0.001     0.063
    41.000    45.000    43.000    27.000    27.000    36.000    30.000    29.000    29.000    30.000    28.000    30.000     0.000     1.000     0.000   -16.081     1.000     9.000     0.000     3.000     6.000    13.000    16.000    19.000    44.281     2.480    -0.717     0.157    29.589     0.744    -0.033     0.063
    53.000    46.000    43.000         *         *         *    29.000    29.000    29.000         *         *         *     0.000     1.000     0.000   -15.059     0.000     0.000     0.000     3.000     6.000    13.000    16.000    19.000    48.351     2.927    -0.618     0.191    29.090     0.752    -0.057     0.110
    50.000    51.000    49.000    50.000    45.000         *    29.000    28.000    29.000    29.000    26.000         *     0.000     1.000     1.000   -15.059     0.000    -7.000     0.000     3.000     6.000    13.000    16.000    19.000    50.751     2.541    -0.432     0.167    28.717     0.749    -0.076     0.075
    40.000    40.000         *    34.000    35.000    35.000    28.000    28.000         *    29.000    30.000    30.000     0.000     0.000     0.000   -16.732     0.000     1.000     0.000     3.000     6.000    13.000    16.000    19.000    43.225     2.650    -0.560     0.157    28.230     0.794     0.069     0.064
    28.000    24.000    20.000         *     6.000    13.000    29.000    27.000    26.000    26.000    28.000    28.000     0.000     1.000     1.000   -16.721     1.000     1.000     0.000     3.000     6.000    13.000    16.000    19.000    29.084     2.580    -0.858     0.159    27.877     0.744    -0.056     0.063
    49.000    50.000    41.000    34.000    31.000    26.000    30.000    29.000    29.000    29.000    28.000    29.000     0.000     1.000     0.000   -17.606     1.000     2.000     0.000     3.000     6.000    13.000    16.000    19.000    45.896     2.480    -0.759     0.157    29.469     0.744    -0.054     0.063
    42.000    42.000    42.000    48.000    43.000    25.000    30.000    30.000    29.000    30.000    30.000    30.000     0.000     1.000     0.000   -17.381     1.000     3.000     0.000     3.000     6.000    13.000    16.000    19.000    46.302     2.480    -0.577     0.157    29.767     0.744    -0.005     0.063
    51.000    41.000    50.000    37.000    39.000    57.000    29.000    30.000    29.000    22.000    20.000    20.000     0.000     1.000     0.000   -15.594     1.000    13.000     0.000     3.000     6.000    13.000    16.000    19.000    50.735     2.480    -0.593     0.157    29.640     0.744    -0.460     0.063
    57.000    50.000    50.000    52.000    37.000    46.000    30.000    30.000    28.000    30.000    28.000    30.000     0.000     1.000     0.000   -15.538     0.000     7.000     0.000     3.000     6.000    13.000    16.000    19.000    53.291     2.480    -0.561     0.157    29.551     0.744    -0.028     0.063
    50.000    47.000    44.000    32.000    32.000    44.000    28.000    28.000    29.000    25.000    24.000    26.000     0.000     1.000     0.000   -15.242     0.000    15.000     0.000     3.000     6.000    13.000    16.000    19.000    48.391     2.480    -0.713     0.157    28.675     0.744    -0.189     0.063
    59.000    51.000         *         *         *         *    25.000    24.000    24.000         *         *         *     0.000     0.000     0.000   -15.605     0.000    10.000     0.000     3.000     6.000    13.000    16.000    19.000    51.861     3.359    -0.629     0.194    25.651     0.752    -0.031     0.111
    50.000    49.000    48.000         *         *         *    26.000    27.000    26.000         *         *         *     0.000     0.000     0.000   -15.603     0.000    11.000     0.000     3.000     6.000    13.000    16.000    19.000    49.824     2.927    -0.626     0.191    27.076     0.752    -0.028     0.110
    51.000    45.000    45.000    36.000    34.000    31.000    29.000    29.000    30.000    27.000    30.000    29.000     0.000     1.000     0.000   -18.250     0.000    12.000     0.000     3.000     6.000    13.000    16.000    19.000    47.774     2.480    -0.722     0.157    29.344     0.744    -0.036     0.063
         *         *    38.000    45.000    35.000    34.000         *         *    29.000    29.000    29.000    27.000     0.000     1.000     0.000   -11.721     2.000    -2.000     0.000     3.000     6.000    13.000    16.000    19.000    46.000     3.022    -0.628     0.162    29.482     1.045    -0.079     0.076
         *         *    40.000    31.000    29.000    35.000         *         *    28.000    29.000    29.000    27.000     0.000     1.000     1.000   -11.721     0.000    -3.000     0.000     3.000     6.000    13.000    16.000    19.000    42.616     3.022    -0.632     0.162    28.552     1.045    -0.037     0.076
         *         *         *    52.000    34.000         *         *         *         *    27.000    27.000         *     0.000     0.000     1.000    -4.306     0.000     6.000     0.000     3.000     6.000    13.000    16.000    19.000    48.911     3.578    -0.662     0.171    27.752     1.209    -0.058     0.089
         *         *         *    45.000    31.000    39.000         *         *         *    29.000    29.000    28.000     0.000     1.000     0.000    -3.381     1.000     6.000     0.000     3.000     6.000    13.000    16.000    19.000    48.537     3.357    -0.730     0.163    29.396     1.208    -0.062     0.080
         *         *         *    29.000    27.000    37.000         *         *         *    27.000    29.000    29.000     0.000     1.000     0.000    -3.475     1.000     6.000     0.000     3.000     6.000    13.000    16.000    19.000    43.753     3.357    -0.788     0.163    28.884     1.208    -0.045     0.080
         *    46.000    45.000    34.000    30.000    45.000         *    26.000    28.000    27.000    27.000    25.000     0.000     0.000     0.000   -13.600     1.000     0.000     0.000     3.000     6.000    13.000    16.000    19.000    46.218     2.734    -0.614     0.160    27.703     0.886    -0.079     0.070
         *    48.000    45.000    42.000         *         *         *    28.000    28.000    28.000         *         *     0.000     0.000     0.000   -13.600     1.000     6.000     0.000     3.000     6.000    13.000    16.000    19.000    48.575     2.994    -0.636     0.179    28.400     0.897    -0.035     0.096
         *    39.000         *         *         *         *         *    27.000         *         *         *         *     0.000     0.000     0.000   -14.078     1.000     1.000     0.000     3.000     6.000    13.000    16.000    19.000    42.199     4.135    -0.692     0.196    27.800     1.008    -0.053     0.118
         *    40.000    34.000    37.000         *         *         *    29.000    29.000    30.000         *         *     0.000     1.000     0.000   -14.150     1.000     0.000     0.000     3.000     6.000    13.000    16.000    19.000    42.949     2.994    -0.647     0.179    29.304     0.897    -0.024     0.096
         *    42.000         *         *         *         *         *    29.000         *         *         *         *     0.000     0.000     0.000   -15.374     0.000     8.000     0.000     3.000     6.000    13.000    16.000    19.000    45.629     4.135    -0.672     0.196    28.839     1.008    -0.053     0.118
         *    46.000    38.000    60.000    41.000    42.000         *    28.000    27.000    25.000    28.000    29.000     0.000     1.000     1.000   -16.471     0.000    10.000     0.000     3.000     6.000    13.000    16.000    19.000    50.406     2.734    -0.452     0.160    28.011     0.886    -0.034     0.070
         *         *         *    34.000    34.000    32.000         *         *         *    27.000    26.000    28.000     0.000     1.000     0.000    -6.400     1.000    -5.000     0.000     3.000     6.000    13.000    16.000    19.000    43.482     3.357    -0.698     0.163    28.281     1.208    -0.079     0.080
         *         *         *    22.000    19.000    20.000         *         *         *    27.000    25.000    24.000     0.000     1.000     0.000    -6.406     0.000     2.000     0.000     3.000     6.000    13.000    16.000    19.000    36.840     3.357    -0.932     0.163    28.326     1.208    -0.190     0.080
         *         *         *    22.000    25.000    33.000         *         *         *    29.000    29.000    29.000     0.000     0.000     0.000    -4.598     0.000    11.000     0.000     3.000     6.000    13.000    16.000    19.000    41.495     3.357    -0.848     0.163    28.724     1.208    -0.008     0.080
         *         *         *    30.000    19.000    30.000         *         *         *    29.000    29.000    28.000     0.000     0.000     0.000    -4.542     0.000     2.000     0.000     3.000     6.000    13.000    16.000    19.000    40.110     3.357    -0.825     0.163    28.397     1.208    -0.010     0.080
         *         *         *    44.000    39.000    51.000         *         *         *    29.000    29.000    30.000     0.000     1.000     0.000    -4.589     1.000    13.000     0.000     3.000     6.000    13.000    16.000    19.000    53.104     3.357    -0.642     0.163    29.672     1.208    -0.033     0.080
         *    58.000         *    40.000    40.000    51.000         *    30.000         *    30.000    29.000    30.000     0.000     1.000     0.000   -14.570     1.000    15.000     0.000     3.000     6.000    13.000    16.000    19.000    54.353     2.967    -0.610     0.161    30.141     0.974    -0.036     0.072
         *    59.000    55.000    54.000    52.000    57.000         *    29.000    29.000    29.000    29.000    27.000     0.000     1.000     0.000   -16.377     0.000     6.000     0.000     3.000     6.000    13.000    16.000    19.000    58.091     2.734    -0.403     0.160    29.438     0.886    -0.068     0.070
         *    43.000    35.000    37.000    35.000    31.000         *    30.000    30.000    29.000    30.000    28.000     0.000     1.000     0.000   -15.978     0.000    -5.000     0.000     3.000     6.000    13.000    16.000    19.000    43.565     2.734    -0.610     0.160    29.701     0.886    -0.050     0.070
         *    51.000    56.000         *         *         *         *    29.000    30.000         *         *         *     0.000     1.000     0.000   -14.936     1.000     4.000     0.000     3.000     6.000    13.000    16.000    19.000    53.177     3.369    -0.552     0.191    29.593     0.900    -0.033     0.115
         *    55.000    44.000    30.000    29.000    43.000         *    29.000    30.000    28.000    28.000    29.000     0.000     1.000     0.000   -14.936     0.000     4.000     0.000     3.000     6.000    13.000    16.000    19.000    47.899     2.734    -0.687     0.160    29.365     0.886    -0.057     0.070
    34.000    36.000    40.000    39.000    35.000    23.000    26.000    30.000    30.000    25.000    28.000    29.000     0.000     1.000     0.000   -21.172     0.000     2.000     0.000     3.000     6.000    13.000    16.000    19.000    41.369     2.480    -0.587     0.157    28.458     0.744    -0.039     0.063
    38.000    37.000    37.000    28.000    28.000         *         *    29.000    28.000    25.000    25.000    26.000     0.000     1.000     0.000   -21.153     0.000    -2.000     0.000     3.000     6.000    13.000    16.000    19.000    39.971     2.541    -0.672     0.166    28.697     0.884    -0.176     0.070
         *         *    56.000    34.000    37.000    35.000         *         *    28.000    28.000    27.000    30.000     0.000     1.000     0.000   -13.511     0.000     2.000     0.000     3.000     6.000    13.000    16.000    19.000    48.747     3.022    -0.667     0.162    28.525     1.045    -0.016     0.076
         *         *    42.000    52.000    50.000    52.000         *         *    28.000    29.000    29.000    29.000     0.000     0.000     0.000   -13.511     0.000     0.000     0.000     3.000     6.000    13.000    16.000    19.000    52.279     3.022    -0.379     0.162    28.358     1.045     0.028     0.076
         *         *         *    35.000    35.000    48.000         *         *         *    28.000    26.000    29.000     0.000     0.000     1.000    -5.653     0.000    -5.000     0.000     3.000     6.000    13.000    16.000    19.000    45.698     3.357    -0.529     0.163    27.410     1.208     0.006     0.080
         *         *         *    46.000    26.000    37.000         *         *         *    28.000    28.000    28.000     0.000     0.000     0.000    -5.650     0.000     3.000     0.000     3.000     6.000    13.000    16.000    19.000    46.276     3.357    -0.711     0.163    28.201     1.208    -0.024     0.080
         *    68.000    43.000    49.000    46.000    50.000         *    30.000    30.000    30.000    29.000    30.000     0.000     1.000     0.000   -15.495     0.000    17.000     0.000     3.000     6.000    13.000    16.000    19.000    56.945     2.734    -0.578     0.160    30.112     0.886    -0.032     0.070
         *    55.000    70.000    48.000    51.000    60.000         *    30.000    30.000    28.000    30.000    29.000     0.000     1.000     0.000   -15.495     0.000    21.000     0.000     3.000     6.000    13.000    16.000    19.000    61.028     2.734    -0.497     0.160    30.128     0.886    -0.060     0.070
         *    47.000    39.000    41.000    35.000    26.000         *    27.000    27.000    27.000    26.000    28.000     0.000     1.000     0.000   -17.758     1.000     1.000     0.000     3.000     6.000    13.000    16.000    19.000    45.297     2.734    -0.667     0.160    27.931     0.886    -0.056     0.070
    42.000    44.000    43.000    45.000    35.000    34.000         *    29.000    30.000    29.000    27.000    30.000     0.000     1.000     0.000   -21.450     0.000     5.000     0.000     3.000     6.000    13.000    16.000    19.000    46.454     2.481    -0.551     0.157    29.416     0.884    -0.041     0.070
    46.000    40.000    40.000    30.000    24.000    42.000         *    28.000    29.000    28.000    27.000    30.000     0.000     1.000     0.000   -21.450     2.000     0.000     0.000     3.000     6.000    13.000    16.000    19.000    43.470     2.481    -0.599     0.157    28.899     0.884    -0.029     0.070
         *         *         *    48.000    39.000         *         *         *         *    29.000    30.000         *     0.000     1.000     0.000    -8.367     0.000     0.000     0.000     3.000     6.000    13.000    16.000    19.000    49.664     3.578    -0.603     0.171    29.139     1.209    -0.005     0.089
    45.000    50.000         *    41.000    42.000    43.000         *    28.000         *    28.000    29.000    24.000     0.000     1.000     0.000   -21.525     0.000    10.000     0.000     3.000     6.000    13.000    16.000    19.000    49.803     2.652    -0.526     0.157    29.110     0.972    -0.130     0.072
    42.000    48.000         *    30.000    25.000    43.000         *    29.000         *    27.000    26.000    30.000     0.000     0.000     0.000   -21.522     3.000     4.000     0.000     3.000     6.000    13.000    16.000    19.000    44.462     2.652    -0.617     0.157    28.825     0.972    -0.048     0.072
         *         *         *    16.000         *         *         *         *         *    22.000         *         *     0.000     0.000     0.000    -6.025     0.000    -7.000     0.000     3.000     6.000    13.000    16.000    19.000    31.481     4.124    -0.946     0.180    26.087     1.218    -0.215     0.100
         *    45.000    45.000    31.000    31.000         *         *    29.000    29.000    27.000    26.000    27.000     0.000     1.000     0.000   -18.745     0.000     7.000     0.000     3.000     6.000    13.000    16.000    19.000    45.638     2.814    -0.722     0.168    29.248     0.886    -0.141     0.070
         *    48.000    39.000    62.000    38.000    38.000         *    29.000    29.000    30.000    30.000    29.000     0.000     1.000     1.000   -18.691     2.000     5.000     0.000     3.000     6.000    13.000    16.000    19.000    50.184     2.734    -0.463     0.160    29.411     0.886     0.000     0.070
         *    42.000    43.000    36.000    24.000    28.000         *    29.000    30.000    29.000    29.000    27.000     0.000     0.000     0.000   -19.009     2.000     6.000     0.000     3.000     6.000    13.000    16.000    19.000    43.839     2.734    -0.749     0.160    29.539     0.886    -0.071     0.070
         *    48.000    45.000    30.000    26.000    38.000         *    30.000    30.000    28.000    30.000    28.000     0.000     1.000     0.000   -18.854     0.000     3.000     0.000     3.000     6.000    13.000    16.000    19.000    45.778     2.734    -0.685     0.160    29.800     0.886    -0.067     0.070
         *    42.000    47.000    27.000    35.000    41.000         *    29.000    30.000    29.000    29.000    29.000     0.000     0.000     0.000   -18.138     1.000     6.000     0.000     3.000     6.000    13.000    16.000    19.000    45.888     2.734    -0.616     0.160    29.309     0.886    -0.018     0.070
         *    45.000         *         *         *         *         *    28.000         *         *         *         *     0.000     1.000     0.000   -17.327     3.000     8.000     0.000     3.000     6.000    13.000    16.000    19.000    47.910     4.135    -0.631     0.196    29.264     1.008    -0.062     0.118
         *    23.000    26.000    26.000    19.000    19.000         *    24.000    25.000    26.000    23.000    23.000     0.000     0.000     0.000   -17.250     0.000    -4.000     0.000     3.000     6.000    13.000    16.000    19.000    32.696     2.734    -0.739     0.160    26.097     0.886    -0.131     0.070
         *    50.000    44.000    47.000    41.000    38.000         *    29.000    28.000    28.000    29.000    30.000     0.000     1.000     0.000   -18.731     1.000     7.000     0.000     3.000     6.000    13.000    16.000    19.000    50.259     2.734    -0.555     0.160    28.990     0.886    -0.004     0.070
         *    47.000    60.000    47.000    45.000    40.000         *    30.000    30.000    30.000    29.000    29.000     0.000     1.000     0.000   -18.734     1.000     8.000     0.000     3.000     6.000    13.000    16.000    19.000    53.487     2.734    -0.552     0.160    30.119     0.886    -0.049     0.070
         *    41.000    32.000    51.000         *    40.000         *    30.000    29.000    30.000         *    30.000     0.000     0.000     0.000   -19.008     3.000     2.000     0.000     3.000     6.000    13.000    16.000    19.000    46.206     2.842    -0.466     0.165    29.553     0.886     0.014     0.075
         *    49.000    50.000    39.000    37.000    40.000         *    29.000    29.000    29.000    29.000    28.000     0.000     0.000     0.000   -19.083     1.000     8.000     0.000     3.000     6.000    13.000    16.000    19.000    49.678     2.734    -0.607     0.160    29.165     0.886    -0.031     0.070
         *    34.000    39.000    34.000    34.000    37.000         *    30.000    29.000    29.000    30.000    28.000     0.000     0.000     0.000   -20.108     1.000    12.000     0.000     3.000     6.000    13.000    16.000    19.000    43.996     2.734    -0.607     0.160    29.621     0.886    -0.045     0.070
         *    44.000    45.000    32.000         *    40.000         *    30.000    30.000    29.000         *    29.000     0.000     1.000     0.000   -19.863     2.000     7.000     0.000     3.000     6.000    13.000    16.000    19.000    47.249     2.842    -0.601     0.165    30.125     0.886    -0.064     0.075
         *    41.000    47.000    37.000    31.000    35.000         *    29.000    29.000    29.000    30.000    30.000     0.000     1.000     0.000   -19.922     1.000    13.000     0.000     3.000     6.000    13.000    16.000    19.000    46.924     2.734    -0.660     0.160    29.468     0.886    -0.002     0.070
         *         *    40.000    40.000    44.000    34.000         *         *    28.000    30.000    27.000    30.000     0.000     0.000     0.000   -17.365     1.000     5.000     0.000     3.000     6.000    13.000    16.000    19.000    47.223     3.022    -0.569     0.162    28.649     1.045     0.010     0.076
         *         *         *    42.000    37.000    37.000         *         *         *    29.000    29.000    30.000     0.000     1.000     0.000   -10.376     1.000     3.000     0.000     3.000     6.000    13.000    16.000    19.000    48.197     3.357    -0.640     0.163    29.352     1.208    -0.013     0.080
    49.000    58.000    48.000    60.000    50.000    42.000         *    28.000    29.000    28.000    30.000    30.000     0.000     1.000     0.000   -24.467     0.000     4.000     0.000     3.000     6.000    13.000    16.000    19.000    54.157     2.481    -0.362     0.157    28.757     0.884     0.036     0.070
    47.000    40.000    44.000    30.000    30.000    35.000         *    30.000    28.000    30.000    30.000    29.000     0.000     0.000     1.000   -24.239     3.000     1.000     0.000     3.000     6.000    13.000    16.000    19.000    43.843     2.481    -0.575     0.157    29.231     0.884     0.013     0.070
         *    60.000    44.000    42.000    40.000    36.000         *    30.000    28.000    30.000    29.000    30.000     0.000     1.000     0.000   -20.433     3.000    -5.000     0.000     3.000     6.000    13.000    16.000    19.000    50.002     2.734    -0.563     0.160    29.441     0.886     0.004     0.070
         *    50.000    46.000    35.000    32.000    37.000         *    29.000    30.000    30.000    30.000    28.000     0.000     1.000     0.000   -20.377     3.000    -5.000     0.000     3.000     6.000    13.000    16.000    19.000    46.709     2.734    -0.600     0.160    29.777     0.886    -0.033     0.070
         *    46.000    65.000    43.000    37.000    46.000         *    29.000    30.000    30.000    29.000    28.000     0.000     1.000     0.000   -20.299     0.000     6.000     0.000     3.000     6.000    13.000    16.000    19.000    52.993     2.734    -0.541     0.160    29.716     0.886    -0.047     0.070
         *    48.000    42.000    60.000    35.000    39.000         *    30.000    27.000    28.000    30.000    29.000     0.000     1.000     1.000   -20.286     1.000     0.000     0.000     3.000     6.000    13.000    16.000    19.000    49.551     2.734    -0.442     0.160    28.860     0.886    -0.002     0.070
         *         *    36.000    41.000    34.000    36.000         *         *    28.000    28.000    28.000    28.000     0.000     0.000     0.000   -19.303     1.000    10.000     0.000     3.000     6.000    13.000    16.000    19.000    45.888     3.022    -0.616     0.162    28.725     1.045    -0.044     0.076
         *         *    52.000    33.000         *    43.000         *         *    29.000    27.000         *    29.000     0.000     0.000     0.000   -19.303     0.000    10.000     0.000     3.000     6.000    13.000    16.000    19.000    49.894     3.184    -0.588     0.166    28.763     1.046    -0.027     0.079
         *         *         *    39.000    42.000    55.000         *         *         *    27.000    30.000    29.000     0.000     1.000     0.000   -11.224     3.000    10.000     0.000     3.000     6.000    13.000    16.000    19.000    52.723     3.357    -0.555     0.163    29.786     1.208    -0.061     0.080
         *         *         *    54.000    36.000    47.000         *         *         *    29.000    30.000    30.000     0.000     1.000     0.000   -11.055     3.000    12.000     0.000     3.000     6.000    13.000    16.000    19.000    53.891     3.357    -0.612     0.163    30.248     1.208    -0.038     0.080
    55.000         *         *         *         *         *         *         *         *         *         *         *     0.000     1.000     0.000   -27.605     0.000    13.000     0.000     3.000     6.000    13.000    16.000    19.000    55.661     4.198    -0.413     0.199    30.326     1.339    -0.008     0.119
         *         *         *    43.000    35.000    39.000         *         *         *    29.000    26.000    29.000     0.000     1.000     0.000   -11.892     0.000     4.000     0.000     3.000     6.000    13.000    16.000    19.000    48.393     3.357    -0.633     0.163    28.987     1.208    -0.065     0.080
         *         *         *    41.000    42.000    50.000         *         *         *    25.000    29.000    29.000     0.000     0.000     0.000   -11.854     2.000    10.000     0.000     3.000     6.000    13.000    16.000    19.000    51.562     3.357    -0.563     0.163    28.457     1.208    -0.030     0.080
         *         *         *    46.000    44.000    36.000         *         *         *    29.000    30.000    30.000     0.000     1.000     0.000   -14.597     0.000     0.000     0.000     3.000     6.000    13.000    16.000    19.000    49.791     3.357    -0.547     0.163    29.233     1.208     0.015     0.080
         *         *         *    33.000         *    47.000         *         *         *    28.000         *    30.000     0.000     1.000     0.000   -13.633     3.000     8.000     0.000     3.000     6.000    13.000    16.000    19.000    49.258     3.627    -0.598     0.166    29.823     1.217    -0.045     0.083
         *         *    60.000    55.000    36.000         *         *         *    29.000    29.000    29.000         *     0.000     1.000     0.000   -19.333     0.000    16.000     0.000     3.000     6.000    13.000    16.000    19.000    56.169     3.148    -0.595     0.170    29.706     1.052    -0.049     0.087
         *         *    45.000    29.000    33.000    45.000         *         *    23.000    23.000    24.000    25.000     0.000     1.000     0.000   -19.275     1.000     8.000     0.000     3.000     6.000    13.000    16.000    19.000    46.334     3.022    -0.610     0.162    26.670     1.045    -0.148     0.076
         *         *         *    56.000    39.000    42.000         *         *         *    29.000    29.000    30.000     0.000     1.000     0.000   -12.616     0.000    -4.000     0.000     3.000     6.000    13.000    16.000    19.000    51.389     3.357    -0.499     0.163    28.965     1.208     0.013     0.080
         *         *         *    42.000    45.000    56.000         *         *         *    30.000    28.000    29.000     0.000     1.000     0.000   -12.560     0.000    -2.000     0.000     3.000     6.000    13.000    16.000    19.000    52.297     3.357    -0.433     0.163    29.244     1.208    -0.026     0.080
         *         *         *    40.000    44.000    38.000         *         *         *    30.000    29.000    30.000     0.000     1.000     0.000   -14.828     1.000    10.000     0.000     3.000     6.000    13.000    16.000    19.000    50.468     3.357    -0.617     0.163    29.953     1.208    -0.028     0.080
         *         *         *    42.000    25.000    41.000         *         *         *    30.000    30.000    29.000     0.000     1.000     0.000   -15.194     2.000     8.000     0.000     3.000     6.000    13.000    16.000    19.000    47.421     3.357    -0.670     0.163    30.180     1.208    -0.044     0.080
         *         *         *    38.000    34.000    40.000         *         *         *    27.000    29.000    30.000     0.000     1.000     0.000   -15.299     1.000    10.000     0.000     3.000     6.000    13.000    16.000    19.000    48.201     3.357    -0.646     0.163    29.281     1.208    -0.034     0.080
         *         *         *    51.000    40.000    42.000         *         *         *    30.000    30.000    30.000     0.000     0.000     0.000   -13.798     3.000    13.000     0.000     3.000     6.000    13.000    16.000    19.000    52.828     3.357    -0.610     0.163    29.957     1.208    -0.002     0.080
         *         *         *    35.000         *         *         *         *         *    27.000         *         *     0.000     1.000     0.000   -14.888     2.000    10.000     0.000     3.000     6.000    13.000    16.000    19.000    46.313     4.124    -0.728     0.180    29.398     1.218    -0.135     0.100
         *         *         *    70.000    70.000    69.000         *         *         *    28.000    29.000    29.000     0.000     1.000     0.000   -15.466     2.000    17.000     0.000     3.000     6.000    13.000    16.000    19.000    68.595     3.357    -0.279     0.163    30.218     1.208    -0.073     0.080
         *         *         *    41.000    30.000    45.000         *         *         *    30.000    27.000    23.000     0.000     1.000     1.000   -16.480     0.000     1.000     0.000     3.000     6.000    13.000    16.000    19.000    47.082     3.357    -0.553     0.163    29.204     1.208    -0.166     0.080
         *         *         *    30.000    16.000    29.000         *         *         *    29.000    24.000    29.000     0.000     1.000     0.000   -16.917     2.000     1.000     0.000     3.000     6.000    13.000    16.000    19.000    39.513     3.357    -0.770     0.163    29.097     1.208    -0.105     0.080
         *         *         *    29.000    24.000    37.000         *         *         *    26.000    27.000    27.000     0.000     1.000     0.000   -16.869     2.000     7.000     0.000     3.000     6.000    13.000    16.000    19.000    43.122     3.357    -0.723     0.163    29.056     1.208    -0.132     0.080
         *         *         *    55.000    54.000    70.000         *         *         *    30.000    29.000    30.000     0.000     1.000     1.000   -18.436     0.000     2.000     0.000     3.000     6.000    13.000    16.000    19.000    59.490     3.357    -0.202     0.163    29.357     1.208     0.015     0.080
         *         *         *    68.000    55.000         *         *         *         *    30.000    30.000    28.000     0.000     1.000     0.000   -18.800     2.000     2.000     0.000     3.000     6.000    13.000    16.000    19.000    60.162     3.573    -0.340     0.170    30.190     1.208    -0.049     0.080
         *         *         *    35.000    36.000    43.000         *         *         *    29.000    29.000    30.000     0.000     1.000     1.000   -18.527     1.000    19.000     0.000     3.000     6.000    13.000    16.000    19.000    49.489     3.357    -0.615     0.163    29.853     1.208    -0.037     0.080
         *         *         *    57.000    44.000    45.000         *         *         *    30.000    28.000    29.000     0.000     1.000     0.000   -18.645     1.000    22.000     0.000     3.000     6.000    13.000    16.000    19.000    57.273     3.357    -0.587     0.163    30.485     1.208    -0.087     0.080
         *         *         *    45.000         *         *         *         *         *    29.000         *         *     0.000     1.000     0.000   -17.059     1.000    18.000     0.000     3.000     6.000    13.000    16.000    19.000    53.120     4.124    -0.629     0.180    30.141     1.218    -0.079     0.100
         *         *         *    42.000    33.000    38.000         *         *         *    27.000    23.000    25.000     0.000     1.000     0.000   -16.867     0.000    11.000     0.000     3.000     6.000    13.000    16.000    19.000    48.439     3.357    -0.681     0.163    28.779     1.208    -0.211     0.080
