     0.700         *         *         *         *         *         *         *         *         *         *         *     0.000     0.000     0.000    17.816     0.000    -8.000     0.000     3.000     6.000    13.000    16.000    19.000     0.912     0.260    -0.054     0.015    14.560     3.353    -0.418     0.100
         *         *         *         *         *         *    12.000         *         *         *         *         *     0.000     1.000     0.000    16.108     0.000    -1.000     0.000     3.000     6.000    13.000    16.000    19.000     1.663     0.510    -0.048     0.015    13.587     2.144    -0.381     0.099
     1.600         *         *         *         *         *    18.000         *         *         *         *         *     0.000     0.000     1.000    16.108     0.000    -2.000     0.000     3.000     6.000    13.000    16.000    19.000     1.597     0.259    -0.047     0.015    17.161     2.128    -0.448     0.098
     3.700     3.810     3.990     3.540     2.940         *    15.000    11.000    12.000    16.000    25.000         *     0.000     1.000     0.000    -8.223     0.000    15.000     0.000     3.000     6.000    13.000    16.000    19.000     3.836     0.150    -0.037     0.012    15.679     1.340     0.095     0.090
     3.100     2.900     3.100     2.650         *         *    15.000    15.000    14.000    18.000         *         *     0.000     1.000     0.000    -8.223     0.000    17.000     0.000     3.000     6.000    13.000    16.000    19.000     3.171     0.154    -0.041     0.013    16.129     1.383    -0.007     0.094
     2.200     1.900     1.350     1.150         *         *    15.000         *         *         *         *         *     0.000     1.000     0.000    -8.650     0.000    11.000     0.000     3.000     6.000    13.000    16.000    19.000     2.053     0.155    -0.058     0.013    16.618     2.125    -0.071     0.098
     2.400     1.900     1.750         *         *         *    20.000    18.000    24.000         *         *         *     0.000     1.000     0.000    -8.997     0.000     0.000     0.000     3.000     6.000    13.000    16.000    19.000     2.240     0.166    -0.052     0.014    20.675     1.480    -0.099     0.098
     4.000     4.100     4.150     3.540     3.490     2.830    23.000    22.000    21.000    16.000    17.000    24.000     0.000     0.000     0.000   -10.008     0.000     8.000     0.000     3.000     6.000    13.000    16.000    19.000     4.045     0.149    -0.043     0.011    20.937     1.325    -0.034     0.085
     3.400     3.600     3.400     2.520     3.060     2.490    23.000    20.000    25.000    24.000    23.000    24.000     0.000     1.000     0.000   -10.005     0.000     6.000     0.000     3.000     6.000    13.000    16.000    19.000     3.495     0.149    -0.046     0.011    22.998     1.325    -0.010     0.085
         *         *         *         *         *         *    12.000         *         *         *         *         *     0.000     0.000     0.000    12.623     0.000    -7.000     0.000     3.000     6.000    13.000    16.000    19.000     1.700     0.510    -0.047     0.015    13.714     2.144    -0.321     0.099
         *     1.300     0.800         *         *         *    23.000    20.000    23.000         *         *         *     0.000     0.000     0.000     7.288     2.000    -6.000     0.000     3.000     6.000    13.000    16.000    19.000     1.445     0.198    -0.058     0.014    22.068     1.481    -0.296     0.098
     3.100     2.900         *         *         *         *    22.000         *         *         *         *         *     0.000     0.000     0.000     7.122     0.000     1.000     0.000     3.000     6.000    13.000    16.000    19.000     2.970     0.195    -0.047     0.015    20.478     2.127    -0.241     0.098
     2.000     2.000         *         *         *         *    15.000    10.000         *         *         *         *     0.000     0.000     1.000     7.221     0.000    -2.000     0.000     3.000     6.000    13.000    16.000    19.000     2.019     0.195    -0.038     0.015    14.139     1.700    -0.319     0.098
     2.900     2.750     2.810         *         *         *    20.000    19.000         *         *         *         *     0.000     0.000     0.000     8.436     3.000     1.000     0.000     3.000     6.000    13.000    16.000    19.000     2.882     0.166    -0.041     0.014    20.115     1.700    -0.236     0.098
     2.100         *         *         *         *         *    25.000         *         *         *         *         *     0.000     0.000     0.000     6.127     3.000     1.000     0.000     3.000     6.000    13.000    16.000    19.000     2.211     0.259    -0.051     0.015    23.077     2.128    -0.254     0.098
     3.200         *         *         *         *         *    18.000         *         *         *         *         *     0.000     0.000     0.000     6.922     3.000     5.000     0.000     3.000     6.000    13.000    16.000    19.000     3.021     0.259    -0.043     0.015    19.277     2.128    -0.195     0.098
     2.900         *         *         *         *         *    15.000         *         *         *         *         *     1.000     0.000     0.000     6.859     3.000     5.000     0.000     3.000     6.000    13.000    16.000    19.000     2.677     0.259    -0.026     0.015    16.845     2.128    -0.093     0.098
     1.600     2.000     1.650         *         *         *    11.000    18.000    14.000         *         *         *     0.000     0.000     0.000     5.583     0.000    -5.000     0.000     3.000     6.000    13.000    16.000    19.000     1.908     0.166    -0.045     0.014    15.378     1.480    -0.227     0.098
     1.900     2.000     1.650         *         *         *    20.000         *    13.000         *         *         *     0.000     0.000     1.000     5.581     0.000     2.000     0.000     3.000     6.000    13.000    16.000    19.000     1.994     0.166    -0.044     0.014    17.507     1.723    -0.323     0.098
     2.100     1.770     1.300         *         *         *    23.000    19.000    24.000         *         *         *     0.000     1.000     0.000     7.339     1.000     8.000     0.000     3.000     6.000    13.000    16.000    19.000     1.972     0.166    -0.060     0.014    21.930     1.480    -0.279     0.098
         *     1.590         *         *         *         *    18.000     9.000         *         *         *         *     1.000     1.000     1.000     7.339     0.000     2.000     0.000     3.000     6.000    13.000    16.000    19.000     1.608     0.257    -0.025     0.015    14.466     1.702    -0.273     0.098
     3.100     2.900     2.900         *         *         *    16.000    14.000     9.000         *         *         *     0.000     0.000     0.000     5.217     0.000     6.000     0.000     3.000     6.000    13.000    16.000    19.000     3.017     0.166    -0.040     0.014    14.482     1.480    -0.192     0.098
         *     2.500     2.100         *         *         *         *    20.000    19.000         *         *         *     0.000     0.000     0.000     8.511     0.000     6.000     0.000     3.000     6.000    13.000    16.000    19.000     2.531     0.199    -0.052     0.014    19.740     1.757    -0.245     0.099
         *     2.350         *         *         *         *         *    16.000         *         *         *         *     0.000     0.000     1.000     8.511     0.000     8.000     0.000     3.000     6.000    13.000    16.000    19.000     2.409     0.257    -0.043     0.015    17.114     2.165    -0.305     0.100
     2.400     2.600     2.460     1.550     1.310         *    28.000    27.000    27.000    23.000    23.000         *     0.000     1.000     0.000     4.945     1.000    -1.000     0.000     3.000     6.000    13.000    16.000    19.000     2.525     0.150    -0.061     0.012    26.735     1.340    -0.278     0.090
     2.300     2.180     2.140         *         *         *    24.000    27.000    25.000         *         *         *     0.000     1.000     0.000     5.045     2.000    -1.000     0.000     3.000     6.000    13.000    16.000    19.000     2.369     0.166    -0.050     0.014    24.992     1.480    -0.275     0.098
     2.100     2.350     2.570         *         *         *    23.000    20.000    20.000         *         *         *     1.000     1.000     1.000     3.739     1.000     2.000     0.000     3.000     6.000    13.000    16.000    19.000     2.341     0.166    -0.020     0.014    21.021     1.480    -0.229     0.098
     2.000         *         *         *         *         *    16.000         *         *         *         *         *     0.000     1.000     0.000     5.531     0.000    -4.000     0.000     3.000     6.000    13.000    16.000    19.000     2.010     0.259    -0.046     0.015    16.682     2.128    -0.277     0.098
         *         *         *         *         *         *    20.000         *         *         *         *         *     0.000     1.000     1.000     5.531     0.000    -3.000     0.000     3.000     6.000    13.000    16.000    19.000     1.880     0.510    -0.043     0.015    19.151     2.144    -0.368     0.099
     2.400         *         *         *         *         *    25.000         *         *         *         *         *     0.000     1.000     0.000     2.030     2.000     9.000     0.000     3.000     6.000    13.000    16.000    19.000     2.512     0.259    -0.051     0.015    23.031     2.128    -0.218     0.098
     3.600     3.700     3.520         *         *         *    26.000    24.000    18.000         *         *         *     0.000     0.000     0.000     2.930     1.000     6.000     0.000     3.000     6.000    13.000    16.000    19.000     3.632     0.166    -0.041     0.014    22.701     1.480    -0.185     0.098
     3.400     3.150     3.060         *         *         *    18.000    23.000    18.000         *         *         *     0.000     1.000     0.000     2.930     0.000     8.000     0.000     3.000     6.000    13.000    16.000    19.000     3.265     0.166    -0.044     0.014    20.022     1.480    -0.189     0.098
         *     1.700         *         *         *         *    17.000    17.000         *         *         *         *     0.000     1.000     0.000     2.982     1.000    -2.000     0.000     3.000     6.000    13.000    16.000    19.000     1.943     0.257    -0.047     0.015    17.730     1.702    -0.245     0.098
     2.100     2.120     2.140     1.810         *         *    24.000    21.000    18.000     6.000         *         *     0.000     1.000     0.000     3.127     0.000    -6.000     0.000     3.000     6.000    13.000    16.000    19.000     2.250     0.154    -0.041     0.013    19.328     1.383    -0.384     0.094
         *     2.620     2.870     2.170         *         *    12.000    17.000    26.000         *         *         *     0.000     0.000     0.000     3.127     0.000     2.000     0.000     3.000     6.000    13.000    16.000    19.000     2.850     0.180    -0.045     0.013    18.566     1.480    -0.126     0.098
     3.000     2.870     2.540         *         *         *    21.000    20.000    19.000         *         *         *     0.000     0.000     0.000     3.597     1.000     1.000     0.000     3.000     6.000    13.000    16.000    19.000     2.896     0.166    -0.046     0.014    20.395     1.480    -0.195     0.098
     2.600         *     2.250         *         *         *    10.000         *    10.000         *         *         *     0.000     1.000     0.000     2.597     0.000    -4.000     0.000     3.000     6.000    13.000    16.000    19.000     2.458     0.196    -0.038     0.014    12.681     1.724    -0.208     0.098
         *         *         *         *         *         *    22.000         *         *         *         *         *     0.000     1.000     0.000     1.161     0.000    -2.000     0.000     3.000     6.000    13.000    16.000    19.000     2.397     0.510    -0.048     0.015    20.625     2.144    -0.237     0.099
     2.700     2.700         *         *         *         *    27.000    25.000         *         *         *         *     0.000     1.000     0.000     1.919     0.000    10.000     0.000     3.000     6.000    13.000    16.000    19.000     2.800     0.195    -0.053     0.015    24.335     1.700    -0.223     0.098
     2.800     2.750     3.020     2.210     2.090         *    22.000    28.000    27.000    27.000    22.000    16.000     0.000     0.000     0.000     2.048     0.000     7.000     0.000     3.000     6.000    13.000    16.000    19.000     2.970     0.150    -0.053     0.012    24.815     1.326    -0.197     0.085
     2.200     2.320     1.940         *         *         *    22.000    18.000    13.000         *         *         *     0.000     1.000     0.000     2.303     0.000     1.000     0.000     3.000     6.000    13.000    16.000    19.000     2.301     0.166    -0.047     0.014    18.440     1.480    -0.257     0.098
         *         *         *         *         *         *    17.000         *         *         *         *         *     1.000     0.000     0.000     2.303     0.000    -2.000     0.000     3.000     6.000    13.000    16.000    19.000     1.956     0.510    -0.032     0.015    16.734     2.144    -0.107     0.099
     2.300     2.500         *         *         *         *    18.000    23.000         *         *         *         *     0.000     0.000     0.000     1.484     0.000    11.000     0.000     3.000     6.000    13.000    16.000    19.000     2.549     0.195    -0.052     0.015    19.932     1.700    -0.149     0.098
     2.200     2.300     2.100     1.320     1.520     1.690    14.000         *    16.000    16.000    13.000    18.000     0.000     0.000     0.000     1.481     0.000     9.000     0.000     3.000     6.000    13.000    16.000    19.000     2.351     0.149    -0.049     0.011    16.533     1.466    -0.097     0.087
     3.000         *         *         *         *         *    22.000         *         *         *         *         *     0.000     1.000     0.000    -0.223     3.000    13.000     0.000     3.000     6.000    13.000    16.000    19.000     3.005     0.259    -0.046     0.015    21.958     2.128    -0.148     0.098
     2.600         *         *         *         *         *    21.000         *         *         *         *         *     0.000     1.000     0.000    -0.072     3.000    14.000     0.000     3.000     6.000    13.000    16.000    19.000     2.710     0.259    -0.048     0.015    21.164     2.128    -0.152     0.098
     2.000         *         *         *         *         *     7.000         *         *         *         *         *     0.000     0.000     0.000     0.141     0.000     1.000     0.000     3.000     6.000    13.000    16.000    19.000     2.093     0.259    -0.042     0.015    11.350     2.128    -0.124     0.098
         *     1.800     1.700         *         *         *    15.000    10.000     6.000         *         *         *     0.000     0.000     1.000     0.135     0.000    -2.000     0.000     3.000     6.000    13.000    16.000    19.000     1.922     0.198    -0.036     0.014    12.473     1.481    -0.259     0.098
     1.700         *         *         *         *         *    10.000         *         *         *         *         *     0.000     1.000     1.000     1.836     0.000    -6.000     0.000     3.000     6.000    13.000    16.000    19.000     1.704     0.259    -0.036     0.015    13.318     2.128    -0.296     0.098
     2.100         *         *         *         *         *    24.000    21.000         *         *         *         *     0.000     1.000     1.000     1.836     0.000    -7.000     0.000     3.000     6.000    13.000    16.000    19.000     2.063     0.259    -0.043     0.015    21.938     1.700    -0.349     0.098
     2.100     2.300     2.570         *         *         *    19.000    15.000    21.000         *         *         *     0.000     1.000     0.000     1.156     0.000     1.000     0.000     3.000     6.000    13.000    16.000    19.000     2.453     0.166    -0.041     0.014    18.790     1.480    -0.201     0.098
     2.900     2.920     2.860     2.530     2.870     2.450    19.000    25.000    15.000    23.000    18.000         *     0.000     1.000     0.000     1.156     0.000     1.000     0.000     3.000     6.000    13.000    16.000    19.000     3.044     0.149    -0.033     0.011    20.918     1.340    -0.167     0.090
     2.500     2.400     2.410     1.590     1.460     1.400    25.000    23.000    26.000    17.000    18.000         *     0.000     1.000     0.000     0.575     3.000     6.000     0.000     3.000     6.000    13.000    16.000    19.000     2.509     0.149    -0.057     0.011    23.571     1.340    -0.255     0.090
     2.600     2.550     2.230     1.600     1.240     1.410    21.000    24.000    22.000    20.000    16.000         *     0.000     1.000     0.000     0.575     2.000     2.000     0.000     3.000     6.000    13.000    16.000    19.000     2.497     0.149    -0.059     0.011    22.248     1.340    -0.231     0.090
     1.200     0.850     1.020         *         *         *    15.000         *    13.000         *         *         *     0.000     1.000     0.000    -0.200     0.000     1.000     0.000     3.000     6.000    13.000    16.000    19.000     1.304     0.166    -0.052     0.014    15.293     1.723    -0.221     0.098
     1.500     1.300     1.810         *         *         *    14.000    14.000    15.000         *         *         *     0.000     0.000     0.000    -0.200     0.000     1.000     0.000     3.000     6.000    13.000    16.000    19.000     1.764     0.166    -0.046     0.014    15.243     1.480    -0.159     0.098
     3.000     2.650         *         *         *         *    23.000    19.000         *         *         *         *     0.000     0.000     1.000     0.964     0.000     7.000     0.000     3.000     6.000    13.000    16.000    19.000     2.839     0.195    -0.043     0.015    20.742     1.700    -0.235     0.098
     3.000     3.150         *         *         *         *    22.000    26.000         *         *         *         *     0.000     0.000     0.000     0.997     0.000     8.000     0.000     3.000     6.000    13.000    16.000    19.000     3.120     0.195    -0.049     0.015    22.797     1.700    -0.151     0.098
     2.500     2.150     1.750         *         *         *    11.000    18.000    11.000     9.000         *         *     0.000     0.000     1.000    -1.358     0.000     0.000     0.000     3.000     6.000    13.000    16.000    19.000     2.238     0.165    -0.040     0.014    14.336     1.383    -0.231     0.094
         *     1.850     1.550         *         *         *    21.000    16.000    17.000         *         *         *     0.000     1.000     0.000    -1.358     0.000    -4.000     0.000     3.000     6.000    13.000    16.000    19.000     1.982     0.198    -0.049     0.014    18.648     1.481    -0.223     0.098
     3.100         *         *         *         *         *    24.000         *         *         *         *         *     0.000     1.000     0.000    -0.183     2.000     2.000     0.000     3.000     6.000    13.000    16.000    19.000     2.985     0.259    -0.044     0.015    22.946     2.128    -0.192     0.098
     2.800     2.800         *         *         *         *    24.000     4.000         *         *         *         *     0.000     0.000     1.000    -0.183     1.000     8.000     0.000     3.000     6.000    13.000    16.000    19.000     2.791     0.195    -0.035     0.015    15.818     1.700    -0.214     0.098
         *     0.570     2.300     0.440         *         *    20.000    21.000    14.000         *         *         *     0.000     0.000     0.000    -0.339     0.000    -6.000     0.000     3.000     6.000    13.000    16.000    19.000     1.597     0.180    -0.056     0.013    18.772     1.480    -0.224     0.098
         *     1.300     0.860         *         *         *    19.000    18.000    19.000         *         *         *     0.000     0.000     0.000    -0.339     0.000    -3.000     0.000     3.000     6.000    13.000    16.000    19.000     1.506     0.198    -0.058     0.014    18.897     1.481    -0.197     0.098
         *     1.500     1.510         *         *         *    24.000    23.000    20.000         *         *         *     0.000     1.000     0.000    -0.460     0.000     1.000     0.000     3.000     6.000    13.000    16.000    19.000     1.882     0.198    -0.056     0.014    22.116     1.481    -0.239     0.098
     1.500         *         *         *         *         *    21.000         *         *         *         *         *     0.000     1.000     0.000    -0.447     1.000    -2.000     0.000     3.000     6.000    13.000    16.000    19.000     1.745     0.259    -0.050     0.015    20.120     2.128    -0.231     0.098
     1.000     1.000     0.900         *         *         *    18.000    17.000    15.000         *         *         *     1.000     0.000     1.000    -1.575     0.000    11.000     0.000     3.000     6.000    13.000    16.000    19.000     1.200     0.166    -0.036     0.014    16.799     1.480    -0.132     0.098
         *         *     2.810     1.170     1.900     1.680    21.000    20.000    22.000    20.000    18.000         *     0.000     0.000     0.000    -0.167     0.000    -2.000     0.000     3.000     6.000    13.000    16.000    19.000     2.609     0.198    -0.054     0.012    21.129     1.341    -0.163     0.090
     2.900     3.200     3.580     3.230     2.930         *    15.000    14.000    14.000    14.000     8.000         *     0.000     0.000     0.000    -1.277     2.000    16.000     0.000     3.000     6.000    13.000    16.000    19.000     3.350     0.150    -0.027     0.012    14.776     1.340    -0.122     0.090
     2.300         *     2.700         *         *         *    12.000         *         *         *         *         *     0.000     1.000     0.000    -0.011     0.000    -2.000     0.000     3.000     6.000    13.000    16.000    19.000     2.557     0.196    -0.035     0.014    14.726     2.128    -0.175     0.098
     1.900     1.600     1.700         *         *         *    18.000    19.000    11.000         *         *         *     0.000     1.000     1.000    -0.783     0.000    -4.000     0.000     3.000     6.000    13.000    16.000    19.000     1.865     0.166    -0.039     0.014    17.270     1.480    -0.307     0.098
     3.400     3.030     3.060     2.380         *         *    15.000     9.000    10.000     9.000         *         *     0.000     1.000     0.000    -0.247     0.000    -5.000     0.000     3.000     6.000    13.000    16.000    19.000     3.072     0.154    -0.036     0.013    13.105     1.383    -0.198     0.094
     3.000     3.100     3.090     2.600     2.650     1.940    22.000    23.000    18.000    24.000    19.000    16.000     0.000     1.000     0.000    -1.146     1.000     4.000     0.000     3.000     6.000    13.000    16.000    19.000     3.131     0.149    -0.045     0.011    21.861     1.325    -0.175     0.085
     2.800         *         *         *         *         *    15.000         *         *         *         *         *     0.000     1.000     0.000    -0.895     2.000     8.000     0.000     3.000     6.000    13.000    16.000    19.000     2.778     0.259    -0.042     0.015    17.385     2.128    -0.134     0.098
     1.300         *     1.390         *         *         *    14.000    19.000    19.000         *         *         *     0.000     1.000     0.000    -0.881     1.000     2.000     0.000     3.000     6.000    13.000    16.000    19.000     1.653     0.196    -0.049     0.014    17.962     1.480    -0.181     0.098
         *     2.900     2.900     2.260         *         *    20.000    17.000    10.000    12.000         *         *     0.000     0.000     0.000    -2.070     0.000     5.000     0.000     3.000     6.000    13.000    16.000    19.000     2.967     0.179    -0.043     0.013    16.231     1.383    -0.161     0.094
     3.100     3.050     2.600     2.470     2.760         *    13.000     8.000    16.000    13.000    15.000         *     0.000     1.000     0.000    -2.070     0.000    -3.000     0.000     3.000     6.000    13.000    16.000    19.000     2.986     0.150    -0.031     0.012    14.425     1.340    -0.101     0.090
         *     2.650     2.000     2.140         *         *    17.000    19.000    23.000         *    18.000         *     0.000     0.000     0.000    -0.262     1.000     7.000     0.000     3.000     6.000    13.000    16.000    19.000     2.646     0.179    -0.049     0.013    19.828     1.401    -0.113     0.092
     2.600     2.450     2.330     1.610         *         *    25.000    21.000    21.000    18.000         *         *     0.000     1.000     0.000    -0.914     0.000     1.000     0.000     3.000     6.000    13.000    16.000    19.000     2.545     0.154    -0.054     0.013    22.032     1.383    -0.226     0.094
     2.600     2.800     2.650         *         *         *    24.000    24.000    24.000         *         *         *     0.000     1.000     0.000    -1.359     2.000     5.000     0.000     3.000     6.000    13.000    16.000    19.000     2.824     0.166    -0.045     0.014    23.853     1.480    -0.173     0.098
     2.900     2.850     2.670     2.250         *         *    24.000    22.000    25.000    24.000         *         *     0.000     0.000     0.000    -0.556     0.000     3.000     0.000     3.000     6.000    13.000    16.000    19.000     2.941     0.154    -0.051     0.013    23.589     1.383    -0.127     0.094
     2.300         *     1.760         *         *         *    13.000    18.000    12.000         *         *         *     0.000     0.000     0.000    -0.822     0.000     0.000     0.000     3.000     6.000    13.000    16.000    19.000     2.217     0.196    -0.047     0.014    15.424     1.480    -0.148     0.098
         *         *         *         *         *         *    15.000         *         *         *         *         *     0.000     1.000     0.000    -0.822     0.000     1.000     0.000     3.000     6.000    13.000    16.000    19.000     2.431     0.510    -0.044     0.015    16.509     2.144    -0.174     0.099
     1.900         *         *         *         *         *    24.000         *         *         *         *         *     0.000     1.000     0.000    -1.150     3.000    -2.000     0.000     3.000     6.000    13.000    16.000    19.000     2.072     0.259    -0.048     0.015    22.933     2.128    -0.217     0.098
     3.800         *         *         *         *         *    21.000         *         *         *         *         *     0.000     0.000     0.000    -1.536     0.000    16.000     0.000     3.000     6.000    13.000    16.000    19.000     3.651     0.259    -0.046     0.015    20.368     2.128    -0.077     0.098
     2.400     2.080     2.410     1.950     2.050     1.850    12.000    16.000    20.000    11.000    10.000         *     0.000     1.000     0.000    -1.538     0.000     0.000     0.000     3.000     6.000    13.000    16.000    19.000     2.451     0.149    -0.035     0.011    15.768     1.340    -0.204     0.090
     1.300         *         *         *         *         *    21.000         *         *         *         *         *     0.000     0.000     1.000    -2.167     0.000     6.000     0.000     3.000     6.000    13.000    16.000    19.000     1.640     0.259    -0.049     0.015    19.597     2.128    -0.233     0.098
     2.500     2.820     2.860     2.310     2.260         *    27.000    26.000    26.000    25.000    25.000         *     0.000     0.000     1.000    -2.167     0.000    -2.000     0.000     3.000     6.000    13.000    16.000    19.000     2.834     0.150    -0.039     0.012    26.263     1.340    -0.196     0.090
     1.700     1.570     1.520         *         *         *    23.000    20.000    17.000         *         *         *     0.000     1.000     0.000    -2.481     0.000    -8.000     0.000     3.000     6.000    13.000    16.000    19.000     1.801     0.166    -0.049     0.014    20.324     1.480    -0.242     0.098
     1.900     2.020     2.150     1.900     1.510         *    20.000    20.000    24.000    14.000    16.000         *     0.000     1.000     1.000    -2.505     0.000    12.000     0.000     3.000     6.000    13.000    16.000    19.000     2.246     0.150    -0.041     0.012    20.464     1.340    -0.255     0.090
     2.400         *     2.570     1.680         *         *    21.000         *    11.000         *         *         *     0.000     1.000     0.000    -2.505     0.000     9.000     0.000     3.000     6.000    13.000    16.000    19.000     2.547     0.175    -0.049     0.013    17.186     1.723    -0.173     0.098
     3.000     3.000     3.090     2.490     2.870     2.180    22.000    22.000    20.000    23.000    18.000    19.000     0.000     0.000     0.000    -3.381     1.000     5.000     0.000     3.000     6.000    13.000    16.000    19.000     3.152     0.149    -0.041     0.011    21.556     1.325    -0.109     0.085
         *         *     2.190         *         *         *    19.000         *    14.000         *         *         *     0.000     0.000     0.000    -1.962     0.000     3.000     0.000     3.000     6.000    13.000    16.000    19.000     2.523     0.259    -0.047     0.014    17.375     1.726    -0.143     0.098
     2.700         *     2.600         *         *         *    16.000         *    21.000         *         *         *     0.000     0.000     0.000    -1.464     0.000    -1.000     0.000     3.000     6.000    13.000    16.000    19.000     2.755     0.196    -0.043     0.014    18.818     1.724    -0.121     0.098
     1.700     1.580         *         *         *         *    14.000    14.000         *         *         *         *     0.000     1.000     1.000    -2.745     0.000     1.000     0.000     3.000     6.000    13.000    16.000    19.000     1.773     0.195    -0.040     0.015    15.409     1.700    -0.240     0.098
     0.900         *         *         *         *         *    27.000    27.000    26.000         *         *         *     0.000     1.000     0.000    -2.745     0.000     7.000     0.000     3.000     6.000    13.000    16.000    19.000     1.458     0.258    -0.063     0.015    25.413     1.480    -0.217     0.098
     1.700     2.000     1.250     1.350         *         *    22.000    20.000    17.000    13.000         *         *     0.000     0.000     0.000    -4.216     0.000    -5.000     0.000     3.000     6.000    13.000    16.000    19.000     1.898     0.154    -0.049     0.013    19.083     1.383    -0.209     0.094
     2.500     2.650     2.490         *         *         *    16.000    16.000    13.000         *         *         *     0.000     0.000     1.000    -4.213     0.000    -7.000     0.000     3.000     6.000    13.000    16.000    19.000     2.584     0.166    -0.031     0.014    16.367     1.480    -0.200     0.098
     2.400     2.500     2.650         *         *         *    23.000    17.000    17.000         *         *         *     0.000     1.000     0.000    -4.467     0.000     1.000     0.000     3.000     6.000    13.000    16.000    19.000     2.644     0.166    -0.041     0.014    19.476     1.480    -0.166     0.098
     2.400     1.900     2.100         *     2.080     1.440    11.000    20.000    16.000    14.000     9.000         *     0.000     1.000     0.000    -3.750     0.000    -4.000     0.000     3.000     6.000    13.000    16.000    19.000     2.312     0.153    -0.037     0.011    15.922     1.340    -0.194     0.090
         *     2.050     1.520         *         *         *    14.000    12.000    21.000         *         *         *     0.000     1.000     0.000    -2.839     0.000     0.000     0.000     3.000     6.000    13.000    16.000    19.000     2.073     0.198    -0.048     0.014    16.521     1.481    -0.142     0.098
     3.000     3.000     2.760         *         *         *    13.000    14.000    14.000         *         *         *     0.000     1.000     0.000    -2.842     0.000     9.000     0.000     3.000     6.000    13.000    16.000    19.000     3.007     0.166    -0.040     0.014    14.979     1.480    -0.103     0.098
     3.000         *         *         *     2.680     2.120    15.000         *         *         *    17.000         *     1.000     1.000     0.000    -4.333     2.000     8.000     0.000     3.000     6.000    13.000    16.000    19.000     2.850     0.195    -0.026     0.011    17.084     1.826     0.003     0.093
         *     2.800     2.800         *         *         *    11.000    19.000    17.000         *         *         *     0.000     0.000     0.000    -5.003     1.000    10.000     0.000     3.000     6.000    13.000    16.000    19.000     2.994     0.198    -0.042     0.014    16.532     1.481    -0.026     0.098
         *     2.650     2.700     2.380         *         *         *    14.000    14.000    13.000         *         *     0.000     1.000     0.000     0.800     1.000    -5.000     0.000     3.000     6.000    13.000    16.000    19.000     2.753     0.179    -0.033     0.013    16.117     1.600    -0.206     0.097
         *         *         *         *     2.190     2.030    15.000         *         *         *         *    11.000     0.000     0.000     0.000    -4.027     0.000    -4.000     0.000     3.000     6.000    13.000    16.000    19.000     2.698     0.255    -0.036     0.012    15.679     1.864    -0.145     0.090
     3.000     2.800     2.830         *     2.630     2.810    25.000    23.000    24.000         *    20.000    15.000     0.000     1.000     0.000    -3.777     0.000     0.000     0.000     3.000     6.000    13.000    16.000    19.000     3.061     0.153    -0.030     0.011    22.924     1.370    -0.224     0.086
     2.000     1.950     2.830         *         *         *    14.000    18.000    24.000         *         *         *     0.000     1.000     0.000    -3.844     3.000     7.000     0.000     3.000     6.000    13.000    16.000    19.000     2.434     0.166    -0.038     0.014    19.333     1.480    -0.089     0.098
     2.200     2.200     2.110     1.790         *         *    24.000    26.000    28.000    24.000         *         *     0.000     1.000     1.000    -4.372     1.000    11.000     0.000     3.000     6.000    13.000    16.000    19.000     2.392     0.154    -0.048     0.013    25.547     1.383    -0.193     0.094
     3.200         *         *         *         *         *    18.000         *         *         *         *         *     0.000     1.000     0.000    -5.220     2.000     8.000     0.000     3.000     6.000    13.000    16.000    19.000     3.132     0.259    -0.041     0.015    19.562     2.128    -0.088     0.098
     2.500     2.370         *         *         *         *    21.000    21.000         *         *         *         *     0.000     0.000     0.000    -3.258     0.000   -10.000     0.000     3.000     6.000    13.000    16.000    19.000     2.486     0.195    -0.045     0.015    20.718     1.700    -0.166     0.098
     2.200         *         *         *         *         *    20.000         *         *         *         *         *     0.000     1.000     0.000    -3.872     0.000     0.000     0.000     3.000     6.000    13.000    16.000    19.000     2.307     0.259    -0.047     0.015    19.559     2.128    -0.169     0.098
     2.700     2.650     2.850         *         *         *    16.000    18.000    15.000         *         *         *     0.000     0.000     0.000    -5.556     3.000     0.000     0.000     3.000     6.000    13.000    16.000    19.000     2.829     0.166    -0.035     0.014    17.635     1.480    -0.073     0.098
     2.300     2.550     2.000         *         *         *    23.000    19.000    25.000         *         *         *     0.000     0.000     0.000    -5.556     0.000     5.000     0.000     3.000     6.000    13.000    16.000    19.000     2.505     0.166    -0.053     0.014    21.882     1.480    -0.094     0.098
     3.400     2.600     2.650     2.390     1.560         *    22.000    22.000    25.000    22.000    19.000         *     0.000     1.000     1.000    -5.892     0.000     4.000     0.000     3.000     6.000    13.000    16.000    19.000     2.902     0.150    -0.053     0.012    23.109     1.340    -0.187     0.090
     2.800         *         *         *         *         *    27.000         *         *         *         *         *     0.000     0.000     0.000    -5.908     0.000    -1.000     0.000     3.000     6.000    13.000    16.000    19.000     2.828     0.259    -0.049     0.015    23.973     2.128    -0.127     0.098
     2.300     2.470     2.230     1.900         *         *    20.000    18.000    22.000    18.000         *         *     0.000     1.000     0.000    -4.172     1.000     2.000     0.000     3.000     6.000    13.000    16.000    19.000     2.493     0.154    -0.045     0.013    20.256     1.383    -0.145     0.094
     1.900     2.250     2.270         *         *         *    17.000    16.000    16.000         *         *         *     0.000     1.000     0.000    -4.172     0.000     1.000     0.000     3.000     6.000    13.000    16.000    19.000     2.299     0.166    -0.041     0.014    17.143     1.480    -0.151     0.098
     3.700     3.250         *     3.170     2.650         *    16.000    21.000         *    15.000    13.000         *     0.000     1.000     0.000    -3.470     2.000     7.000     0.000     3.000     6.000    13.000    16.000    19.000     3.429     0.163    -0.037     0.012    18.239     1.457    -0.153     0.090
     3.800     3.350     3.200     3.250     3.130     2.950    28.000    21.000    21.000    26.000    27.000    26.000     0.000     0.000     0.000    -6.056     2.000     1.000     0.000     3.000     6.000    13.000    16.000    19.000     3.596     0.149    -0.036     0.011    24.575     1.325    -0.009     0.085
     2.700         *         *         *         *         *    16.000         *         *         *         *         *     0.000     1.000     0.000    -4.866     0.000     0.000     0.000     3.000     6.000    13.000    16.000    19.000     2.667     0.259    -0.042     0.015    17.435     2.128    -0.129     0.098
     2.100         *         *         *         *         *    11.000         *         *         *         *         *     0.000     0.000     0.000    -4.866     0.000     0.000     0.000     3.000     6.000    13.000    16.000    19.000     2.227     0.259    -0.043     0.015    14.041     2.128    -0.084     0.098
     2.400     2.060     1.890         *         *         *    13.000         *         *         *         *         *     0.000     1.000     0.000    -4.430     0.000     1.000     0.000     3.000     6.000    13.000    16.000    19.000     2.279     0.166    -0.045     0.014    15.426     2.127    -0.130     0.098
     3.300     3.330     2.650         *         *         *    26.000    22.000    28.000         *         *         *     0.000     1.000     0.000    -3.928     3.000     3.000     0.000     3.000     6.000    13.000    16.000    19.000     3.196     0.166    -0.046     0.014    25.226     1.480    -0.131     0.098
     2.900     3.100     2.820         *         *         *    22.000    21.000    15.000         *         *         *     0.000     0.000     0.000    -4.833     0.000    -9.000     0.000     3.000     6.000    13.000    16.000    19.000     2.990     0.166    -0.038     0.014    19.836     1.480    -0.147     0.098
         *         *     2.730     1.890     1.270     1.590    21.000    14.000    15.000         *    19.000         *     0.000     1.000     0.000    -4.833     0.000    -7.000     0.000     3.000     6.000    13.000    16.000    19.000     2.527     0.199    -0.050     0.012    18.369     1.401    -0.135     0.092
     2.800     2.550         *         *         *         *    18.000    21.000         *         *         *         *     0.000     1.000     0.000    -4.736     0.000    -3.000     0.000     3.000     6.000    13.000    16.000    19.000     2.710     0.195    -0.043     0.015    19.712     1.700    -0.147     0.098
     2.800     2.550     2.740         *         *         *    21.000    24.000    21.000         *         *         *     0.000     1.000     0.000    -4.736     0.000    -4.000     0.000     3.000     6.000    13.000    16.000    19.000     2.801     0.166    -0.043     0.014    21.972     1.480    -0.161     0.098
     2.300     2.450     2.600         *         *         *    19.000    15.000    19.000         *         *         *     0.000     1.000     1.000    -5.777     1.000     2.000     0.000     3.000     6.000    13.000    16.000    19.000     2.540     0.166    -0.032     0.014    18.678     1.480    -0.191     0.098
     3.000     2.800     2.430     1.290         *         *    25.000    15.000     5.000         *         *         *     0.000     1.000     0.000    -5.683     0.000     6.000     0.000     3.000     6.000    13.000    16.000    19.000     2.690     0.154    -0.058     0.013    16.524     1.479    -0.174     0.098
     3.200     3.100     3.150     2.870     2.680     1.870    20.000    22.000    21.000    16.000    18.000         *     0.000     1.000     0.000    -4.358     0.000     6.000     0.000     3.000     6.000    13.000    16.000    19.000     3.230     0.149    -0.047     0.011    20.511     1.340    -0.148     0.090
     3.500     3.400     3.450     3.230     3.230         *    20.000    21.000    16.000    16.000    16.000         *     0.000     1.000     0.000    -6.656     0.000     7.000     0.000     3.000     6.000    13.000    16.000    19.000     3.549     0.150    -0.030     0.012    18.944     1.340    -0.121     0.090
     2.500         *         *         *         *         *    21.000         *         *         *         *         *     0.000     1.000     0.000    -5.473     3.000    10.000     0.000     3.000     6.000    13.000    16.000    19.000     2.652     0.259    -0.046     0.015    21.440     2.128    -0.104     0.098
         *     2.400     2.440         *         *         *    17.000    12.000    20.000         *         *         *     0.000     1.000     0.000    -5.761     0.000     2.000     0.000     3.000     6.000    13.000    16.000    19.000     2.620     0.198    -0.042     0.014    17.154     1.481    -0.105     0.098
     1.800     1.880     1.730         *         *         *    14.000    14.000    14.000         *         *         *     0.000     1.000     0.000    -5.761     0.000    12.000     0.000     3.000     6.000    13.000    16.000    19.000     2.053     0.166    -0.049     0.014    15.027     1.480    -0.098     0.098
     2.500     2.350     2.300     1.710         *         *    25.000    26.000    26.000    21.000         *         *     0.000     0.000     0.000    -6.973     2.000     8.000     0.000     3.000     6.000    13.000    16.000    19.000     2.579     0.154    -0.056     0.013    24.492     1.383    -0.101     0.094
     3.100     3.100     2.600     2.530     1.270     1.450    28.000    26.000    25.000    22.000    25.000    17.000     0.000     0.000     1.000    -7.570     3.000     2.000     0.000     3.000     6.000    13.000    16.000    19.000     2.903     0.149    -0.061     0.011    25.799     1.325    -0.217     0.085
     3.700         *     3.520     3.520         *     3.500    19.000    18.000    13.000    16.000    14.000         *     0.000     1.000     0.000    -4.978     0.000     4.000     0.000     3.000     6.000    13.000    16.000    19.000     3.691     0.169    -0.022     0.011    17.399     1.340    -0.128     0.090
     3.600     3.450     3.550     3.250     3.200     3.160    16.000    20.000    26.000    25.000    18.000    20.000     0.000     1.000     0.000    -4.978     0.000     2.000     0.000     3.000     6.000    13.000    16.000    19.000     3.615     0.149    -0.030     0.011    21.224     1.325    -0.059     0.085
         *     3.150     2.850     2.160     1.600         *         *    12.000     9.000    13.000    10.000         *     0.000     0.000     0.000    -3.816     0.000     3.000     0.000     3.000     6.000    13.000    16.000    19.000     2.888     0.173    -0.051     0.012    13.144     1.535    -0.097     0.093
         *     2.900     3.100     3.250     1.380     0.920    21.000    18.000    24.000    23.000    23.000    23.000     0.000     0.000     0.000    -6.917     1.000     3.000     0.000     3.000     6.000    13.000    16.000    19.000     3.069     0.172    -0.068     0.011    21.974     1.326    -0.003     0.085
     3.400     3.050     3.300     2.220     2.260         *    24.000    22.000    26.000    26.000    26.000    26.000     0.000     0.000     0.000    -6.917     1.000     2.000     0.000     3.000     6.000    13.000    16.000    19.000     3.254     0.150    -0.055     0.012    24.581     1.326    -0.001     0.085
     2.800     2.200     2.330     1.620     1.090     0.770    19.000    14.000    20.000    19.000    18.000    20.000     0.000     1.000     0.000    -6.092     0.000    -2.000     0.000     3.000     6.000    13.000    16.000    19.000     2.443     0.149    -0.067     0.011    19.171     1.325    -0.076     0.085
     2.100     1.500     1.400     1.140         *         *    14.000    20.000    21.000    11.000         *         *     0.000     1.000     0.000    -6.092     0.000    -3.000     0.000     3.000     6.000    13.000    16.000    19.000     1.871     0.154    -0.052     0.013    17.743     1.383    -0.180     0.094
     1.500     0.850     0.700     0.790     0.460         *    19.000    22.000    17.000    19.000    12.000         *     0.000     1.000     1.000    -6.716     0.000    -7.000     0.000     3.000     6.000    13.000    16.000    19.000     1.288     0.150    -0.048     0.012    19.807     1.340    -0.280     0.090
     1.800         *     1.650     0.990     0.950     1.110    19.000    15.000    17.000    23.000    13.000         *     0.000     1.000     0.000    -6.716     1.000    -2.000     0.000     3.000     6.000    13.000    16.000    19.000     1.892     0.166    -0.050     0.011    18.553     1.340    -0.128     0.090
         *     3.400     3.540         *         *         *    21.000         *         *         *         *         *     0.000     1.000     1.000    -7.611     1.000     2.000     0.000     3.000     6.000    13.000    16.000    19.000     3.452     0.199    -0.028     0.014    21.462     2.129    -0.157     0.098
     1.500     1.350     1.050     0.990         *         *    21.000    18.000    21.000         *         *         *     0.000     0.000     0.000    -8.361     0.000     8.000     0.000     3.000     6.000    13.000    16.000    19.000     1.675     0.154    -0.058     0.013    19.784     1.479    -0.079     0.098
     2.400     2.500     1.850         *         *         *    24.000    22.000    23.000         *         *         *     0.000     0.000     0.000    -8.138     1.000    -6.000     0.000     3.000     6.000    13.000    16.000    19.000     2.436     0.166    -0.049     0.014    22.807     1.480    -0.107     0.098
     2.000     2.300         *         *         *         *    21.000    19.000         *         *         *         *     0.000     0.000     1.000    -7.810     0.000    -3.000     0.000     3.000     6.000    13.000    16.000    19.000     2.254     0.195    -0.039     0.015    20.045     1.700    -0.174     0.098
     1.800     2.300     2.330     2.080         *         *    15.000    15.000    20.000    12.000         *         *     0.000     0.000     0.000    -7.325     1.000     2.000     0.000     3.000     6.000    13.000    16.000    19.000     2.365     0.154    -0.035     0.013    16.519     1.383    -0.088     0.094
     2.900     3.050     2.700     1.770     2.190     1.620    20.000    25.000    24.000    22.000    22.000     4.000     0.000     1.000     0.000    -8.939     0.000     0.000     0.000     3.000     6.000    13.000    16.000    19.000     2.872     0.149    -0.054     0.011    21.816     1.325    -0.241     0.085
     3.000         *     2.900     2.500     1.550         *    20.000    17.000    12.000    21.000    24.000         *     0.000     1.000     0.000    -8.908     0.000     2.000     0.000     3.000     6.000    13.000    16.000    19.000     2.930     0.167    -0.052     0.012    18.973     1.340    -0.002     0.090
     2.000     1.400     1.590     0.590     0.750         *    25.000    23.000    25.000    21.000    26.000    24.000     0.000     1.000     0.000    -7.710     2.000    18.000     0.000     3.000     6.000    13.000    16.000    19.000     1.922     0.150    -0.072     0.012    24.130     1.326    -0.060     0.085
     2.600     2.500     2.550     2.460         *     1.960    20.000    22.000    22.000    23.000         *         *     0.000     1.000     0.000    -7.209     0.000    -9.000     0.000     3.000     6.000    13.000    16.000    19.000     2.712     0.152    -0.037     0.011    21.954     1.382    -0.111     0.094
     2.000     1.880     1.990     1.610         *         *         *         *         *         *         *         *     0.000     0.000     0.000    -6.906     0.000     2.000     0.000     3.000     6.000    13.000    16.000    19.000     2.191     0.156    -0.047     0.013    18.480     3.341    -0.090     0.100
     2.200     2.180     2.410     1.760     1.710     1.320         *    10.000    12.000    17.000    10.000     7.000     0.000     0.000     0.000    -6.906     0.000    -4.000     0.000     3.000     6.000    13.000    16.000    19.000     2.340     0.149    -0.043     0.011    13.459     1.512    -0.122     0.089
     3.000     2.610     2.890         *         *         *    18.000    18.000    19.000         *         *         *     0.000     1.000     0.000    -7.500     0.000    -2.000     0.000     3.000     6.000    13.000    16.000    19.000     2.920     0.166    -0.039     0.014    18.924     1.480    -0.103     0.098
     3.400     2.980     3.230     2.620     2.790     2.390    22.000    11.000    22.000    24.000    26.000    22.000     0.000     0.000     0.000    -7.563     0.000    -5.000     0.000     3.000     6.000    13.000    16.000    19.000     3.263     0.149    -0.041     0.011    20.601     1.325     0.046     0.085
         *         *     2.870     2.630     2.560     2.600         *         *    21.000    19.000    19.000    22.000     0.000     1.000     0.000    -0.861     2.000    -4.000     0.000     3.000     6.000    13.000    16.000    19.000     3.064     0.198    -0.033     0.012    22.231     1.734    -0.161     0.093
         *         *     2.980     2.260     1.820     3.050         *         *    22.000    20.000    21.000    14.000     0.000     1.000     0.000    -0.828     3.000    -2.000     0.000     3.000     6.000    13.000    16.000    19.000     2.948     0.198    -0.034     0.012    22.254     1.734    -0.219     0.093
     4.400     4.550     4.490     4.040     4.290         *    25.000    28.000    27.000    26.000    26.000         *     0.000     0.000     0.000    -7.908     1.000    19.000     0.000     3.000     6.000    13.000    16.000    19.000     4.560     0.150    -0.034     0.012    25.680     1.340     0.020     0.090
     3.700     3.900     4.010     3.510     3.250         *    25.000    24.000    26.000    26.000    26.000         *     0.000     0.000     0.000    -7.895     3.000    12.000     0.000     3.000     6.000    13.000    16.000    19.000     3.937     0.150    -0.038     0.012    25.049     1.340     0.013     0.090
     1.700     1.390     1.680     1.040         *         *    21.000    21.000    22.000    20.000         *         *     1.000     1.000     1.000    -7.145     1.000    12.000     0.000     3.000     6.000    13.000    16.000    19.000     1.725     0.154    -0.037     0.013    21.017     1.383    -0.085     0.094
     2.700     3.250     3.440     3.150     2.910     2.790    19.000    18.000    15.000    15.000    19.000    17.000     0.000     0.000     0.000    -6.911     1.000     6.000     0.000     3.000     6.000    13.000    16.000    19.000     3.278     0.149    -0.026     0.011    17.907     1.325    -0.049     0.085
         *     3.530     3.200     1.960         *         *    24.000    20.000    17.000    19.000         *         *     0.000     1.000     0.000    -7.683     0.000     6.000     0.000     3.000     6.000    13.000    16.000    19.000     3.247     0.179    -0.054     0.013    20.697     1.383    -0.109     0.094
     3.300     3.120     3.230     2.780     2.230     2.130    27.000    26.000    24.000    26.000    25.000    27.000     0.000     1.000     0.000    -8.208     1.000    -4.000     0.000     3.000     6.000    13.000    16.000    19.000     3.250     0.149    -0.050     0.011    26.036     1.325    -0.073     0.085
     3.400         *     2.740         *         *         *    22.000    19.000    22.000         *         *         *     0.000     1.000     0.000    -7.419     1.000     0.000     0.000     3.000     6.000    13.000    16.000    19.000     3.135     0.196    -0.043     0.014    21.355     1.480    -0.101     0.098
     2.900     2.750         *         *         *         *    26.000    24.000         *         *         *         *     0.000     1.000     0.000    -9.153     0.000    -1.000     0.000     3.000     6.000    13.000    16.000    19.000     2.896     0.195    -0.046     0.015    23.956     1.700    -0.121     0.098
         *     2.350     2.500         *     1.060     1.770    21.000    24.000    22.000         *    21.000    17.000     0.000     1.000     0.000    -9.156     0.000     3.000     0.000     3.000     6.000    13.000    16.000    19.000     2.559     0.178    -0.055     0.011    21.901     1.371    -0.127     0.086
     1.200     1.100         *         *         *         *    17.000    17.000         *         *         *         *     0.000     1.000     0.000    -8.202     0.000    -2.000     0.000     3.000     6.000    13.000    16.000    19.000     1.435     0.195    -0.051     0.015    17.483     1.700    -0.140     0.098
     3.100     3.300     3.490     2.890     2.630     2.510    23.000    16.000    16.000    18.000    12.000    15.000     0.000     1.000     0.000   -10.234     0.000    11.000     0.000     3.000     6.000    13.000    16.000    19.000     3.346     0.149    -0.040     0.011    18.173     1.325    -0.120     0.085
     3.000     3.100     3.310     2.830     2.440     2.420     9.000    10.000    13.000    10.000    16.000     8.000     0.000     1.000     0.000   -10.126     0.000    10.000     0.000     3.000     6.000    13.000    16.000    19.000     3.172     0.149    -0.036     0.011    12.172     1.325    -0.021     0.085
     3.100     2.900     2.700     2.680     1.800     2.080    19.000    18.000    16.000    20.000    16.000    15.000     0.000     1.000     0.000   -11.108     0.000     4.000     0.000     3.000     6.000    13.000    16.000    19.000     2.986     0.149    -0.047     0.011    18.406     1.325    -0.080     0.085
     3.400     3.800     3.780     3.080     2.410         *    24.000    26.000    25.000    27.000    28.000    27.000     0.000     1.000     0.000   -10.317     0.000     2.000     0.000     3.000     6.000    13.000    16.000    19.000     3.635     0.150    -0.049     0.012    25.547     1.326     0.010     0.085
         *     1.750     2.280         *         *         *    20.000    19.000    21.000         *         *         *     1.000     1.000     0.000   -10.169     0.000     4.000     0.000     3.000     6.000    13.000    16.000    19.000     2.221     0.198    -0.031     0.014    19.608     1.481     0.013     0.098
     2.600         *     2.300     1.540     1.730         *    22.000    22.000    25.000    27.000    27.000         *     0.000     1.000     0.000   -11.281     2.000     2.000     0.000     3.000     6.000    13.000    16.000    19.000     2.571     0.167    -0.055     0.012    24.181     1.340     0.008     0.090
     4.000     4.000     3.990         *         *         *     7.000    13.000    18.000         *         *         *     0.000     1.000     0.000   -10.214     2.000    18.000     0.000     3.000     6.000    13.000    16.000    19.000     4.005     0.166    -0.029     0.014    14.348     1.480     0.083     0.098
     3.200     3.350     2.760         *         *         *    21.000    20.000    28.000         *         *         *     0.000     1.000     0.000   -10.214     3.000    15.000     0.000     3.000     6.000    13.000    16.000    19.000     3.267     0.166    -0.046     0.014    23.018     1.480     0.001     0.098
     2.700         *         *         *         *         *    21.000         *         *         *         *         *     0.000     1.000     0.000   -11.850     0.000     4.000     0.000     3.000     6.000    13.000    16.000    19.000     2.797     0.259    -0.045     0.015    20.705     2.128    -0.057     0.098
         *         *         *         *         *         *    24.000         *         *         *         *         *     0.000     1.000     0.000   -11.850     0.000     1.000     0.000     3.000     6.000    13.000    16.000    19.000     3.033     0.510    -0.044     0.015    22.686     2.144    -0.071     0.099
     3.900     3.500     3.420     3.250     3.380     3.240    22.000    26.000    25.000    23.000    23.000    22.000     0.000     0.000     0.000   -10.578     2.000    12.000     0.000     3.000     6.000    13.000    16.000    19.000     3.769     0.149    -0.035     0.011    23.484     1.325    -0.010     0.085
     3.100     3.000     2.750     2.900     2.780     2.420    26.000    26.000    27.000    26.000    27.000    26.000     0.000     1.000     0.000   -10.526     2.000    19.000     0.000     3.000     6.000    13.000    16.000    19.000     3.265     0.149    -0.043     0.011    25.835     1.325    -0.002     0.085
     3.600     3.500     3.100     3.440     3.390     2.420    26.000    24.000    25.000    24.000    25.000    22.000     0.000     1.000     1.000   -13.750     1.000     8.000     0.000     3.000     6.000    13.000    16.000    19.000     3.550     0.149    -0.035     0.011    24.904     1.325    -0.087     0.085
         *     2.350     2.650     1.870     1.920         *    11.000    10.000    14.000         *    11.000         *     0.000     1.000     1.000   -13.578     1.000    12.000     0.000     3.000     6.000    13.000    16.000    19.000     2.574     0.173    -0.037     0.012    13.319     1.401    -0.061     0.092
     2.800     2.500     2.540     2.260     2.210     2.110    23.000    22.000    23.000    23.000    23.000    25.000     0.000     0.000     0.000   -11.089     3.000     0.000     0.000     3.000     6.000    13.000    16.000    19.000     2.811     0.149    -0.041     0.011    23.102     1.325     0.000     0.085
     3.100     3.000     2.800         *         *         *    23.000    20.000    15.000         *         *         *     0.000     1.000     0.000   -13.100     1.000     2.000     0.000     3.000     6.000    13.000    16.000    19.000     3.075     0.166    -0.040     0.014    20.010     1.480    -0.059     0.098
     3.900     3.900         *     3.540     2.970     2.840    27.000    19.000    21.000    21.000    25.000    22.000     0.000     0.000     0.000   -13.384     0.000    10.000     0.000     3.000     6.000    13.000    16.000    19.000     3.868     0.161    -0.046     0.011    22.200     1.325     0.025     0.085
     3.300     2.850     2.910     2.630     2.760     2.750    21.000    20.000    23.000    23.000    18.000    16.000     0.000     1.000     0.000   -11.892     0.000    -2.000     0.000     3.000     6.000    13.000    16.000    19.000     3.157     0.149    -0.032     0.011    21.116     1.325    -0.102     0.085
     3.200     2.800     3.170     2.240         *         *    15.000    20.000    24.000    19.000         *         *     0.000     0.000     0.000   -11.892     0.000     0.000     0.000     3.000     6.000    13.000    16.000    19.000     3.096     0.154    -0.046     0.013    19.605     1.383     0.010     0.094
     3.400         *     2.890         *         *         *    22.000         *    22.000         *         *         *     0.000     1.000     0.000   -11.624     1.000     6.000     0.000     3.000     6.000    13.000    16.000    19.000     3.260     0.196    -0.044     0.014    22.060     1.724    -0.039     0.098
     2.200     2.200     1.900     1.860     1.760         *    27.000    24.000    26.000    25.000    28.000         *     0.000     1.000     0.000   -14.545     2.000    13.000     0.000     3.000     6.000    13.000    16.000    19.000     2.458     0.150    -0.051     0.012    25.379     1.340     0.006     0.090
     2.400         *         *         *         *         *    23.000         *         *         *         *         *     0.000     0.000     0.000   -12.689     1.000    -3.000     0.000     3.000     6.000    13.000    16.000    19.000     2.563     0.259    -0.045     0.015    22.172     2.128    -0.042     0.098
     2.900         *         *         *         *         *    13.000         *         *         *         *         *     0.000     1.000     1.000   -13.725     0.000     4.000     0.000     3.000     6.000    13.000    16.000    19.000     2.852     0.259    -0.032     0.015    16.246     2.128    -0.070     0.098
     3.000         *         *         *         *         *    18.000         *         *         *         *         *     0.000     1.000     0.000   -13.725     0.000     2.000     0.000     3.000     6.000    13.000    16.000    19.000     3.004     0.259    -0.040     0.015    19.163     2.128    -0.022     0.098
     3.100     3.120     3.120         *         *         *    17.000    19.000    19.000         *         *         *     1.000     0.000     1.000   -13.124     0.000     8.000     0.000     3.000     6.000    13.000    16.000    19.000     3.111     0.166    -0.017     0.014    18.400     1.480     0.059     0.098
     3.600     3.400     3.630         *         *         *    23.000    21.000    25.000         *         *         *     0.000     0.000     0.000   -12.884     0.000    10.000     0.000     3.000     6.000    13.000    16.000    19.000     3.654     0.166    -0.042     0.014    22.493     1.480     0.034     0.098
     4.000     3.600     3.700     3.440     3.500     3.110    25.000    27.000    25.000    27.000    26.000    26.000     0.000     0.000     1.000   -15.213     0.000    13.000     0.000     3.000     6.000    13.000    16.000    19.000     3.882     0.149    -0.036     0.011    25.401     1.325     0.014     0.085
     3.900     3.500     3.650     3.540     2.500     3.020    23.000    26.000    25.000    27.000    27.000    26.000     0.000     0.000     0.000   -15.210     1.000    10.000     0.000     3.000     6.000    13.000    16.000    19.000     3.789     0.149    -0.047     0.011    24.565     1.325     0.088     0.085
     3.100     3.000     3.100     2.780     1.740     2.360    24.000    25.000    25.000    25.000    25.000    28.000     0.000     1.000     0.000   -16.081     1.000     9.000     0.000     3.000     6.000    13.000    16.000    19.000     3.193     0.149    -0.052     0.011    24.564     1.325     0.050     0.085
     3.100     3.220     3.200         *         *         *    25.000    26.000    25.000         *         *         *     0.000     1.000     0.000   -15.059     0.000     0.000     0.000     3.000     6.000    13.000    16.000    19.000     3.286     0.166    -0.041     0.014    24.666     1.480    -0.034     0.098
     2.800     3.000     3.040     3.410     3.360         *    26.000    24.000    25.000    27.000    22.000         *     0.000     1.000     1.000   -15.059     0.000    -7.000     0.000     3.000     6.000    13.000    16.000    19.000     3.193     0.150    -0.012     0.012    25.039     1.340    -0.111     0.090
     3.000     3.150         *     3.090     2.900     2.750    26.000    25.000         *    21.000    19.000    23.000     0.000     0.000     0.000   -16.732     0.000     1.000     0.000     3.000     6.000    13.000    16.000    19.000     3.303     0.161    -0.031     0.011    22.948     1.429    -0.038     0.086
     2.800     2.900     2.500     2.650     1.760     1.200    16.000    24.000    27.000    24.000    22.000    20.000     0.000     1.000     1.000   -16.721     1.000     1.000     0.000     3.000     6.000    13.000    16.000    19.000     2.803     0.149    -0.053     0.011    22.670     1.325    -0.049     0.085
     3.000     3.250     2.800     2.520     2.210     2.550    26.000    24.000    26.000    22.000    23.000    22.000     0.000     1.000     0.000   -17.606     1.000     2.000     0.000     3.000     6.000    13.000    16.000    19.000     3.136     0.149    -0.043     0.011    24.137     1.325    -0.047     0.085
     2.800     2.550     2.450     1.990     2.550     1.710    25.000    20.000    24.000    26.000    27.000    25.000     0.000     1.000     0.000   -17.381     1.000     3.000     0.000     3.000     6.000    13.000    16.000    19.000     2.818     0.149    -0.047     0.011    23.725     1.325     0.054     0.085
     3.600     3.650     3.570     3.280     3.150     2.340    27.000    28.000    26.000    21.000    24.000    20.000     0.000     1.000     0.000   -15.594     1.000    13.000     0.000     3.000     6.000    13.000    16.000    19.000     3.707     0.149    -0.048     0.011    24.933     1.325    -0.079     0.085
     4.600     4.120     4.490     4.490     3.400     3.900    25.000    23.000    28.000    24.000    25.000    24.000     0.000     1.000     0.000   -15.538     0.000     7.000     0.000     3.000     6.000    13.000    16.000    19.000     4.428     0.149    -0.034     0.011    24.463     1.325     0.018     0.085
     3.200     3.500     3.620     3.440         *     3.100    24.000    27.000    27.000    27.000    26.000    24.000     0.000     1.000     0.000   -15.242     0.000    15.000     0.000     3.000     6.000    13.000    16.000    19.000     3.667     0.151    -0.034     0.011    25.073     1.325     0.025     0.085
     3.100     2.850     2.570         *         *         *    15.000    19.000    17.000         *         *         *     0.000     0.000     0.000   -15.605     0.000    10.000     0.000     3.000     6.000    13.000    16.000    19.000     3.021     0.166    -0.045     0.014    17.478     1.480     0.068     0.098
     3.700     3.680     3.250         *         *         *    13.000    12.000    17.000         *         *         *     0.000     0.000     0.000   -15.603     0.000    11.000     0.000     3.000     6.000    13.000    16.000    19.000     3.625     0.166    -0.037     0.014    15.070     1.480     0.109     0.098
     3.300     3.250     3.330     2.570     2.240     2.430    20.000    17.000    19.000    23.000    15.000         *     0.000     1.000     0.000   -18.250     0.000    12.000     0.000     3.000     6.000    13.000    16.000    19.000     3.324     0.149    -0.049     0.011    18.994     1.340     0.031     0.090
         *         *     2.980     2.310     2.070     1.950         *         *    18.000    18.000    19.000    14.000     0.000     1.000     0.000   -11.721     2.000    -2.000     0.000     3.000     6.000    13.000    16.000    19.000     2.895     0.198    -0.043     0.012    19.364     1.734    -0.104     0.093
         *         *     3.170     2.910     2.780     2.760         *         *    21.000    15.000    18.000    18.000     0.000     1.000     1.000   -11.721     0.000    -3.000     0.000     3.000     6.000    13.000    16.000    19.000     3.197     0.198    -0.026     0.012    20.277     1.734    -0.153     0.093
         *         *         *     2.020     1.760         *         *         *         *    20.000         *         *     0.000     0.000     1.000    -4.306     0.000     6.000     0.000     3.000     6.000    13.000    16.000    19.000     2.574     0.241    -0.045     0.013    20.879     2.374    -0.163     0.099
         *         *         *     3.230     2.060     2.510         *         *         *    28.000    23.000    24.000     0.000     1.000     0.000    -3.381     1.000     6.000     0.000     3.000     6.000    13.000    16.000    19.000     3.321     0.230    -0.047     0.012    25.535     1.999    -0.105     0.097
         *         *         *         *     1.920     2.720         *         *         *    23.000    20.000    22.000     0.000     1.000     0.000    -3.475     1.000     6.000     0.000     3.000     6.000    13.000    16.000    19.000     3.048     0.254    -0.042     0.012    22.855     2.000    -0.113     0.097
         *     3.200     3.330     3.100     2.990     2.450         *    24.000    24.000    25.000    26.000         *     0.000     0.000     0.000   -13.600     1.000     0.000     0.000     3.000     6.000    13.000    16.000    19.000     3.465     0.172    -0.041     0.011    24.088     1.535     0.029     0.093
         *     2.950         *     1.630         *         *         *    24.000    27.000    21.000         *         *     0.000     0.000     0.000   -13.600     1.000     6.000     0.000     3.000     6.000    13.000    16.000    19.000     2.851     0.208    -0.060     0.013    23.710     1.601    -0.019     0.097
         *     3.200         *         *         *         *         *    26.000         *         *         *         *     0.000     0.000     0.000   -14.078     1.000     1.000     0.000     3.000     6.000    13.000    16.000    19.000     3.320     0.257    -0.044     0.015    24.356     2.165     0.001     0.100
         *     3.250         *     2.140         *         *         *    26.000    27.000    24.000         *         *     0.000     1.000     0.000   -14.150     1.000     0.000     0.000     3.000     6.000    13.000    16.000    19.000     3.108     0.208    -0.051     0.013    25.379     1.601    -0.050     0.097
         *     2.750         *         *         *         *         *    26.000         *         *         *         *     0.000     0.000     0.000   -15.374     0.000     8.000     0.000     3.000     6.000    13.000    16.000    19.000     3.069     0.257    -0.050     0.015    23.704     2.165     0.025     0.100
         *     2.700     2.650     2.360     2.360     2.000         *    16.000    19.000    17.000    21.000    20.000     0.000     1.000     1.000   -16.471     0.000    10.000     0.000     3.000     6.000    13.000    16.000    19.000     2.878     0.172    -0.039     0.011    18.981     1.513    -0.010     0.089
         *         *         *     2.570     2.220     1.950         *         *         *    20.000    20.000    24.000     0.000     1.000     0.000    -6.400     1.000    -5.000     0.000     3.000     6.000    13.000    16.000    19.000     2.895     0.230    -0.042     0.012    22.631     1.999    -0.106     0.097
         *         *         *     2.910     2.370     2.480         *         *         *    20.000    18.000    14.000     0.000     1.000     0.000    -6.406     0.000     2.000     0.000     3.000     6.000    13.000    16.000    19.000     3.144     0.230    -0.038     0.012    19.646     1.999    -0.135     0.097
         *         *         *     3.020     3.170     2.880         *         *         *    24.000    26.000    23.000     0.000     0.000     0.000    -4.598     0.000    11.000     0.000     3.000     6.000    13.000    16.000    19.000     3.672     0.230    -0.043     0.012    23.697     1.999    -0.023     0.097
         *         *         *     3.420     2.590     2.140         *         *         *    25.000    24.000    25.000     0.000     0.000     0.000    -4.542     0.000     2.000     0.000     3.000     6.000    13.000    16.000    19.000     3.440     0.230    -0.048     0.012    24.390     1.999    -0.050     0.097
         *         *         *     3.900     1.930     3.600         *         *         *    22.000    17.000    21.000     0.000     1.000     0.000    -4.589     1.000    13.000     0.000     3.000     6.000    13.000    16.000    19.000     3.672     0.230    -0.037     0.012    21.261     1.999    -0.083     0.097
         *     4.000         *     3.070     3.640     3.500         *    21.000         *    17.000    20.000    22.000     0.000     1.000     0.000   -14.570     1.000    15.000     0.000     3.000     6.000    13.000    16.000    19.000     3.939     0.190    -0.033     0.011    20.114     1.674     0.025     0.091
         *     3.900     4.150     2.930     3.710     3.330         *    27.000    23.000    23.000    24.000    23.000     0.000     1.000     0.000   -16.377     0.000     6.000     0.000     3.000     6.000    13.000    16.000    19.000     3.985     0.172    -0.037     0.011    23.838     1.513    -0.003     0.089
         *         *     3.100     2.520     2.930     2.810         *    20.000    11.000    20.000    22.000    20.000     0.000     1.000     0.000   -15.978     0.000    -5.000     0.000     3.000     6.000    13.000    16.000    19.000     3.216     0.198    -0.030     0.012    18.534     1.513     0.036     0.090
         *     3.400     2.220         *         *         *         *    23.000    26.000         *         *         *     0.000     1.000     0.000   -14.936     1.000     4.000     0.000     3.000     6.000    13.000    16.000    19.000     3.065     0.199    -0.049     0.014    23.945     1.757    -0.015     0.099
         *     3.000     1.750     1.770     1.990     2.840         *    18.000    21.000    20.000    23.000    23.000     0.000     1.000     0.000   -14.936     0.000     4.000     0.000     3.000     6.000    13.000    16.000    19.000     2.732     0.172    -0.037     0.011    20.465     1.513     0.036     0.089
     2.400     2.650     2.200     2.280     2.600     2.340    14.000    18.000    17.000    16.000    16.000    15.000     0.000     1.000     0.000   -21.172     0.000     2.000     0.000     3.000     6.000    13.000    16.000    19.000     2.691     0.149    -0.026     0.011    16.353     1.325     0.018     0.085
     2.700     2.600     2.700     2.740     2.240     2.440    24.000    26.000    27.000    21.000    23.000    23.000     0.000     1.000     0.000   -21.153     0.000    -2.000     0.000     3.000     6.000    13.000    16.000    19.000     2.920     0.149    -0.034     0.011    23.936     1.325    -0.022     0.085
         *         *     3.580     2.760     2.310     1.930         *         *    26.000    26.000    21.000    26.000     0.000     1.000     0.000   -13.511     0.000     2.000     0.000     3.000     6.000    13.000    16.000    19.000     3.381     0.198    -0.056     0.012    24.673     1.734    -0.029     0.093
         *         *     3.520     3.490     3.470     3.320         *         *    25.000    27.000    26.000    27.000     0.000     0.000     0.000   -13.511     0.000     0.000     0.000     3.000     6.000    13.000    16.000    19.000     3.847     0.198    -0.032     0.012    24.885     1.734     0.049     0.093
         *         *         *     2.640     1.160     2.440         *         *         *    18.000    13.000    14.000     0.000     0.000     1.000    -5.653     0.000    -5.000     0.000     3.000     6.000    13.000    16.000    19.000     2.570     0.230    -0.033     0.012    18.593     1.999    -0.207     0.097
         *         *         *     4.180     3.500     3.300         *         *         *    22.000    24.000         *     0.000     0.000     0.000    -5.650     0.000     3.000     0.000     3.000     6.000    13.000    16.000    19.000     4.063     0.231    -0.032     0.012    22.699     2.094    -0.035     0.098
         *     4.100     3.900     3.880     3.590     3.360         *    27.000    26.000    27.000    28.000    26.000     0.000     1.000     0.000   -15.495     0.000    17.000     0.000     3.000     6.000    13.000    16.000    19.000     4.207     0.172    -0.041     0.011    25.582     1.513     0.060     0.089
         *     4.050     4.530     2.680     3.800     3.850         *    26.000    27.000    26.000    25.000    26.000     0.000     1.000     0.000   -15.495     0.000    21.000     0.000     3.000     6.000    13.000    16.000    19.000     4.239     0.172    -0.042     0.011    24.935     1.513     0.055     0.089
         *     2.500     2.050     1.320     1.970     2.030         *    19.000    17.000    24.000    17.000    23.000     0.000     1.000     0.000   -17.758     1.000     1.000     0.000     3.000     6.000    13.000    16.000    19.000     2.512     0.172    -0.043     0.011    19.834     1.513     0.034     0.089
     3.800     3.800     3.700     2.970     2.600     2.780    25.000    23.000    27.000    25.000    23.000    25.000     0.000     1.000     0.000   -21.450     0.000     5.000     0.000     3.000     6.000    13.000    16.000    19.000     3.739     0.149    -0.051     0.011    24.125     1.325     0.048     0.085
     2.900     2.850     2.400     2.440     1.560     2.290    26.000    23.000    24.000    23.000    25.000    28.000     0.000     1.000     0.000   -21.450     2.000     0.000     0.000     3.000     6.000    13.000    16.000    19.000     2.882     0.149    -0.047     0.011    24.240     1.325     0.056     0.085
         *         *         *         *     1.210         *         *         *         *    24.000    20.000         *     0.000     1.000     0.000    -8.367     0.000     0.000     0.000     3.000     6.000    13.000    16.000    19.000     2.307     0.283    -0.057     0.013    22.535     2.095    -0.108     0.098
     3.800     3.900         *     3.330     3.360     2.860    26.000    24.000         *    25.000    25.000         *     0.000     1.000     0.000   -21.525     0.000    10.000     0.000     3.000     6.000    13.000    16.000    19.000     3.873     0.161    -0.043     0.011    24.166     1.456     0.073     0.090
     3.500     3.100         *     2.690     2.220     2.620    19.000    26.000         *    17.000    18.000    20.000     0.000     0.000     0.000   -21.522     3.000     4.000     0.000     3.000     6.000    13.000    16.000    19.000     3.272     0.161    -0.043     0.011    20.583     1.429     0.015     0.086
         *         *         *     2.190         *         *         *         *         *     7.000         *         *     0.000     0.000     0.000    -6.025     0.000    -7.000     0.000     3.000     6.000    13.000    16.000    19.000     2.546     0.275    -0.034     0.013    13.348     2.374    -0.144     0.099
         *     2.800     2.800     2.080     1.110     1.870         *    22.000    22.000    24.000    20.000    22.000     0.000     1.000     0.000   -18.745     0.000     7.000     0.000     3.000     6.000    13.000    16.000    19.000     2.861     0.172    -0.061     0.011    21.834     1.513     0.016     0.089
         *     2.750     2.810     2.410     2.570     2.370         *    26.000    26.000    28.000    27.000    26.000     0.000     1.000     1.000   -18.691     2.000     5.000     0.000     3.000     6.000    13.000    16.000    19.000     3.023     0.172    -0.037     0.011    26.401     1.513    -0.021     0.089
         *     3.450     3.170     3.500     2.190     2.710         *    24.000    23.000    23.000    26.000    23.000     0.000     0.000     0.000   -19.009     2.000     6.000     0.000     3.000     6.000    13.000    16.000    19.000     3.515     0.172    -0.045     0.011    23.093     1.513     0.073     0.089
         *     3.350     3.360     3.040     2.180     2.600         *    24.000    25.000    22.000    21.000    23.000     0.000     1.000     0.000   -18.854     0.000     3.000     0.000     3.000     6.000    13.000    16.000    19.000     3.429     0.172    -0.047     0.011    22.991     1.513    -0.004     0.089
         *     3.060     3.090     2.650     2.520     2.350         *    22.000    23.000    24.000    26.000    24.000     0.000     0.000     0.000   -18.138     1.000     6.000     0.000     3.000     6.000    13.000    16.000    19.000     3.283     0.172    -0.047     0.011    22.684     1.513     0.091     0.089
         *     3.300         *         *         *         *         *    14.000         *         *         *         *     0.000     1.000     0.000   -17.327     3.000     8.000     0.000     3.000     6.000    13.000    16.000    19.000     3.379     0.257    -0.034     0.015    18.193     2.165     0.063     0.100
         *     2.100     2.570     2.300     1.900     1.630         *    19.000    14.000    14.000    16.000    15.000     0.000     0.000     0.000   -17.250     0.000    -4.000     0.000     3.000     6.000    13.000    16.000    19.000     2.581     0.172    -0.040     0.011    16.542     1.513    -0.027     0.089
         *     4.100     3.750     3.940     4.040     2.970         *    27.000    27.000    26.000    27.000    28.000     0.000     1.000     0.000   -18.731     1.000     7.000     0.000     3.000     6.000    13.000    16.000    19.000     4.138     0.172    -0.036     0.011    25.940     1.513     0.063     0.089
         *     3.780     4.290     3.980     3.140     3.650         *    28.000    24.000    21.000    25.000    25.000     0.000     1.000     0.000   -18.734     1.000     8.000     0.000     3.000     6.000    13.000    16.000    19.000     4.111     0.172    -0.033     0.011    24.232     1.513     0.027     0.089
         *     3.550     3.540     2.360         *     3.100         *    27.000    26.000    27.000         *    27.000     0.000     0.000     0.000   -19.008     3.000     2.000     0.000     3.000     6.000    13.000    16.000    19.000     3.563     0.175    -0.042     0.012    25.880     1.555     0.069     0.091
         *     3.500     3.310     3.280     3.020     2.730         *    21.000    25.000    18.000    27.000    23.000     0.000     0.000     0.000   -19.083     1.000     8.000     0.000     3.000     6.000    13.000    16.000    19.000     3.628     0.172    -0.040     0.011    21.865     1.513     0.092     0.089
         *     3.200     3.400     2.670     3.390     3.090         *    19.000    20.000    24.000    20.000    27.000     0.000     0.000     0.000   -20.108     1.000    12.000     0.000     3.000     6.000    13.000    16.000    19.000     3.555     0.172    -0.034     0.011    20.329     1.513     0.164     0.089
         *     2.800     2.980     2.520         *     2.220         *    23.000    27.000    27.000         *    27.000     0.000     1.000     0.000   -19.863     2.000     7.000     0.000     3.000     6.000    13.000    16.000    19.000     3.149     0.175    -0.047     0.012    24.947     1.555     0.076     0.091
         *     3.700     3.820     3.670     3.300     3.190         *    26.000    26.000    21.000    22.000    26.000     0.000     1.000     0.000   -19.922     1.000    13.000     0.000     3.000     6.000    13.000    16.000    19.000     3.947     0.172    -0.037     0.011    23.682     1.513     0.044     0.089
         *         *     3.520     2.850     3.440     3.320         *         *    26.000    25.000    24.000    25.000     0.000     0.000     0.000   -17.365     1.000     5.000     0.000     3.000     6.000    13.000    16.000    19.000     3.732     0.198    -0.034     0.012    23.944     1.734     0.058     0.093
         *         *         *     3.150     3.490     3.010         *         *         *    26.000    24.000    22.000     0.000     1.000     0.000   -10.376     1.000     3.000     0.000     3.000     6.000    13.000    16.000    19.000     3.692     0.230    -0.033     0.012    24.225     1.999    -0.047     0.097
     3.000     2.950     2.800     2.730     2.900     2.940    16.000    21.000    27.000    21.000    23.000    25.000     0.000     1.000     0.000   -24.467     0.000     4.000     0.000     3.000     6.000    13.000    16.000    19.000     3.180     0.149    -0.028     0.011    20.851     1.325     0.141     0.085
     2.900     2.900     2.700     2.390     2.370     2.120    24.000    25.000    23.000    24.000    23.000    25.000     0.000     0.000     1.000   -24.239     3.000     1.000     0.000     3.000     6.000    13.000    16.000    19.000     2.950     0.149    -0.038     0.011    23.918     1.325     0.027     0.085
         *     3.500     3.810     3.540     3.330     2.900         *    28.000    28.000    28.000    28.000    28.000     0.000     1.000     0.000   -20.433     3.000    -5.000     0.000     3.000     6.000    13.000    16.000    19.000     3.768     0.172    -0.034     0.011    27.395     1.513     0.034     0.089
         *     3.600     3.710     3.960     3.750     3.570         *    27.000    28.000    26.000    27.000    23.000     0.000     1.000     0.000   -20.377     3.000    -5.000     0.000     3.000     6.000    13.000    16.000    19.000     3.894     0.172    -0.019     0.011    26.190     1.513    -0.005     0.089
         *         *     3.060     2.470     1.320     1.470         *    21.000    24.000    26.000    25.000    21.000     0.000     1.000     0.000   -20.299     0.000     6.000     0.000     3.000     6.000    13.000    16.000    19.000     2.986     0.198    -0.065     0.012    22.804     1.513     0.048     0.090
         *     2.550     2.780     2.120     2.570     2.340         *    25.000    27.000    27.000    26.000    27.000     0.000     1.000     1.000   -20.286     1.000     0.000     0.000     3.000     6.000    13.000    16.000    19.000     2.894     0.172    -0.035     0.011    26.055     1.513    -0.015     0.089
         *         *     3.860     3.250     3.310     3.350         *         *    23.000    26.000    28.000    27.000     0.000     0.000     0.000   -19.303     1.000    10.000     0.000     3.000     6.000    13.000    16.000    19.000     3.967     0.198    -0.040     0.012    23.855     1.734     0.144     0.093
         *         *     3.310     3.460         *     3.140         *         *    24.000    23.000         *    26.000     0.000     0.000     0.000   -19.303     0.000    10.000     0.000     3.000     6.000    13.000    16.000    19.000     3.778     0.205    -0.037     0.012    22.589     1.808     0.116     0.094
         *         *         *     2.060     2.770     3.670         *         *         *    19.000    24.000    27.000     0.000     1.000     0.000   -11.224     3.000    10.000     0.000     3.000     6.000    13.000    16.000    19.000     3.343     0.230    -0.031     0.012    23.140     1.999     0.007     0.097
         *         *         *     4.180     2.690     3.830         *         *         *    20.000    21.000    24.000     0.000     1.000     0.000   -11.055     3.000    12.000     0.000     3.000     6.000    13.000    16.000    19.000     3.985     0.230    -0.030     0.012    22.218     1.999    -0.006     0.097
     4.600         *         *         *         *         *    28.000         *         *         *         *         *     0.000     1.000     0.000   -27.605     0.000    13.000     0.000     3.000     6.000    13.000    16.000    19.000     4.477     0.259    -0.039     0.015    26.353     2.128     0.167     0.098
         *         *         *     3.140     2.620     2.620         *         *         *    12.000    22.000    21.000     0.000     1.000     0.000   -11.892     0.000     4.000     0.000     3.000     6.000    13.000    16.000    19.000     3.348     0.230    -0.037     0.012    19.017     1.999    -0.016     0.097
         *         *         *     2.240     2.890     3.080         *         *         *    18.000    16.000    15.000     0.000     0.000     0.000   -11.854     2.000    10.000     0.000     3.000     6.000    13.000    16.000    19.000     3.254     0.230    -0.032     0.012    17.847     1.999    -0.029     0.097
         *         *         *     2.390     2.650     2.470         *         *         *    18.000    23.000    20.000     0.000     1.000     0.000   -14.597     0.000     0.000     0.000     3.000     6.000    13.000    16.000    19.000     3.103     0.230    -0.038     0.012    20.737     1.999    -0.021     0.097
         *         *         *     2.260         *     1.930         *         *         *    25.000         *    22.000     0.000     1.000     0.000   -13.633     3.000     8.000     0.000     3.000     6.000    13.000    16.000    19.000     2.952     0.246    -0.049     0.012    23.951     2.148    -0.030     0.097
         *         *     3.670     3.330     2.790         *         *         *    22.000    19.000    15.000         *     0.000     1.000     0.000   -19.333     0.000    16.000     0.000     3.000     6.000    13.000    16.000    19.000     3.740     0.202    -0.042     0.012    19.163     1.776     0.027     0.096
         *         *     3.390     3.100     3.310     2.290         *         *    25.000    26.000    28.000         *     0.000     1.000     0.000   -19.275     1.000     8.000     0.000     3.000     6.000    13.000    16.000    19.000     3.644     0.199    -0.046     0.012    24.972     1.776     0.078     0.096
         *         *         *     1.920     2.340     2.370         *         *         *    19.000    25.000    26.000     0.000     1.000     0.000   -12.616     0.000    -4.000     0.000     3.000     6.000    13.000    16.000    19.000     2.873     0.230    -0.041     0.012    22.975     1.999    -0.019     0.097
         *         *         *     2.170     3.020         *         *         *         *    19.000    24.000    25.000     0.000     1.000     0.000   -12.560     0.000    -2.000     0.000     3.000     6.000    13.000    16.000    19.000     3.126     0.239    -0.038     0.013    22.466     2.000    -0.017     0.097
         *         *         *     2.520     2.050     2.000         *         *         *    25.000    23.000    24.000     0.000     1.000     0.000   -14.828     1.000    10.000     0.000     3.000     6.000    13.000    16.000    19.000     3.075     0.230    -0.053     0.012    23.499     1.999     0.009     0.097
         *         *         *     3.620     3.660     2.930         *         *         *    23.000    18.000    25.000     0.000     1.000     0.000   -15.194     2.000     8.000     0.000     3.000     6.000    13.000    16.000    19.000     3.879     0.230    -0.033     0.012    22.143     1.999     0.017     0.097
         *         *         *     3.380     2.440     3.290         *         *         *    22.000    22.000    22.000     0.000     1.000     0.000   -15.299     1.000    10.000     0.000     3.000     6.000    13.000    16.000    19.000     3.614     0.230    -0.037     0.012    21.849     1.999     0.018     0.097
         *         *         *     2.850     1.650     1.340         *         *         *    19.000    25.000    28.000     0.000     0.000     0.000   -13.798     3.000    13.000     0.000     3.000     6.000    13.000    16.000    19.000     3.000     0.230    -0.062     0.012    23.070     1.999     0.065     0.097
         *         *         *     3.460         *         *         *         *         *    26.000         *         *     0.000     1.000     0.000   -14.888     2.000    10.000     0.000     3.000     6.000    13.000    16.000    19.000     3.848     0.275    -0.038     0.013    24.771     2.374     0.029     0.099
         *         *         *     3.790     3.760     4.130         *         *         *    20.000    18.000    19.000     0.000     1.000     0.000   -15.466     2.000    17.000     0.000     3.000     6.000    13.000    16.000    19.000     4.204     0.230    -0.024     0.012    19.591     1.999     0.026     0.097
         *         *         *     2.190     1.610         *         *         *         *    20.000    16.000         *     0.000     1.000     1.000   -16.480     0.000     1.000     0.000     3.000     6.000    13.000    16.000    19.000     2.536     0.240    -0.041     0.013    20.055     2.095    -0.109     0.098
         *         *         *     3.660         *     3.440         *         *         *    19.000    17.000    16.000     0.000     1.000     0.000   -16.917     2.000     1.000     0.000     3.000     6.000    13.000    16.000    19.000     3.776     0.246    -0.022     0.012    19.086     1.999    -0.031     0.097
         *         *         *     3.330     3.830     3.670         *         *         *    19.000    23.000    27.000     0.000     1.000     0.000   -16.869     2.000     7.000     0.000     3.000     6.000    13.000    16.000    19.000     3.969     0.230    -0.026     0.012    22.333     1.999     0.061     0.097
         *         *         *     3.860     3.250     3.480         *         *         *    25.000    25.000    26.000     0.000     1.000     1.000   -18.436     0.000     2.000     0.000     3.000     6.000    13.000    16.000    19.000     3.861     0.230    -0.026     0.012    24.928     1.999    -0.012     0.097
         *         *         *     2.050     1.730     2.110         *         *         *    27.000    26.000    23.000     0.000     1.000     0.000   -18.800     2.000     2.000     0.000     3.000     6.000    13.000    16.000    19.000     2.813     0.230    -0.049     0.012    24.844     1.999     0.009     0.097
         *         *         *     3.510     3.410     3.390         *         *         *    21.000    24.000    23.000     0.000     1.000     1.000   -18.527     1.000    19.000     0.000     3.000     6.000    13.000    16.000    19.000     3.899     0.230    -0.031     0.012    22.484     1.999     0.020     0.097
         *         *         *     3.310     3.390     2.040         *         *         *    20.000    24.000    21.000     0.000     1.000     0.000   -18.645     1.000    22.000     0.000     3.000     6.000    13.000    16.000    19.000     3.734     0.230    -0.050     0.012    20.900     1.999     0.081     0.097
         *         *         *     2.680         *         *         *         *         *    16.000         *         *     0.000     1.000     0.000   -17.059     1.000    18.000     0.000     3.000     6.000    13.000    16.000    19.000     3.340     0.275    -0.044     0.013    18.330     2.374     0.039     0.099
         *         *         *     3.880     3.490     3.360         *         *         *    21.000    18.000    23.000     0.000     1.000     0.000   -16.867     0.000    11.000     0.000     3.000     6.000    13.000    16.000    19.000     4.031     0.230    -0.032     0.012    20.328     1.999     0.047     0.097
