     0.700         *         *         *         *         *    12.000         *         *         *         *         *     0.000     0.000     0.000    17.816     0.000    -8.000     0.000     3.000     6.000    13.000    16.000    19.000     0.861     0.260    -0.026     0.015    18.746     0.962    -0.097     0.119
         *         *         *         *         *         *    25.000         *         *         *         *         *     0.000     1.000     0.000    16.108     0.000    -1.000     0.000     3.000     6.000    13.000    16.000    19.000     1.685     0.516    -0.045     0.015    25.836     0.966    -0.240     0.120
     1.600         *         *         *         *         *    22.000         *         *         *         *         *     0.000     0.000     1.000    16.108     0.000    -2.000     0.000     3.000     6.000    13.000    16.000    19.000     1.574     0.260    -0.038     0.015    23.786     0.962    -0.178     0.119
     3.700     3.810     3.990     3.540     2.940         *    26.000    28.000    26.000    28.000    27.000         *     0.000     1.000     0.000    -8.223     0.000    15.000     0.000     3.000     6.000    13.000    16.000    19.000     3.831     0.153    -0.036     0.012    27.664     0.747    -0.043     0.075
     3.100     2.900     3.100     2.650         *         *    30.000    29.000    30.000    28.000         *         *     0.000     1.000     0.000    -8.223     0.000    17.000     0.000     3.000     6.000    13.000    16.000    19.000     3.205     0.156    -0.046     0.013    29.755     0.750    -0.121     0.090
     2.200     1.900     1.350     1.150         *         *    29.000    29.000    29.000    28.000         *         *     0.000     1.000     0.000    -8.650     0.000    11.000     0.000     3.000     6.000    13.000    16.000    19.000     2.071     0.156    -0.060     0.013    29.284     0.750    -0.123     0.090
     2.400     1.900     1.750         *         *         *    28.000    29.000    29.000         *         *         *     0.000     1.000     0.000    -8.997     0.000     0.000     0.000     3.000     6.000    13.000    16.000    19.000     2.231     0.167    -0.049     0.015    28.765     0.754    -0.100     0.113
     4.000     4.100     4.150     3.540     3.490     2.830    28.000    30.000    28.000    30.000    30.000    25.000     0.000     0.000     0.000   -10.008     0.000     8.000     0.000     3.000     6.000    13.000    16.000    19.000     4.066     0.152    -0.045     0.011    29.057     0.740    -0.067     0.063
     3.400     3.600     3.400     2.520     3.060     2.490    30.000    29.000    30.000    29.000    30.000    28.000     0.000     1.000     0.000   -10.005     0.000     6.000     0.000     3.000     6.000    13.000    16.000    19.000     3.479     0.152    -0.044     0.011    29.731     0.740    -0.058     0.063
         *         *         *         *         *         *    22.000         *         *         *         *         *     0.000     0.000     0.000    12.623     0.000    -7.000     0.000     3.000     6.000    13.000    16.000    19.000     1.658     0.516    -0.039     0.015    23.961     0.966    -0.162     0.120
         *         *         *         *         *         *    23.000    26.000         *         *         *         *     0.000     1.000     1.000     7.288     0.000     5.000     0.000     3.000     6.000    13.000    16.000    19.000     1.957     0.514    -0.037     0.015    25.520     0.814    -0.149     0.119
         *     1.300     0.800         *         *         *    24.000    27.000    24.000         *         *         *     0.000     0.000     0.000     7.288     2.000    -6.000     0.000     3.000     6.000    13.000    16.000    19.000     1.373     0.201    -0.048     0.015    25.793     0.755    -0.158     0.113
     3.100     2.900         *         *         *         *    28.000    23.000         *         *         *         *     0.000     0.000     0.000     7.122     0.000     1.000     0.000     3.000     6.000    13.000    16.000    19.000     2.946     0.196    -0.042     0.015    26.245     0.812    -0.203     0.118
     2.000     2.000         *         *         *         *    26.000    24.000         *         *         *         *     0.000     0.000     1.000     7.221     0.000    -2.000     0.000     3.000     6.000    13.000    16.000    19.000     2.036     0.196    -0.040     0.015    25.579     0.812    -0.175     0.118
     2.900     2.750     2.810         *         *         *    28.000    29.000    28.000         *         *         *     0.000     0.000     0.000     8.436     3.000     1.000     0.000     3.000     6.000    13.000    16.000    19.000     2.891     0.167    -0.042     0.015    28.390     0.754    -0.122     0.113
     2.100         *         *         *         *         *    30.000         *         *         *         *         *     0.000     0.000     0.000     6.127     3.000     1.000     0.000     3.000     6.000    13.000    16.000    19.000     2.196     0.260    -0.050     0.015    28.749     0.962    -0.175     0.119
     3.200         *         *         *         *         *    27.000         *         *         *         *         *     0.000     0.000     0.000     6.922     3.000     5.000     0.000     3.000     6.000    13.000    16.000    19.000     3.034     0.260    -0.042     0.015    27.494     0.962    -0.128     0.119
     2.900         *         *         *         *         *    28.000         *         *         *         *         *     1.000     0.000     0.000     6.859     3.000     5.000     0.000     3.000     6.000    13.000    16.000    19.000     2.696     0.260    -0.026     0.015    28.081     0.962    -0.058     0.119
     1.600     2.000     1.650         *         *         *    22.000    23.000    23.000         *         *         *     0.000     0.000     0.000     5.583     0.000    -5.000     0.000     3.000     6.000    13.000    16.000    19.000     1.879     0.167    -0.036     0.015    23.912     0.754    -0.129     0.113
     1.900     2.000     1.650         *         *         *    28.000    27.000    24.000         *         *         *     0.000     0.000     1.000     5.581     0.000     2.000     0.000     3.000     6.000    13.000    16.000    19.000     2.003     0.167    -0.047     0.015    26.884     0.754    -0.224     0.113
     2.100     1.770     1.300         *         *         *    29.000    28.000    29.000         *         *         *     0.000     1.000     0.000     7.339     1.000     8.000     0.000     3.000     6.000    13.000    16.000    19.000     1.950     0.167    -0.056     0.015    28.888     0.754    -0.194     0.113
         *     1.590         *         *         *         *    29.000    28.000         *         *         *         *     1.000     1.000     1.000     7.339     0.000     2.000     0.000     3.000     6.000    13.000    16.000    19.000     1.641     0.259    -0.029     0.015    28.180     0.813    -0.141     0.119
     3.100     2.900     2.900         *         *         *    26.000    28.000    24.000         *         *         *     0.000     0.000     0.000     5.217     0.000     6.000     0.000     3.000     6.000    13.000    16.000    19.000     3.035     0.167    -0.042     0.015    26.737     0.754    -0.175     0.113
         *     2.500     2.100         *         *         *         *    29.000    26.000         *         *         *     0.000     0.000     0.000     8.511     0.000     6.000     0.000     3.000     6.000    13.000    16.000    19.000     2.515     0.201    -0.051     0.015    27.894     0.904    -0.198     0.118
         *     2.350         *         *         *         *         *    28.000         *         *         *         *     0.000     0.000     1.000     8.511     0.000     8.000     0.000     3.000     6.000    13.000    16.000    19.000     2.428     0.259    -0.046     0.015    27.526     1.010    -0.171     0.121
     2.400     2.600     2.460     1.550     1.310         *    29.000    29.000    29.000    30.000    27.000         *     0.000     1.000     0.000     4.945     1.000    -1.000     0.000     3.000     6.000    13.000    16.000    19.000     2.466     0.153    -0.055     0.012    29.224     0.747    -0.098     0.075
     2.300     2.180     2.140         *         *         *    28.000    27.000    29.000         *         *         *     0.000     1.000     0.000     5.045     2.000    -1.000     0.000     3.000     6.000    13.000    16.000    19.000     2.331     0.167    -0.043     0.015    28.254     0.754    -0.133     0.113
     2.100     2.350     2.570         *         *         *    27.000    28.000    27.000         *         *         *     1.000     1.000     1.000     3.739     1.000     2.000     0.000     3.000     6.000    13.000    16.000    19.000     2.316     0.167    -0.015     0.015    27.573     0.754    -0.065     0.113
     2.000         *         *         *         *         *    28.000         *         *         *         *         *     0.000     1.000     0.000     5.531     0.000    -4.000     0.000     3.000     6.000    13.000    16.000    19.000     2.020     0.260    -0.046     0.015    27.587     0.962    -0.208     0.119
         *         *         *         *         *         *    27.000         *         *         *         *         *     0.000     1.000     1.000     5.531     0.000    -3.000     0.000     3.000     6.000    13.000    16.000    19.000     1.843     0.516    -0.042     0.015    26.909     0.966    -0.194     0.120
     2.400         *         *         *         *         *         *         *         *         *         *         *     0.000     1.000     0.000     2.030     2.000     9.000     0.000     3.000     6.000    13.000    16.000    19.000     2.488     0.260    -0.047     0.016    28.624     1.347    -0.169     0.121
     3.600     3.700     3.520         *         *         *    29.000    29.000    30.000         *         *         *     0.000     0.000     0.000     2.930     1.000     6.000     0.000     3.000     6.000    13.000    16.000    19.000     3.630     0.167    -0.040     0.015    29.075     0.754    -0.082     0.113
     3.400     3.150     3.060         *         *         *    28.000    29.000    29.000         *         *         *     0.000     1.000     0.000     2.930     0.000     8.000     0.000     3.000     6.000    13.000    16.000    19.000     3.261     0.167    -0.042     0.015    28.811     0.754    -0.130     0.113
         *     1.700         *         *         *         *    27.000    29.000         *         *         *         *     0.000     1.000     0.000     2.982     1.000    -2.000     0.000     3.000     6.000    13.000    16.000    19.000     1.947     0.259    -0.047     0.015    28.016     0.813    -0.159     0.119
     2.100     2.120     2.140     1.810         *         *    28.000    29.000    28.000    20.000         *         *     0.000     1.000     0.000     3.127     0.000    -6.000     0.000     3.000     6.000    13.000    16.000    19.000     2.280     0.156    -0.046     0.013    28.172     0.750    -0.373     0.090
         *     2.620     2.870     2.170         *         *    24.000    26.000    24.000    24.000         *         *     0.000     0.000     0.000     3.127     0.000     2.000     0.000     3.000     6.000    13.000    16.000    19.000     2.791     0.183    -0.039     0.013    25.607     0.752    -0.127     0.090
     3.000     2.870     2.540         *         *         *    29.000    30.000    28.000         *         *         *     0.000     0.000     0.000     3.597     1.000     1.000     0.000     3.000     6.000    13.000    16.000    19.000     2.904     0.167    -0.048     0.015    28.878     0.754    -0.140     0.113
     2.600         *     2.250         *         *         *    23.000         *    20.000         *         *         *     0.000     1.000     0.000     2.597     0.000    -4.000     0.000     3.000     6.000    13.000    16.000    19.000     2.457     0.198    -0.034     0.015    24.103     0.846    -0.221     0.113
         *         *         *         *         *         *    30.000         *         *         *         *         *     0.000     1.000     0.000     1.161     0.000    -2.000     0.000     3.000     6.000    13.000    16.000    19.000     2.391     0.516    -0.048     0.015    28.797     0.966    -0.199     0.120
     2.700     2.700         *         *         *         *    29.000    29.000         *         *         *         *     0.000     1.000     0.000     1.919     0.000    10.000     0.000     3.000     6.000    13.000    16.000    19.000     2.767     0.196    -0.048     0.015    28.904     0.812    -0.180     0.118
     2.800     2.750     3.020     2.210     2.090         *    29.000    28.000    29.000    30.000    28.000    27.000     0.000     0.000     0.000     2.048     0.000     7.000     0.000     3.000     6.000    13.000    16.000    19.000     2.922     0.153    -0.047     0.012    28.754     0.741    -0.056     0.063
     2.200     2.320     1.940         *         *         *    28.000    28.000    26.000         *         *         *     0.000     1.000     0.000     2.303     0.000     1.000     0.000     3.000     6.000    13.000    16.000    19.000     2.301     0.167    -0.046     0.015    27.880     0.754    -0.201     0.113
         *         *         *         *         *         *    24.000         *         *         *         *         *     1.000     0.000     0.000     2.303     0.000    -2.000     0.000     3.000     6.000    13.000    16.000    19.000     1.821     0.516    -0.023     0.015    25.515     0.966    -0.040     0.120
     2.300     2.500         *         *         *         *    26.000    28.000         *         *         *         *     0.000     0.000     0.000     1.484     0.000    11.000     0.000     3.000     6.000    13.000    16.000    19.000     2.528     0.196    -0.046     0.015    27.270     0.812    -0.121     0.118
     2.200     2.300     2.100     1.320     1.520     1.690    24.000    25.000    27.000    22.000    19.000    20.000     0.000     0.000     0.000     1.481     0.000     9.000     0.000     3.000     6.000    13.000    16.000    19.000     2.340     0.152    -0.049     0.011    26.031     0.740    -0.303     0.063
     3.000         *         *         *         *         *         *         *         *         *         *         *     0.000     1.000     0.000    -0.223     3.000    13.000     0.000     3.000     6.000    13.000    16.000    19.000     3.005     0.260    -0.046     0.016    29.388     1.347    -0.145     0.121
     2.600         *         *         *         *         *    29.000         *         *         *         *         *     0.000     1.000     0.000    -0.072     3.000    14.000     0.000     3.000     6.000    13.000    16.000    19.000     2.712     0.260    -0.047     0.015    29.163     0.962    -0.148     0.119
     2.000         *         *         *         *         *    28.000         *         *         *         *         *     0.000     0.000     0.000     0.141     0.000     1.000     0.000     3.000     6.000    13.000    16.000    19.000     2.148     0.260    -0.048     0.015    27.508     0.962    -0.155     0.119
         *     1.800     1.700         *         *         *    25.000    26.000    25.000         *         *         *     0.000     0.000     1.000     0.135     0.000    -2.000     0.000     3.000     6.000    13.000    16.000    19.000     1.964     0.201    -0.040     0.015    25.899     0.755    -0.119     0.113
     1.700         *         *         *         *         *    16.000         *         *         *         *         *     0.000     1.000     1.000     1.836     0.000    -6.000     0.000     3.000     6.000    13.000    16.000    19.000     1.707     0.260    -0.021     0.015    21.516     0.962    -0.054     0.119
     2.100         *         *         *         *         *    27.000    27.000         *         *         *         *     0.000     1.000     1.000     1.836     0.000    -7.000     0.000     3.000     6.000    13.000    16.000    19.000     2.042     0.260    -0.039     0.015    27.124     0.812    -0.164     0.119
     2.100     2.300     2.570         *         *         *    29.000    27.000    25.000         *         *         *     0.000     1.000     0.000     1.156     0.000     1.000     0.000     3.000     6.000    13.000    16.000    19.000     2.445     0.167    -0.041     0.015    27.710     0.754    -0.225     0.113
     2.900     2.920     2.860     2.530     2.870     2.450    26.000    26.000    25.000    23.000    24.000    26.000     0.000     1.000     0.000     1.156     0.000     1.000     0.000     3.000     6.000    13.000    16.000    19.000     2.981     0.152    -0.027     0.011    26.335     0.740    -0.115     0.063
     2.500     2.400     2.410     1.590     1.460     1.400    28.000    29.000    29.000    22.000    22.000    12.000     0.000     1.000     0.000     0.575     3.000     6.000     0.000     3.000     6.000    13.000    16.000    19.000     2.564     0.152    -0.064     0.011    29.415     0.740    -0.591     0.063
     2.600     2.550     2.230     1.600     1.240     1.410    28.000    28.000    28.000    28.000    28.000    26.000     0.000     1.000     0.000     0.575     2.000     2.000     0.000     3.000     6.000    13.000    16.000    19.000     2.474     0.152    -0.056     0.011    28.629     0.740    -0.102     0.063
     1.200     0.850     1.020         *         *         *    28.000    30.000    27.000         *         *         *     0.000     1.000     0.000    -0.200     0.000     1.000     0.000     3.000     6.000    13.000    16.000    19.000     1.320     0.167    -0.055     0.015    28.524     0.754    -0.189     0.113
     1.500     1.300     1.810         *         *         *    29.000    29.000    28.000         *         *         *     0.000     0.000     0.000    -0.200     0.000     1.000     0.000     3.000     6.000    13.000    16.000    19.000     1.787     0.167    -0.051     0.015    28.498     0.754    -0.145     0.113
     3.000     2.650         *         *         *         *    28.000    29.000         *         *         *         *     0.000     0.000     1.000     0.964     0.000     7.000     0.000     3.000     6.000    13.000    16.000    19.000     2.839     0.196    -0.044     0.015    28.139     0.812    -0.125     0.118
     3.000     3.150         *         *         *         *    29.000    27.000         *         *         *         *     0.000     0.000     0.000     0.997     0.000     8.000     0.000     3.000     6.000    13.000    16.000    19.000     3.094     0.196    -0.045     0.015    28.025     0.812    -0.156     0.118
     2.500     2.150     1.750         *         *         *    23.000    25.000    22.000    19.000    17.000     8.000     0.000     0.000     1.000    -1.358     0.000     0.000     0.000     3.000     6.000    13.000    16.000    19.000     2.265     0.167    -0.056     0.014    25.096     0.746    -0.584     0.064
         *     1.850     1.550         *         *         *    29.000    28.000    29.000         *         *         *     0.000     1.000     0.000    -1.358     0.000    -4.000     0.000     3.000     6.000    13.000    16.000    19.000     1.991     0.201    -0.049     0.015    28.689     0.755    -0.149     0.113
     3.100         *         *         *         *         *    28.000         *         *         *         *         *     0.000     1.000     0.000    -0.183     2.000     2.000     0.000     3.000     6.000    13.000    16.000    19.000     2.970     0.260    -0.041     0.015    28.318     0.962    -0.136     0.119
     2.800     2.800         *         *         *         *    29.000    29.000         *         *         *         *     0.000     0.000     1.000    -0.183     1.000     8.000     0.000     3.000     6.000    13.000    16.000    19.000     2.835     0.196    -0.044     0.015    28.593     0.812    -0.123     0.118
         *     0.570     2.300     0.440         *         *    29.000    28.000    27.000    28.000         *         *     0.000     0.000     0.000    -0.339     0.000    -6.000     0.000     3.000     6.000    13.000    16.000    19.000     1.597     0.183    -0.055     0.013    28.108     0.752    -0.098     0.090
         *     1.300     0.860         *         *         *    28.000    26.000    23.000         *         *         *     0.000     0.000     0.000    -0.339     0.000    -3.000     0.000     3.000     6.000    13.000    16.000    19.000     1.488     0.201    -0.055     0.015    26.559     0.755    -0.244     0.113
         *     1.500     1.510         *         *         *         *    29.000    29.000         *         *         *     0.000     1.000     0.000    -0.460     0.000     1.000     0.000     3.000     6.000    13.000    16.000    19.000     1.854     0.201    -0.052     0.015    28.978     0.904    -0.158     0.118
     1.500         *         *         *         *         *    29.000         *         *         *         *         *     0.000     1.000     0.000    -0.447     1.000    -2.000     0.000     3.000     6.000    13.000    16.000    19.000     1.736     0.260    -0.049     0.015    28.369     0.962    -0.184     0.119
     1.000     1.000     0.900         *         *         *    29.000    29.000    28.000         *         *         *     1.000     0.000     1.000    -1.575     0.000    11.000     0.000     3.000     6.000    13.000    16.000    19.000     1.203     0.167    -0.038     0.015    28.465     0.754    -0.081     0.113
         *         *     2.810     1.170     1.900     1.680    29.000    29.000    27.000    25.000    23.000    24.000     0.000     0.000     0.000    -0.167     0.000    -2.000     0.000     3.000     6.000    13.000    16.000    19.000     2.631     0.204    -0.056     0.012    28.395     0.744    -0.252     0.064
     2.900     3.200     3.580     3.230     2.930         *    29.000    29.000    28.000    28.000    27.000         *     0.000     0.000     0.000    -1.277     2.000    16.000     0.000     3.000     6.000    13.000    16.000    19.000     3.411     0.153    -0.033     0.012    28.813     0.747    -0.093     0.075
     2.300         *     2.700         *         *         *    24.000         *    20.000         *         *         *     0.000     1.000     0.000    -0.011     0.000    -2.000     0.000     3.000     6.000    13.000    16.000    19.000     2.542     0.198    -0.031     0.015    24.488     0.846    -0.221     0.113
     1.900     1.600     1.700         *         *         *    29.000    27.000    25.000         *         *         *     0.000     1.000     1.000    -0.783     0.000    -4.000     0.000     3.000     6.000    13.000    16.000    19.000     1.885     0.167    -0.044     0.015    27.565     0.754    -0.222     0.113
     3.400     3.030     3.060     2.380         *         *    28.000    27.000    27.000    27.000         *         *     0.000     1.000     0.000    -0.247     0.000    -5.000     0.000     3.000     6.000    13.000    16.000    19.000     3.123     0.156    -0.041     0.013    27.873     0.750    -0.116     0.090
     3.000     3.100     3.090     2.600     2.650     1.940    29.000    28.000    29.000    29.000    29.000    28.000     0.000     1.000     0.000    -1.146     1.000     4.000     0.000     3.000     6.000    13.000    16.000    19.000     3.111     0.152    -0.042     0.011    28.957     0.740    -0.043     0.063
     2.800         *         *         *         *         *    28.000         *         *         *         *         *     0.000     1.000     0.000    -0.895     2.000     8.000     0.000     3.000     6.000    13.000    16.000    19.000     2.805     0.260    -0.043     0.015    28.441     0.962    -0.139     0.119
     1.300         *     1.390         *         *         *    29.000    30.000    29.000         *         *         *     0.000     1.000     0.000    -0.881     1.000     2.000     0.000     3.000     6.000    13.000    16.000    19.000     1.668     0.198    -0.051     0.015    29.263     0.754    -0.149     0.113
         *     2.900     2.900     2.260         *         *    26.000    26.000    26.000    22.000         *         *     0.000     0.000     0.000    -2.070     0.000     5.000     0.000     3.000     6.000    13.000    16.000    19.000     2.990     0.183    -0.046     0.013    26.602     0.752    -0.225     0.090
     3.100     3.050     2.600     2.470     2.760         *    26.000    23.000    22.000    21.000    23.000         *     0.000     1.000     0.000    -2.070     0.000    -3.000     0.000     3.000     6.000    13.000    16.000    19.000     2.980     0.153    -0.030     0.012    25.203     0.747    -0.208     0.075
         *     2.650     2.000     2.140         *         *    29.000    29.000    28.000    27.000    25.000         *     0.000     0.000     0.000    -0.262     1.000     7.000     0.000     3.000     6.000    13.000    16.000    19.000     2.656     0.183    -0.051     0.013    28.756     0.750    -0.177     0.075
     2.600     2.450     2.330     1.610         *         *    28.000    28.000    29.000    21.000         *         *     0.000     1.000     0.000    -0.914     0.000     1.000     0.000     3.000     6.000    13.000    16.000    19.000     2.541     0.156    -0.055     0.013    28.381     0.750    -0.336     0.090
     2.600     2.800     2.650         *         *         *    28.000    29.000    29.000         *         *         *     0.000     1.000     0.000    -1.359     2.000     5.000     0.000     3.000     6.000    13.000    16.000    19.000     2.803     0.167    -0.041     0.015    28.869     0.754    -0.101     0.113
     2.900     2.850     2.670     2.250         *         *    27.000    29.000    28.000    29.000         *         *     0.000     0.000     0.000    -0.556     0.000     3.000     0.000     3.000     6.000    13.000    16.000    19.000     2.893     0.156    -0.043     0.013    28.083     0.750    -0.017     0.090
     2.300         *     1.760         *         *         *    27.000    28.000    30.000         *         *         *     0.000     0.000     0.000    -0.822     0.000     0.000     0.000     3.000     6.000    13.000    16.000    19.000     2.243     0.198    -0.049     0.015    28.094     0.754    -0.063     0.113
         *         *         *         *         *         *    28.000         *         *         *         *         *     0.000     1.000     0.000    -0.822     0.000     1.000     0.000     3.000     6.000    13.000    16.000    19.000     2.508     0.516    -0.044     0.015    27.956     0.966    -0.165     0.120
     1.900         *         *         *         *         *    28.000         *         *         *         *         *     0.000     1.000     0.000    -1.150     3.000    -2.000     0.000     3.000     6.000    13.000    16.000    19.000     2.057     0.260    -0.044     0.015    28.229     0.962    -0.139     0.119
     3.800         *         *         *         *         *    29.000         *         *         *         *         *     0.000     0.000     0.000    -1.536     0.000    16.000     0.000     3.000     6.000    13.000    16.000    19.000     3.645     0.260    -0.046     0.015    28.644     0.962    -0.129     0.119
     2.400     2.080     2.410     1.950     2.050     1.850    28.000    28.000    29.000    26.000    28.000    23.000     0.000     1.000     0.000    -1.538     0.000     0.000     0.000     3.000     6.000    13.000    16.000    19.000     2.486     0.152    -0.038     0.011    28.469     0.740    -0.169     0.063
     1.300         *         *         *         *         *    23.000         *         *         *         *         *     0.000     0.000     1.000    -2.167     0.000     6.000     0.000     3.000     6.000    13.000    16.000    19.000     1.609     0.260    -0.040     0.015    24.952     0.962    -0.094     0.119
     2.500     2.820     2.860     2.310     2.260         *    27.000    29.000    28.000    28.000    28.000    27.000     0.000     0.000     1.000    -2.167     0.000    -2.000     0.000     3.000     6.000    13.000    16.000    19.000     2.780     0.153    -0.034     0.012    27.824     0.741    -0.023     0.063
     1.700     1.570     1.520         *         *         *    28.000    27.000    30.000         *         *         *     0.000     1.000     0.000    -2.481     0.000    -8.000     0.000     3.000     6.000    13.000    16.000    19.000     1.791     0.167    -0.045     0.015    28.251     0.754    -0.101     0.113
     1.900     2.020     2.150     1.900     1.510         *    30.000    29.000    28.000    28.000    26.000         *     0.000     1.000     1.000    -2.505     0.000    12.000     0.000     3.000     6.000    13.000    16.000    19.000     2.257     0.153    -0.043     0.012    29.138     0.747    -0.159     0.075
     2.400         *     2.570     1.680         *         *    29.000         *    28.000    26.000         *         *     0.000     1.000     0.000    -2.505     0.000     9.000     0.000     3.000     6.000    13.000    16.000    19.000     2.572     0.178    -0.051     0.013    28.766     0.834    -0.189     0.091
     3.000     3.000     3.090     2.490     2.870     2.180    30.000    29.000    29.000    30.000    29.000    29.000     0.000     0.000     0.000    -3.381     1.000     5.000     0.000     3.000     6.000    13.000    16.000    19.000     3.149     0.152    -0.041     0.011    29.219     0.740    -0.017     0.063
         *         *     2.190         *         *         *    29.000    29.000    29.000         *         *         *     0.000     0.000     0.000    -1.962     0.000     3.000     0.000     3.000     6.000    13.000    16.000    19.000     2.572     0.262    -0.050     0.015    28.807     0.755    -0.113     0.113
     2.700         *     2.600         *         *         *    27.000         *    27.000         *         *         *     0.000     0.000     0.000    -1.464     0.000    -1.000     0.000     3.000     6.000    13.000    16.000    19.000     2.747     0.198    -0.041     0.015    27.261     0.846    -0.105     0.113
     1.700     1.580         *         *         *         *    27.000    26.000         *         *         *         *     0.000     1.000     1.000    -2.745     0.000     1.000     0.000     3.000     6.000    13.000    16.000    19.000     1.789     0.196    -0.042     0.015    26.986     0.812    -0.160     0.118
     0.900         *         *         *         *         *    29.000    29.000    29.000         *         *         *     0.000     1.000     0.000    -2.745     0.000     7.000     0.000     3.000     6.000    13.000    16.000    19.000     1.402     0.259    -0.054     0.015    29.026     0.754    -0.157     0.113
     1.700     2.000     1.250     1.350         *         *    23.000    26.000    27.000    24.000         *         *     0.000     0.000     0.000    -4.216     0.000    -5.000     0.000     3.000     6.000    13.000    16.000    19.000     1.864     0.156    -0.043     0.013    25.738     0.750    -0.080     0.090
     2.500     2.650     2.490         *         *         *    26.000    25.000    23.000         *         *         *     0.000     0.000     1.000    -4.213     0.000    -7.000     0.000     3.000     6.000    13.000    16.000    19.000     2.597     0.167    -0.033     0.015    25.553     0.754    -0.143     0.113
     2.400     2.500     2.650         *         *         *    28.000    26.000    26.000         *    27.000         *     0.000     1.000     0.000    -4.467     0.000     1.000     0.000     3.000     6.000    13.000    16.000    19.000     2.632     0.167    -0.036     0.014    27.397     0.754    -0.081     0.081
     2.400     1.900     2.100         *     2.080     1.440    28.000    29.000    28.000    28.000    26.000    27.000     0.000     1.000     0.000    -3.750     0.000    -4.000     0.000     3.000     6.000    13.000    16.000    19.000     2.341     0.156    -0.039     0.011    28.424     0.740    -0.097     0.063
         *     2.050     1.520         *         *         *    29.000    28.000    27.000         *         *         *     0.000     1.000     0.000    -2.839     0.000     0.000     0.000     3.000     6.000    13.000    16.000    19.000     2.094     0.201    -0.051     0.015    28.404     0.755    -0.188     0.113
     3.000     3.000     2.760         *         *         *    28.000    30.000    28.000         *         *         *     0.000     1.000     0.000    -2.842     0.000     9.000     0.000     3.000     6.000    13.000    16.000    19.000     3.037     0.167    -0.044     0.015    28.907     0.754    -0.132     0.113
     3.000         *         *         *     2.680     2.120    29.000    29.000         *         *    30.000    29.000     1.000     1.000     0.000    -4.333     2.000     8.000     0.000     3.000     6.000    13.000    16.000    19.000     2.865     0.199    -0.026     0.011    29.268     0.801    -0.001     0.065
         *     2.800     2.800         *         *         *         *    28.000    29.000         *         *         *     0.000     0.000     0.000    -5.003     1.000    10.000     0.000     3.000     6.000    13.000    16.000    19.000     3.030     0.201    -0.046     0.015    28.641     0.904    -0.083     0.118
         *     2.650     2.700     2.380         *         *         *    27.000    28.000    22.000         *         *     0.000     1.000     0.000     0.800     1.000    -5.000     0.000     3.000     6.000    13.000    16.000    19.000     2.805     0.184    -0.040     0.014    27.810     0.899    -0.274     0.097
         *         *         *         *     2.190     2.030    28.000         *         *         *    19.000    21.000     0.000     0.000     0.000    -4.027     0.000    -4.000     0.000     3.000     6.000    13.000    16.000    19.000     2.829     0.265    -0.044     0.013    26.870     0.929    -0.331     0.068
     3.000     2.800     2.830         *     2.630     2.810    29.000    29.000    29.000    28.000    29.000    28.000     0.000     1.000     0.000    -3.777     0.000     0.000     0.000     3.000     6.000    13.000    16.000    19.000     3.036     0.156    -0.028     0.011    28.861     0.740    -0.044     0.063
     2.000     1.950     2.830         *         *         *    29.000    27.000    28.000         *         *         *     0.000     1.000     0.000    -3.844     3.000     7.000     0.000     3.000     6.000    13.000    16.000    19.000     2.435     0.167    -0.038     0.015    28.532     0.754    -0.125     0.113
     2.200     2.200     2.110     1.790         *         *    26.000    29.000    29.000    27.000         *         *     0.000     1.000     1.000    -4.372     1.000    11.000     0.000     3.000     6.000    13.000    16.000    19.000     2.340     0.156    -0.041     0.013    28.181     0.750    -0.076     0.090
     3.200         *         *         *         *         *    29.000         *         *         *         *         *     0.000     1.000     0.000    -5.220     2.000     8.000     0.000     3.000     6.000    13.000    16.000    19.000     3.152     0.260    -0.043     0.015    29.110     0.962    -0.119     0.119
     2.500     2.370         *         *         *         *    27.000    28.000         *         *         *         *     0.000     0.000     0.000    -3.258     0.000   -10.000     0.000     3.000     6.000    13.000    16.000    19.000     2.477     0.196    -0.042     0.015    27.357     0.812    -0.102     0.118
     2.200         *         *         *         *         *    29.000         *         *         *         *         *     0.000     1.000     0.000    -3.872     0.000     0.000     0.000     3.000     6.000    13.000    16.000    19.000     2.303     0.260    -0.047     0.015    28.470     0.962    -0.164     0.119
     2.700     2.650     2.850         *         *         *    28.000    29.000    28.000         *         *         *     0.000     0.000     0.000    -5.556     3.000     0.000     0.000     3.000     6.000    13.000    16.000    19.000     2.859     0.167    -0.040     0.015    28.451     0.754    -0.064     0.113
     2.300     2.550     2.000         *         *         *    29.000    30.000    28.000         *         *         *     0.000     0.000     0.000    -5.556     0.000     5.000     0.000     3.000     6.000    13.000    16.000    19.000     2.494     0.167    -0.052     0.015    28.909     0.754    -0.121     0.113
     3.400     2.600     2.650     2.390     1.560         *    29.000    28.000    29.000    28.000    27.000         *     0.000     1.000     1.000    -5.892     0.000     4.000     0.000     3.000     6.000    13.000    16.000    19.000     2.897     0.153    -0.053     0.012    28.919     0.747    -0.111     0.075
     2.800         *         *         *         *         *    29.000         *         *         *         *         *     0.000     0.000     0.000    -5.908     0.000    -1.000     0.000     3.000     6.000    13.000    16.000    19.000     2.794     0.260    -0.046     0.015    28.233     0.962    -0.118     0.119
     2.300     2.470     2.230     1.900         *         *    28.000    29.000    27.000    25.000         *         *     0.000     1.000     0.000    -4.172     1.000     2.000     0.000     3.000     6.000    13.000    16.000    19.000     2.492     0.156    -0.045     0.013    28.380     0.750    -0.198     0.090
     1.900     2.250     2.270         *         *         *    29.000    29.000    26.000         *         *         *     0.000     1.000     0.000    -4.172     0.000     1.000     0.000     3.000     6.000    13.000    16.000    19.000     2.311     0.167    -0.044     0.015    28.419     0.754    -0.187     0.113
     3.700     3.250         *     3.170     2.650         *    28.000    29.000         *    27.000    26.000         *     0.000     1.000     0.000    -3.470     2.000     7.000     0.000     3.000     6.000    13.000    16.000    19.000     3.469     0.166    -0.041     0.012    28.787     0.793    -0.145     0.075
     3.800     3.350     3.200     3.250     3.130     2.950    29.000    29.000    29.000    29.000    26.000    27.000     0.000     0.000     0.000    -6.056     2.000     1.000     0.000     3.000     6.000    13.000    16.000    19.000     3.582     0.152    -0.035     0.011    28.974     0.740    -0.098     0.063
     2.700         *         *         *         *         *    24.000         *         *         *         *         *     0.000     1.000     0.000    -4.866     0.000     0.000     0.000     3.000     6.000    13.000    16.000    19.000     2.669     0.260    -0.036     0.015    26.107     0.962    -0.095     0.119
     2.100         *         *         *         *         *    21.000         *         *         *         *         *     0.000     0.000     0.000    -4.866     0.000     0.000     0.000     3.000     6.000    13.000    16.000    19.000     2.240     0.260    -0.035     0.015    24.199     0.962    -0.048     0.119
     2.400     2.060     1.890         *         *         *    28.000    28.000    26.000         *         *         *     0.000     1.000     0.000    -4.430     0.000     1.000     0.000     3.000     6.000    13.000    16.000    19.000     2.297     0.167    -0.048     0.015    27.946     0.754    -0.178     0.113
     3.300     3.330     2.650         *         *         *    28.000    27.000    29.000         *         *         *     0.000     1.000     0.000    -3.928     3.000     3.000     0.000     3.000     6.000    13.000    16.000    19.000     3.171     0.167    -0.040     0.015    28.502     0.754    -0.085     0.113
     2.900     3.100     2.820         *         *         *    28.000    29.000    30.000         *         *         *     0.000     0.000     0.000    -4.833     0.000    -9.000     0.000     3.000     6.000    13.000    16.000    19.000     3.002     0.167    -0.039     0.015    28.528     0.754    -0.036     0.113
         *         *     2.730     1.890     1.270     1.590    29.000    29.000    29.000    30.000    29.000    28.000     0.000     1.000     0.000    -4.833     0.000    -7.000     0.000     3.000     6.000    13.000    16.000    19.000     2.547     0.204    -0.051     0.012    29.121     0.744    -0.039     0.064
     2.800     2.550         *         *         *         *    29.000    30.000         *         *         *         *     0.000     1.000     0.000    -4.736     0.000    -3.000     0.000     3.000     6.000    13.000    16.000    19.000     2.717     0.196    -0.045     0.015    29.102     0.812    -0.134     0.118
     2.800     2.550     2.740         *         *         *    28.000    29.000    27.000         *         *         *     0.000     1.000     0.000    -4.736     0.000    -4.000     0.000     3.000     6.000    13.000    16.000    19.000     2.786     0.167    -0.040     0.015    28.285     0.754    -0.135     0.113
     2.300     2.450     2.600         *         *         *    30.000    28.000    29.000         *         *         *     0.000     1.000     1.000    -5.777     1.000     2.000     0.000     3.000     6.000    13.000    16.000    19.000     2.566     0.167    -0.038     0.015    29.009     0.754    -0.118     0.113
     3.000     2.800     2.430     1.290         *         *    29.000    30.000    28.000    24.000         *         *     0.000     1.000     0.000    -5.683     0.000     6.000     0.000     3.000     6.000    13.000    16.000    19.000     2.746     0.156    -0.066     0.013    29.286     0.750    -0.284     0.090
     3.200     3.100     3.150     2.870     2.680     1.870    29.000    27.000    30.000    28.000    27.000    26.000     0.000     1.000     0.000    -4.358     0.000     6.000     0.000     3.000     6.000    13.000    16.000    19.000     3.232     0.152    -0.047     0.011    28.951     0.740    -0.124     0.063
     3.500     3.400     3.450     3.230     3.230         *    29.000    30.000    29.000    29.000    26.000         *     0.000     1.000     0.000    -6.656     0.000     7.000     0.000     3.000     6.000    13.000    16.000    19.000     3.579     0.153    -0.033     0.012    29.384     0.747    -0.125     0.075
     2.500         *         *         *         *         *    30.000         *         *         *         *         *     0.000     1.000     0.000    -5.473     3.000    10.000     0.000     3.000     6.000    13.000    16.000    19.000     2.661     0.260    -0.047     0.015    29.702     0.962    -0.130     0.119
         *     2.400     2.440         *         *         *    28.000    28.000    25.000         *         *         *     0.000     1.000     0.000    -5.761     0.000     2.000     0.000     3.000     6.000    13.000    16.000    19.000     2.631     0.201    -0.044     0.015    27.772     0.755    -0.184     0.113
     1.800     1.880     1.730         *         *         *    28.000    30.000    28.000         *         *         *     0.000     1.000     0.000    -5.761     0.000    12.000     0.000     3.000     6.000    13.000    16.000    19.000     2.074     0.167    -0.051     0.015    28.921     0.754    -0.140     0.113
     2.500     2.350     2.300     1.710         *         *    29.000    30.000    29.000    27.000         *         *     0.000     0.000     0.000    -6.973     2.000     8.000     0.000     3.000     6.000    13.000    16.000    19.000     2.567     0.156    -0.054     0.013    29.272     0.750    -0.129     0.090
     3.100     3.100     2.600     2.530     1.270     1.450    30.000    28.000    29.000    29.000    28.000    30.000     0.000     0.000     1.000    -7.570     3.000     2.000     0.000     3.000     6.000    13.000    16.000    19.000     2.910     0.152    -0.061     0.011    29.140     0.740    -0.025     0.063
     3.700         *     3.520     3.520         *     3.500    28.000    29.000    29.000    26.000    28.000    27.000     0.000     1.000     0.000    -4.978     0.000     4.000     0.000     3.000     6.000    13.000    16.000    19.000     3.727     0.173    -0.025     0.012    28.595     0.741    -0.086     0.063
     3.600     3.450     3.550     3.250     3.200     3.160    29.000    30.000    30.000    28.000    28.000    28.000     0.000     1.000     0.000    -4.978     0.000     2.000     0.000     3.000     6.000    13.000    16.000    19.000     3.612     0.152    -0.030     0.011    29.386     0.740    -0.081     0.063
         *     3.150     2.850     2.160     1.600         *         *    23.000    22.000    20.000    19.000         *     0.000     0.000     0.000    -3.816     0.000     3.000     0.000     3.000     6.000    13.000    16.000    19.000     2.930     0.178    -0.055     0.013    25.007     0.894    -0.322     0.082
         *     2.900     3.100     3.250     1.380     0.920    30.000    30.000    30.000    27.000    25.000    28.000     0.000     0.000     0.000    -6.917     1.000     3.000     0.000     3.000     6.000    13.000    16.000    19.000     3.100     0.176    -0.070     0.012    29.790     0.742    -0.172     0.063
     3.400     3.050     3.300     2.220     2.260         *    30.000    30.000    29.000    28.000    30.000    29.000     0.000     0.000     0.000    -6.917     1.000     2.000     0.000     3.000     6.000    13.000    16.000    19.000     3.231     0.153    -0.053     0.012    29.479     0.741    -0.040     0.063
     2.800     2.200     2.330     1.620     1.090     0.770    28.000    29.000    27.000    28.000    26.000    27.000     0.000     1.000     0.000    -6.092     0.000    -2.000     0.000     3.000     6.000    13.000    16.000    19.000     2.438     0.152    -0.067     0.011    28.606     0.740    -0.118     0.063
     2.100     1.500     1.400     1.140         *         *    30.000    29.000    27.000    21.000         *         *     0.000     1.000     0.000    -6.092     0.000    -3.000     0.000     3.000     6.000    13.000    16.000    19.000     1.913     0.156    -0.060     0.013    28.801     0.750    -0.386     0.090
     1.500     0.850     0.700     0.790     0.460         *    29.000    29.000    29.000    26.000    23.000         *     0.000     1.000     1.000    -6.716     0.000    -7.000     0.000     3.000     6.000    13.000    16.000    19.000     1.323     0.153    -0.053     0.012    28.817     0.747    -0.252     0.075
     1.800         *     1.650     0.990     0.950     1.110    29.000    26.000    26.000    28.000    29.000    24.000     0.000     1.000     0.000    -6.716     1.000    -2.000     0.000     3.000     6.000    13.000    16.000    19.000     1.877     0.169    -0.049     0.011    27.976     0.741    -0.099     0.063
         *     3.400     3.540         *         *         *    30.000    30.000    29.000         *         *         *     0.000     1.000     1.000    -7.611     1.000     2.000     0.000     3.000     6.000    13.000    16.000    19.000     3.487     0.201    -0.034     0.015    29.560     0.755    -0.095     0.113
     1.500     1.350     1.050     0.990         *         *         *    29.000    25.000    27.000         *         *     0.000     0.000     0.000    -8.361     0.000     8.000     0.000     3.000     6.000    13.000    16.000    19.000     1.652     0.157    -0.055     0.013    27.807     0.894    -0.118     0.097
     2.400     2.500     1.850         *         *         *    25.000    28.000    28.000         *         *         *     0.000     0.000     0.000    -8.138     1.000    -6.000     0.000     3.000     6.000    13.000    16.000    19.000     2.409     0.167    -0.042     0.015    27.154     0.754    -0.020     0.113
     2.000     2.300         *         *         *         *    28.000    29.000         *         *         *         *     0.000     0.000     1.000    -7.810     0.000    -3.000     0.000     3.000     6.000    13.000    16.000    19.000     2.261     0.196    -0.042     0.015    28.024     0.812    -0.085     0.118
     1.800     2.300     2.330     2.080         *         *    28.000    29.000    29.000    27.000         *         *     0.000     0.000     0.000    -7.325     1.000     2.000     0.000     3.000     6.000    13.000    16.000    19.000     2.395     0.156    -0.039     0.013    28.437     0.750    -0.077     0.090
     2.900     3.050     2.700     1.770     2.190     1.620    29.000    28.000    27.000    25.000    27.000    11.000     0.000     1.000     0.000    -8.939     0.000     0.000     0.000     3.000     6.000    13.000    16.000    19.000     2.938     0.152    -0.061     0.011    29.198     0.740    -0.487     0.063
     3.000         *     2.900     2.500     1.550         *    29.000    28.000    29.000    25.000    29.000         *     0.000     1.000     0.000    -8.908     0.000     2.000     0.000     3.000     6.000    13.000    16.000    19.000     2.932     0.171    -0.052     0.012    28.825     0.747    -0.111     0.075
     2.000     1.400     1.590     0.590     0.750         *    29.000    29.000    29.000    29.000    28.000    30.000     0.000     1.000     0.000    -7.710     2.000    18.000     0.000     3.000     6.000    13.000    16.000    19.000     1.867     0.153    -0.065     0.012    29.449     0.741    -0.048     0.063
     2.600     2.500     2.550     2.460         *     1.960    28.000    28.000    28.000    29.000    28.000    23.000     0.000     1.000     0.000    -7.209     0.000    -9.000     0.000     3.000     6.000    13.000    16.000    19.000     2.697     0.154    -0.036     0.011    28.420     0.740    -0.127     0.063
     2.000     1.880     1.990     1.610         *         *    30.000    30.000    25.000    25.000         *         *     0.000     0.000     0.000    -6.906     0.000     2.000     0.000     3.000     6.000    13.000    16.000    19.000     2.213     0.156    -0.052     0.013    28.549     0.750    -0.231     0.090
     2.200     2.180     2.410     1.760     1.710     1.320    29.000    29.000    29.000    30.000    26.000    29.000     0.000     0.000     0.000    -6.906     0.000    -4.000     0.000     3.000     6.000    13.000    16.000    19.000     2.406     0.152    -0.048     0.011    28.775     0.740    -0.043     0.063
     3.000     2.610     2.890         *         *         *    28.000    30.000    29.000         *         *         *     0.000     1.000     0.000    -7.500     0.000    -2.000     0.000     3.000     6.000    13.000    16.000    19.000     2.931     0.167    -0.040     0.015    28.951     0.754    -0.082     0.113
     3.400     2.980     3.230     2.620     2.790     2.390    29.000    29.000    30.000    29.000    30.000    28.000     0.000     0.000     0.000    -7.563     0.000    -5.000     0.000     3.000     6.000    13.000    16.000    19.000     3.258     0.152    -0.040     0.011    28.980     0.740    -0.012     0.063
         *         *     2.870     2.630     2.560     2.600         *         *    28.000    29.000    30.000    28.000     0.000     1.000     0.000    -0.861     2.000    -4.000     0.000     3.000     6.000    13.000    16.000    19.000     3.021     0.208    -0.030     0.012    28.666     1.043    -0.009     0.076
         *         *     2.980     2.260     1.820     3.050         *         *    29.000    29.000    28.000    16.000     0.000     1.000     0.000    -0.828     3.000    -2.000     0.000     3.000     6.000    13.000    16.000    19.000     3.047     0.208    -0.042     0.012    30.000     1.043    -0.350     0.076
     4.400     4.550     4.490     4.040     4.290         *    29.000    30.000    30.000    30.000    29.000         *     0.000     0.000     0.000    -7.908     1.000    19.000     0.000     3.000     6.000    13.000    16.000    19.000     4.533     0.153    -0.031     0.012    29.563     0.747    -0.012     0.075
     3.700     3.900     4.010     3.510     3.250         *    29.000    30.000    30.000    28.000    29.000         *     0.000     0.000     0.000    -7.895     3.000    12.000     0.000     3.000     6.000    13.000    16.000    19.000     3.929     0.153    -0.038     0.012    29.540     0.747    -0.053     0.075
     1.700     1.390     1.680     1.040         *         *    28.000    29.000    29.000    25.000         *         *     1.000     1.000     1.000    -7.145     1.000    12.000     0.000     3.000     6.000    13.000    16.000    19.000     1.710     0.156    -0.036     0.013    28.692     0.750    -0.153     0.090
     2.700     3.250     3.440     3.150     2.910     2.790    29.000    28.000    27.000    29.000    24.000    27.000     0.000     0.000     0.000    -6.911     1.000     6.000     0.000     3.000     6.000    13.000    16.000    19.000     3.306     0.152    -0.029     0.011    28.256     0.740    -0.102     0.063
         *     3.530     3.200     1.960         *         *    28.000    27.000    29.000    25.000         *         *     0.000     1.000     0.000    -7.683     0.000     6.000     0.000     3.000     6.000    13.000    16.000    19.000     3.247     0.183    -0.054     0.013    28.452     0.752    -0.183     0.090
     3.300     3.120     3.230     2.780     2.230     2.130    30.000    29.000    28.000    28.000    28.000    28.000     0.000     1.000     0.000    -8.208     1.000    -4.000     0.000     3.000     6.000    13.000    16.000    19.000     3.214     0.152    -0.047     0.011    29.248     0.740    -0.089     0.063
     3.400         *     2.740         *         *         *    30.000    27.000    28.000         *         *         *     0.000     1.000     0.000    -7.419     1.000     0.000     0.000     3.000     6.000    13.000    16.000    19.000     3.131     0.198    -0.044     0.015    28.782     0.754    -0.143     0.113
     2.900     2.750         *         *         *         *    29.000    28.000         *         *         *         *     0.000     1.000     0.000    -9.153     0.000    -1.000     0.000     3.000     6.000    13.000    16.000    19.000     2.873     0.196    -0.042     0.015    28.592     0.812    -0.125     0.118
         *     2.350     2.500         *     1.060     1.770    28.000    29.000    29.000         *    24.000    25.000     0.000     1.000     0.000    -9.156     0.000     3.000     0.000     3.000     6.000    13.000    16.000    19.000     2.552     0.183    -0.055     0.012    28.873     0.747    -0.213     0.065
     1.200     1.100         *         *         *         *    27.000    25.000         *         *    26.000         *     0.000     1.000     0.000    -8.202     0.000    -2.000     0.000     3.000     6.000    13.000    16.000    19.000     1.431     0.196    -0.045     0.015    26.878     0.806    -0.093     0.081
     3.100     3.300     3.490     2.890     2.630     2.510    29.000    29.000    30.000    30.000    29.000    25.000     0.000     1.000     0.000   -10.234     0.000    11.000     0.000     3.000     6.000    13.000    16.000    19.000     3.391     0.152    -0.043     0.011    29.656     0.740    -0.115     0.063
     3.000     3.100     3.310     2.830     2.440     2.420    28.000    29.000    26.000    26.000    24.000    25.000     0.000     1.000     0.000   -10.126     0.000    10.000     0.000     3.000     6.000    13.000    16.000    19.000     3.246     0.152    -0.042     0.011    28.345     0.740    -0.195     0.063
     3.100     2.900     2.700     2.680     1.800     2.080    25.000    29.000    29.000    28.000    26.000    26.000     0.000     1.000     0.000   -11.108     0.000     4.000     0.000     3.000     6.000    13.000    16.000    19.000     2.991     0.152    -0.047     0.011    28.107     0.740    -0.084     0.063
     3.400     3.800     3.780     3.080     2.410         *    30.000    30.000    30.000    30.000    29.000    29.000     0.000     1.000     0.000   -10.317     0.000     2.000     0.000     3.000     6.000    13.000    16.000    19.000     3.603     0.153    -0.046     0.012    29.966     0.741    -0.053     0.063
         *     1.750     2.280         *         *         *    27.000    29.000    29.000         *         *         *     1.000     1.000     0.000   -10.169     0.000     4.000     0.000     3.000     6.000    13.000    16.000    19.000     2.179     0.201    -0.025     0.015    28.389     0.755     0.004     0.113
     2.600         *     2.300     1.540     1.730         *    29.000    28.000    24.000    25.000    28.000         *     0.000     1.000     0.000   -11.281     2.000     2.000     0.000     3.000     6.000    13.000    16.000    19.000     2.516     0.171    -0.050     0.012    28.045     0.747    -0.127     0.075
     4.000     4.000     3.990         *         *         *    28.000    29.000    29.000         *         *         *     0.000     1.000     0.000   -10.214     2.000    18.000     0.000     3.000     6.000    13.000    16.000    19.000     4.049     0.167    -0.036     0.015    29.166     0.754    -0.055     0.113
     3.200     3.350     2.760         *         *         *    28.000    29.000    25.000         *         *         *     0.000     1.000     0.000   -10.214     3.000    15.000     0.000     3.000     6.000    13.000    16.000    19.000     3.252     0.167    -0.044     0.015    28.453     0.754    -0.150     0.113
     2.700         *         *         *         *         *    27.000         *         *         *         *         *     0.000     1.000     0.000   -11.850     0.000     4.000     0.000     3.000     6.000    13.000    16.000    19.000     2.786     0.260    -0.041     0.015    27.877     0.962    -0.090     0.119
         *         *         *         *         *         *    27.000         *         *         *         *         *     0.000     1.000     0.000   -11.850     0.000     1.000     0.000     3.000     6.000    13.000    16.000    19.000     2.909     0.516    -0.039     0.015    27.833     0.966    -0.086     0.120
     3.900     3.500     3.420     3.250     3.380     3.240    29.000    30.000    28.000    29.000    30.000    29.000     0.000     0.000     0.000   -10.578     2.000    12.000     0.000     3.000     6.000    13.000    16.000    19.000     3.760     0.152    -0.034     0.011    29.122     0.740     0.000     0.063
     3.100     3.000     2.750     2.900     2.780     2.420    29.000    30.000    30.000    27.000    29.000    28.000     0.000     1.000     0.000   -10.526     2.000    19.000     0.000     3.000     6.000    13.000    16.000    19.000     3.224     0.152    -0.040     0.011    29.732     0.740    -0.093     0.063
     3.600     3.500     3.100     3.440     3.390     2.420         *    28.000    29.000    26.000    29.000    29.000     0.000     1.000     1.000   -13.750     1.000     8.000     0.000     3.000     6.000    13.000    16.000    19.000     3.531     0.153    -0.033     0.011    28.639     0.876    -0.030     0.070
         *     2.350     2.650     1.870     1.920         *    29.000    30.000    28.000    27.000    28.000         *     0.000     1.000     1.000   -13.578     1.000    12.000     0.000     3.000     6.000    13.000    16.000    19.000     2.691     0.177    -0.048     0.012    29.248     0.749    -0.113     0.075
     2.800     2.500     2.540     2.260     2.210     2.110    29.000    30.000    29.000    29.000    28.000    29.000     0.000     0.000     0.000   -11.089     3.000     0.000     0.000     3.000     6.000    13.000    16.000    19.000     2.810     0.152    -0.041     0.011    29.191     0.740    -0.033     0.063
     3.100     3.000     2.800         *         *         *    29.000    30.000    29.000         *         *         *     0.000     1.000     0.000   -13.100     1.000     2.000     0.000     3.000     6.000    13.000    16.000    19.000     3.095     0.167    -0.042     0.015    29.429     0.754    -0.077     0.113
     3.900     3.900         *     3.540     2.970     2.840    29.000    28.000    28.000    28.000    27.000    24.000     0.000     0.000     0.000   -13.384     0.000    10.000     0.000     3.000     6.000    13.000    16.000    19.000     3.881     0.164    -0.047     0.011    28.824     0.740    -0.152     0.063
     3.300     2.850     2.910     2.630     2.760     2.750    29.000    30.000    30.000    29.000    29.000    26.000     0.000     1.000     0.000   -11.892     0.000    -2.000     0.000     3.000     6.000    13.000    16.000    19.000     3.176     0.152    -0.034     0.011    29.532     0.740    -0.095     0.063
     3.200     2.800     3.170     2.240         *         *    29.000    28.000    28.000    27.000         *         *     0.000     0.000     0.000   -11.892     0.000     0.000     0.000     3.000     6.000    13.000    16.000    19.000     3.108     0.156    -0.048     0.013    28.454     0.750    -0.099     0.090
     3.400         *     2.890         *         *         *    30.000    28.000    29.000         *         *         *     0.000     1.000     0.000   -11.624     1.000     6.000     0.000     3.000     6.000    13.000    16.000    19.000     3.255     0.198    -0.044     0.015    29.315     0.754    -0.107     0.113
     2.200     2.200     1.900     1.860     1.760         *    30.000    30.000    30.000    30.000    29.000         *     0.000     1.000     0.000   -14.545     2.000    13.000     0.000     3.000     6.000    13.000    16.000    19.000     2.423     0.153    -0.047     0.012    30.103     0.747    -0.056     0.075
     2.400         *         *         *         *         *    28.000         *         *         *         *         *     0.000     0.000     0.000   -12.689     1.000    -3.000     0.000     3.000     6.000    13.000    16.000    19.000     2.552     0.260    -0.043     0.015    27.974     0.962    -0.065     0.119
     2.900         *         *         *         *         *    29.000         *         *         *         *         *     0.000     1.000     1.000   -13.725     0.000     4.000     0.000     3.000     6.000    13.000    16.000    19.000     2.896     0.260    -0.040     0.015    28.753     0.962    -0.092     0.119
     3.000         *         *         *         *         *    29.000         *         *         *         *         *     0.000     1.000     0.000   -13.725     0.000     2.000     0.000     3.000     6.000    13.000    16.000    19.000     3.019     0.260    -0.042     0.015    28.907     0.962    -0.096     0.119
     3.100     3.120     3.120         *         *         *    29.000    28.000    28.000         *         *         *     1.000     0.000     1.000   -13.124     0.000     8.000     0.000     3.000     6.000    13.000    16.000    19.000     3.120     0.167    -0.020     0.015    28.319     0.754     0.008     0.113
     3.600     3.400     3.630         *         *         *    28.000    29.000    28.000         *         *         *     0.000     0.000     0.000   -12.884     0.000    10.000     0.000     3.000     6.000    13.000    16.000    19.000     3.641     0.167    -0.040     0.015    28.502     0.754    -0.050     0.113
     4.000     3.600     3.700     3.440     3.500     3.110    29.000    30.000    29.000    30.000    29.000    29.000     0.000     0.000     1.000   -15.213     0.000    13.000     0.000     3.000     6.000    13.000    16.000    19.000     3.869     0.152    -0.035     0.011    29.217     0.740    -0.003     0.063
     3.900     3.500     3.650     3.540     2.500     3.020    30.000    28.000    30.000    29.000    29.000    30.000     0.000     0.000     0.000   -15.210     1.000    10.000     0.000     3.000     6.000    13.000    16.000    19.000     3.768     0.152    -0.045     0.011    29.319     0.740    -0.004     0.063
     3.100     3.000     3.100     2.780     1.740     2.360    30.000    29.000    29.000    30.000    28.000    30.000     0.000     1.000     0.000   -16.081     1.000     9.000     0.000     3.000     6.000    13.000    16.000    19.000     3.162     0.152    -0.049     0.011    29.661     0.740    -0.035     0.063
     3.100     3.220     3.200         *         *         *    29.000    29.000    29.000         *         *         *     0.000     1.000     0.000   -15.059     0.000     0.000     0.000     3.000     6.000    13.000    16.000    19.000     3.266     0.167    -0.038     0.015    29.086     0.754    -0.066     0.113
     2.800     3.000     3.040     3.410     3.360         *    29.000    28.000    29.000    29.000    26.000         *     0.000     1.000     1.000   -15.059     0.000    -7.000     0.000     3.000     6.000    13.000    16.000    19.000     3.177     0.153    -0.012     0.012    28.459     0.747    -0.057     0.075
     3.000     3.150         *     3.090     2.900     2.750    28.000    28.000         *    29.000    30.000    30.000     0.000     0.000     0.000   -16.732     0.000     1.000     0.000     3.000     6.000    13.000    16.000    19.000     3.272     0.164    -0.028     0.011    28.123     0.789     0.079     0.064
     2.800     2.900     2.500     2.650     1.760     1.200    29.000    27.000    26.000    26.000    28.000    28.000     0.000     1.000     1.000   -16.721     1.000     1.000     0.000     3.000     6.000    13.000    16.000    19.000     2.794     0.152    -0.052     0.011    28.076     0.740    -0.058     0.063
     3.000     3.250     2.800     2.520     2.210     2.550    30.000    29.000    29.000    29.000    28.000    29.000     0.000     1.000     0.000   -17.606     1.000     2.000     0.000     3.000     6.000    13.000    16.000    19.000     3.129     0.152    -0.042     0.011    29.499     0.740    -0.056     0.063
     2.800     2.550     2.450     1.990     2.550     1.710    30.000    30.000    29.000    30.000    30.000    30.000     0.000     1.000     0.000   -17.381     1.000     3.000     0.000     3.000     6.000    13.000    16.000    19.000     2.792     0.152    -0.044     0.011    29.755     0.740    -0.004     0.063
     3.600     3.650     3.570     3.280     3.150     2.340    29.000    30.000    29.000    22.000    20.000    20.000     0.000     1.000     0.000   -15.594     1.000    13.000     0.000     3.000     6.000    13.000    16.000    19.000     3.754     0.152    -0.053     0.011    29.644     0.740    -0.464     0.063
     4.600     4.120     4.490     4.490     3.400     3.900    30.000    30.000    28.000    30.000    28.000    30.000     0.000     1.000     0.000   -15.538     0.000     7.000     0.000     3.000     6.000    13.000    16.000    19.000     4.417     0.152    -0.033     0.011    29.586     0.740    -0.029     0.063
     3.200     3.500     3.620     3.440         *     3.100    28.000    28.000    29.000    25.000    24.000    26.000     0.000     1.000     0.000   -15.242     0.000    15.000     0.000     3.000     6.000    13.000    16.000    19.000     3.627     0.154    -0.032     0.011    28.562     0.740    -0.179     0.063
     3.100     2.850     2.570         *         *         *    25.000    24.000    24.000         *         *         *     0.000     0.000     0.000   -15.605     0.000    10.000     0.000     3.000     6.000    13.000    16.000    19.000     3.008     0.167    -0.041     0.015    25.689     0.754    -0.084     0.113
     3.700     3.680     3.250         *         *         *    26.000    27.000    26.000         *         *         *     0.000     0.000     0.000   -15.603     0.000    11.000     0.000     3.000     6.000    13.000    16.000    19.000     3.645     0.167    -0.039     0.015    27.117     0.754    -0.049     0.113
     3.300     3.250     3.330     2.570     2.240     2.430    29.000    29.000    30.000    27.000    30.000    29.000     0.000     1.000     0.000   -18.250     0.000    12.000     0.000     3.000     6.000    13.000    16.000    19.000     3.345     0.152    -0.050     0.011    29.458     0.740    -0.043     0.063
         *         *     2.980     2.310     2.070     1.950         *         *    29.000    29.000    29.000    27.000     0.000     1.000     0.000   -11.721     2.000    -2.000     0.000     3.000     6.000    13.000    16.000    19.000     2.973     0.208    -0.048     0.012    29.588     1.043    -0.088     0.076
         *         *     3.170     2.910     2.780     2.760         *         *    28.000    29.000    29.000    27.000     0.000     1.000     1.000   -11.721     0.000    -3.000     0.000     3.000     6.000    13.000    16.000    19.000     3.235     0.208    -0.028     0.012    28.487     1.043    -0.029     0.076
         *         *         *     2.020     1.760         *         *         *         *    27.000    27.000         *     0.000     0.000     1.000    -4.306     0.000     6.000     0.000     3.000     6.000    13.000    16.000    19.000     2.549     0.253    -0.044     0.014    27.676     1.217    -0.064     0.090
         *         *         *     3.230     2.060     2.510         *         *         *    29.000    29.000    28.000     0.000     1.000     0.000    -3.381     1.000     6.000     0.000     3.000     6.000    13.000    16.000    19.000     3.215     0.245    -0.041     0.013    29.344     1.213    -0.060     0.081
         *         *         *         *     1.920     2.720         *         *         *    27.000    29.000    29.000     0.000     1.000     0.000    -3.475     1.000     6.000     0.000     3.000     6.000    13.000    16.000    19.000     2.943     0.271    -0.036     0.013    28.724     1.214    -0.034     0.081
         *     3.200     3.330     3.100     2.990     2.450         *    26.000    28.000    27.000    27.000    25.000     0.000     0.000     0.000   -13.600     1.000     0.000     0.000     3.000     6.000    13.000    16.000    19.000     3.425     0.177    -0.038     0.012    27.706     0.882    -0.082     0.070
         *     2.950         *     1.630         *         *         *    28.000    28.000    28.000         *         *     0.000     0.000     0.000   -13.600     1.000     6.000     0.000     3.000     6.000    13.000    16.000    19.000     2.822     0.213    -0.057     0.014    28.576     0.899    -0.069     0.097
         *     3.200         *         *         *         *         *    27.000         *         *         *         *     0.000     0.000     0.000   -14.078     1.000     1.000     0.000     3.000     6.000    13.000    16.000    19.000     3.282     0.259    -0.039     0.015    27.828     1.010    -0.048     0.121
         *     3.250         *     2.140         *         *         *    29.000    29.000    30.000         *         *     0.000     1.000     0.000   -14.150     1.000     0.000     0.000     3.000     6.000    13.000    16.000    19.000     3.068     0.213    -0.047     0.014    29.416     0.899    -0.029     0.097
         *     2.750         *         *         *         *         *    29.000         *         *         *         *     0.000     0.000     0.000   -15.374     0.000     8.000     0.000     3.000     6.000    13.000    16.000    19.000     3.037     0.259    -0.047     0.015    28.825     1.010    -0.062     0.121
         *     2.700     2.650     2.360     2.360     2.000         *    28.000    27.000    25.000    28.000    29.000     0.000     1.000     1.000   -16.471     0.000    10.000     0.000     3.000     6.000    13.000    16.000    19.000     2.882     0.177    -0.039     0.012    27.996     0.882    -0.036     0.070
         *         *         *     2.570     2.220     1.950         *         *         *    27.000    26.000    28.000     0.000     1.000     0.000    -6.400     1.000    -5.000     0.000     3.000     6.000    13.000    16.000    19.000     2.830     0.245    -0.038     0.013    28.249     1.213    -0.079     0.081
         *         *         *     2.910     2.370     2.480         *         *         *    27.000    25.000    24.000     0.000     1.000     0.000    -6.406     0.000     2.000     0.000     3.000     6.000    13.000    16.000    19.000     3.170     0.245    -0.039     0.013    28.355     1.213    -0.184     0.081
         *         *         *     3.020     3.170     2.880         *         *         *    29.000    29.000    29.000     0.000     0.000     0.000    -4.598     0.000    11.000     0.000     3.000     6.000    13.000    16.000    19.000     3.569     0.245    -0.037     0.013    28.659     1.213     0.002     0.081
         *         *         *     3.420     2.590     2.140         *         *         *    29.000    29.000    28.000     0.000     0.000     0.000    -4.542     0.000     2.000     0.000     3.000     6.000    13.000    16.000    19.000     3.336     0.245    -0.042     0.013    28.521     1.213    -0.014     0.081
         *         *         *     3.900     1.930     3.600         *         *         *    29.000    29.000    30.000     0.000     1.000     0.000    -4.589     1.000    13.000     0.000     3.000     6.000    13.000    16.000    19.000     3.654     0.245    -0.035     0.013    29.497     1.213    -0.024     0.081
         *     4.000         *     3.070     3.640     3.500         *    30.000         *    30.000    29.000    30.000     0.000     1.000     0.000   -14.570     1.000    15.000     0.000     3.000     6.000    13.000    16.000    19.000     3.982     0.198    -0.036     0.012    30.078     0.970    -0.032     0.072
         *     3.900     4.150     2.930     3.710     3.330         *    29.000    29.000    29.000    29.000    27.000     0.000     1.000     0.000   -16.377     0.000     6.000     0.000     3.000     6.000    13.000    16.000    19.000     3.979     0.177    -0.037     0.012    29.446     0.882    -0.074     0.070
         *         *     3.100     2.520     2.930     2.810         *    30.000    30.000    29.000    30.000    28.000     0.000     1.000     0.000   -15.978     0.000    -5.000     0.000     3.000     6.000    13.000    16.000    19.000     3.277     0.206    -0.034     0.012    29.645     0.885    -0.044     0.070
         *     3.400     2.220         *         *         *         *    29.000    30.000         *         *         *     0.000     1.000     0.000   -14.936     1.000     4.000     0.000     3.000     6.000    13.000    16.000    19.000     3.052     0.201    -0.047     0.015    29.647     0.904    -0.073     0.118
         *     3.000     1.750     1.770     1.990     2.840         *    29.000    30.000    28.000    28.000    29.000     0.000     1.000     0.000   -14.936     0.000     4.000     0.000     3.000     6.000    13.000    16.000    19.000     2.719     0.177    -0.036     0.012    29.221     0.882    -0.050     0.070
     2.400     2.650     2.200     2.280     2.600     2.340    26.000    30.000    30.000    25.000    28.000    29.000     0.000     1.000     0.000   -21.172     0.000     2.000     0.000     3.000     6.000    13.000    16.000    19.000     2.718     0.152    -0.028     0.011    28.300     0.740    -0.023     0.063
     2.700     2.600     2.700     2.740     2.240     2.440         *    29.000    28.000    25.000    25.000    26.000     0.000     1.000     0.000   -21.153     0.000    -2.000     0.000     3.000     6.000    13.000    16.000    19.000     2.911     0.153    -0.034     0.011    28.570     0.876    -0.164     0.070
         *         *     3.580     2.760     2.310     1.930         *         *    28.000    28.000    27.000    30.000     0.000     1.000     0.000   -13.511     0.000     2.000     0.000     3.000     6.000    13.000    16.000    19.000     3.314     0.208    -0.051     0.012    28.878     1.043    -0.042     0.076
         *         *     3.520     3.490     3.470     3.320         *         *    28.000    29.000    29.000    29.000     0.000     0.000     0.000   -13.511     0.000     0.000     0.000     3.000     6.000    13.000    16.000    19.000     3.764     0.208    -0.027     0.012    28.177     1.043     0.036     0.076
         *         *         *     2.640     1.160     2.440         *         *         *    28.000    26.000    29.000     0.000     0.000     1.000    -5.653     0.000    -5.000     0.000     3.000     6.000    13.000    16.000    19.000     2.592     0.245    -0.033     0.013    27.231     1.213     0.012     0.081
         *         *         *     4.180     3.500     3.300         *         *         *    28.000    28.000    28.000     0.000     0.000     0.000    -5.650     0.000     3.000     0.000     3.000     6.000    13.000    16.000    19.000     4.004     0.245    -0.029     0.013    28.120     1.213    -0.017     0.081
         *     4.100     3.900     3.880     3.590     3.360         *    30.000    30.000    30.000    29.000    30.000     0.000     1.000     0.000   -15.495     0.000    17.000     0.000     3.000     6.000    13.000    16.000    19.000     4.167     0.177    -0.038     0.012    30.114     0.882    -0.034     0.070
         *     4.050     4.530     2.680     3.800     3.850         *    30.000    30.000    28.000    30.000    29.000     0.000     1.000     0.000   -15.495     0.000    21.000     0.000     3.000     6.000    13.000    16.000    19.000     4.211     0.177    -0.040     0.012    30.113     0.882    -0.064     0.070
         *     2.500     2.050     1.320     1.970     2.030         *    27.000    27.000    27.000    26.000    28.000     0.000     1.000     0.000   -17.758     1.000     1.000     0.000     3.000     6.000    13.000    16.000    19.000     2.493     0.177    -0.041     0.012    27.917     0.882    -0.058     0.070
     3.800     3.800     3.700     2.970     2.600     2.780         *    29.000    30.000    29.000    27.000    30.000     0.000     1.000     0.000   -21.450     0.000     5.000     0.000     3.000     6.000    13.000    16.000    19.000     3.736     0.153    -0.050     0.011    29.704     0.876    -0.058     0.070
     2.900     2.850     2.400     2.440     1.560     2.290         *    28.000    29.000    28.000    27.000    30.000     0.000     1.000     0.000   -21.450     2.000     0.000     0.000     3.000     6.000    13.000    16.000    19.000     2.860     0.153    -0.045     0.011    28.935     0.876    -0.031     0.070
         *         *         *         *     1.210         *         *         *         *    29.000    30.000         *     0.000     1.000     0.000    -8.367     0.000     0.000     0.000     3.000     6.000    13.000    16.000    19.000     2.232     0.297    -0.051     0.014    29.191     1.217    -0.022     0.090
     3.800     3.900         *     3.330     3.360     2.860         *    28.000         *    28.000    29.000    24.000     0.000     1.000     0.000   -21.525     0.000    10.000     0.000     3.000     6.000    13.000    16.000    19.000     3.867     0.165    -0.043     0.011    29.248     0.961    -0.138     0.071
     3.500     3.100         *     2.690     2.220     2.620         *    29.000         *    27.000    26.000    30.000     0.000     0.000     0.000   -21.522     3.000     4.000     0.000     3.000     6.000    13.000    16.000    19.000     3.328     0.165    -0.047     0.011    28.965     0.961    -0.056     0.071
         *         *         *     2.190         *         *         *         *         *    22.000         *         *     0.000     0.000     0.000    -6.025     0.000    -7.000     0.000     3.000     6.000    13.000    16.000    19.000     2.652     0.286    -0.040     0.014    26.137     1.226    -0.208     0.101
         *     2.800     2.800     2.080     1.110     1.870         *    29.000    29.000    27.000    26.000    27.000     0.000     1.000     0.000   -18.745     0.000     7.000     0.000     3.000     6.000    13.000    16.000    19.000     2.874     0.177    -0.062     0.012    29.499     0.882    -0.160     0.070
         *     2.750     2.810     2.410     2.570     2.370         *    29.000    29.000    30.000    30.000    29.000     0.000     1.000     1.000   -18.691     2.000     5.000     0.000     3.000     6.000    13.000    16.000    19.000     2.991     0.177    -0.035     0.012    29.315     0.882     0.005     0.070
         *     3.450     3.170     3.500     2.190     2.710         *    29.000    30.000    29.000    29.000    27.000     0.000     0.000     0.000   -19.009     2.000     6.000     0.000     3.000     6.000    13.000    16.000    19.000     3.546     0.177    -0.047     0.012    29.615     0.882    -0.073     0.070
         *     3.350     3.360     3.040     2.180     2.600         *    30.000    30.000    28.000    30.000    28.000     0.000     1.000     0.000   -18.854     0.000     3.000     0.000     3.000     6.000    13.000    16.000    19.000     3.444     0.177    -0.048     0.012    29.948     0.882    -0.075     0.070
         *     3.060     3.090     2.650     2.520     2.350         *    29.000    30.000    29.000    29.000    29.000     0.000     0.000     0.000   -18.138     1.000     6.000     0.000     3.000     6.000    13.000    16.000    19.000     3.283     0.177    -0.047     0.012    29.345     0.882    -0.021     0.070
         *     3.300         *         *         *         *         *    28.000         *         *         *         *     0.000     1.000     0.000   -17.327     3.000     8.000     0.000     3.000     6.000    13.000    16.000    19.000     3.440     0.259    -0.039     0.015    29.248     1.010    -0.053     0.121
         *     2.100     2.570     2.300     1.900     1.630         *    24.000    25.000    26.000    23.000    23.000     0.000     0.000     0.000   -17.250     0.000    -4.000     0.000     3.000     6.000    13.000    16.000    19.000     2.602     0.177    -0.042     0.012    26.127     0.882    -0.130     0.070
         *     4.100     3.750     3.940     4.040     2.970         *    29.000    28.000    28.000    29.000    30.000     0.000     1.000     0.000   -18.731     1.000     7.000     0.000     3.000     6.000    13.000    16.000    19.000     4.088     0.177    -0.032     0.012    29.016     0.882    -0.004     0.070
         *     3.780     4.290     3.980     3.140     3.650         *    30.000    30.000    30.000    29.000    29.000     0.000     1.000     0.000   -18.734     1.000     8.000     0.000     3.000     6.000    13.000    16.000    19.000     4.123     0.177    -0.034     0.012    30.103     0.882    -0.048     0.070
         *     3.550     3.540     2.360         *     3.100         *    30.000    29.000    30.000         *    30.000     0.000     0.000     0.000   -19.008     3.000     2.000     0.000     3.000     6.000    13.000    16.000    19.000     3.555     0.180    -0.041     0.012    29.539     0.883     0.016     0.075
         *     3.500     3.310     3.280     3.020     2.730         *    29.000    29.000    29.000    29.000    28.000     0.000     0.000     0.000   -19.083     1.000     8.000     0.000     3.000     6.000    13.000    16.000    19.000     3.645     0.177    -0.042     0.012    29.179     0.882    -0.033     0.070
         *     3.200     3.400     2.670     3.390     3.090         *    30.000    29.000    29.000    30.000    28.000     0.000     0.000     0.000   -20.108     1.000    12.000     0.000     3.000     6.000    13.000    16.000    19.000     3.584     0.177    -0.036     0.012    29.476     0.882    -0.030     0.070
         *     2.800     2.980     2.520         *     2.220         *    30.000    30.000    29.000         *    29.000     0.000     1.000     0.000   -19.863     2.000     7.000     0.000     3.000     6.000    13.000    16.000    19.000     3.136     0.180    -0.046     0.012    30.124     0.883    -0.064     0.075
         *     3.700     3.820     3.670     3.300     3.190         *    29.000    29.000    29.000    30.000    30.000     0.000     1.000     0.000   -19.922     1.000    13.000     0.000     3.000     6.000    13.000    16.000    19.000     3.932     0.177    -0.036     0.012    29.482     0.882     0.004     0.070
         *         *     3.520     2.850     3.440     3.320         *         *    28.000    30.000    27.000    30.000     0.000     0.000     0.000   -17.365     1.000     5.000     0.000     3.000     6.000    13.000    16.000    19.000     3.694     0.208    -0.032     0.012    28.533     1.043     0.019     0.076
         *         *         *     3.150     3.490     3.010         *         *         *    29.000    29.000    30.000     0.000     1.000     0.000   -10.376     1.000     3.000     0.000     3.000     6.000    13.000    16.000    19.000     3.630     0.245    -0.030     0.013    29.207     1.213    -0.002     0.081
     3.000     2.950     2.800     2.730     2.900     2.940         *    28.000    29.000    28.000    30.000    30.000     0.000     1.000     0.000   -24.467     0.000     4.000     0.000     3.000     6.000    13.000    16.000    19.000     3.159     0.153    -0.026     0.011    28.606     0.876     0.042     0.070
     2.900     2.900     2.700     2.390     2.370     2.120         *    30.000    28.000    30.000    30.000    29.000     0.000     0.000     1.000   -24.239     3.000     1.000     0.000     3.000     6.000    13.000    16.000    19.000     2.979     0.153    -0.041     0.011    29.187     0.876     0.018     0.070
         *     3.500     3.810     3.540     3.330     2.900         *    30.000    28.000    30.000    29.000    30.000     0.000     1.000     0.000   -20.433     3.000    -5.000     0.000     3.000     6.000    13.000    16.000    19.000     3.741     0.177    -0.032     0.012    29.455     0.882     0.002     0.070
         *     3.600     3.710     3.960     3.750     3.570         *    29.000    30.000    30.000    30.000    28.000     0.000     1.000     0.000   -20.377     3.000    -5.000     0.000     3.000     6.000    13.000    16.000    19.000     3.898     0.177    -0.019     0.012    29.595     0.882    -0.016     0.070
         *         *     3.060     2.470     1.320     1.470         *    29.000    30.000    30.000    29.000    28.000     0.000     1.000     0.000   -20.299     0.000     6.000     0.000     3.000     6.000    13.000    16.000    19.000     2.987     0.206    -0.065     0.012    30.028     0.885    -0.077     0.070
         *     2.550     2.780     2.120     2.570     2.340         *    30.000    27.000    28.000    30.000    29.000     0.000     1.000     1.000   -20.286     1.000     0.000     0.000     3.000     6.000    13.000    16.000    19.000     2.851     0.177    -0.032     0.012    28.762     0.882     0.003     0.070
         *         *     3.860     3.250     3.310     3.350         *         *    28.000    28.000    28.000    28.000     0.000     0.000     0.000   -19.303     1.000    10.000     0.000     3.000     6.000    13.000    16.000    19.000     3.942     0.208    -0.038     0.012    28.743     1.043    -0.042     0.076
         *         *     3.310     3.460         *     3.140         *         *    29.000    27.000         *    29.000     0.000     0.000     0.000   -19.303     0.000    10.000     0.000     3.000     6.000    13.000    16.000    19.000     3.756     0.214    -0.036     0.013    28.698     1.045    -0.023     0.080
         *         *         *     2.060     2.770     3.670         *         *         *    27.000    30.000    29.000     0.000     1.000     0.000   -11.224     3.000    10.000     0.000     3.000     6.000    13.000    16.000    19.000     3.310     0.245    -0.029     0.013    29.318     1.213    -0.035     0.081
         *         *         *     4.180     2.690     3.830         *         *         *    29.000    30.000    30.000     0.000     1.000     0.000   -11.055     3.000    12.000     0.000     3.000     6.000    13.000    16.000    19.000     4.026     0.245    -0.033     0.013    30.074     1.213    -0.027     0.081
     4.600         *         *         *         *         *         *         *         *         *         *         *     0.000     1.000     0.000   -27.605     0.000    13.000     0.000     3.000     6.000    13.000    16.000    19.000     4.458     0.260    -0.039     0.016    30.569     1.347    -0.012     0.121
         *         *         *     3.140     2.620     2.620         *         *         *    29.000    26.000    29.000     0.000     1.000     0.000   -11.892     0.000     4.000     0.000     3.000     6.000    13.000    16.000    19.000     3.378     0.245    -0.039     0.013    28.986     1.213    -0.066     0.081
         *         *         *     2.240     2.890     3.080         *         *         *    25.000    29.000    29.000     0.000     0.000     0.000   -11.854     2.000    10.000     0.000     3.000     6.000    13.000    16.000    19.000     3.317     0.245    -0.035     0.013    28.177     1.213    -0.018     0.081
         *         *         *     2.390     2.650     2.470         *         *         *    29.000    30.000    30.000     0.000     1.000     0.000   -14.597     0.000     0.000     0.000     3.000     6.000    13.000    16.000    19.000     3.092     0.245    -0.037     0.013    29.165     1.213     0.016     0.081
         *         *         *     2.260         *     1.930         *         *         *    28.000         *    30.000     0.000     1.000     0.000   -13.633     3.000     8.000     0.000     3.000     6.000    13.000    16.000    19.000     2.940     0.261    -0.048     0.013    29.816     1.222    -0.048     0.083
         *         *     3.670     3.330     2.790         *         *         *    29.000    29.000    29.000         *     0.000     1.000     0.000   -19.333     0.000    16.000     0.000     3.000     6.000    13.000    16.000    19.000     3.803     0.211    -0.047     0.013    29.853     1.054    -0.066     0.087
         *         *     3.390     3.100     3.310     2.290         *         *    23.000    23.000    24.000    25.000     0.000     1.000     0.000   -19.275     1.000     8.000     0.000     3.000     6.000    13.000    16.000    19.000     3.542     0.208    -0.040     0.012    26.798     1.043    -0.157     0.076
         *         *         *     1.920     2.340     2.370         *         *         *    29.000    29.000    30.000     0.000     1.000     0.000   -12.616     0.000    -4.000     0.000     3.000     6.000    13.000    16.000    19.000     2.784     0.245    -0.035     0.013    28.796     1.213     0.016     0.081
         *         *         *     2.170     3.020         *         *         *         *    30.000    28.000    29.000     0.000     1.000     0.000   -12.560     0.000    -2.000     0.000     3.000     6.000    13.000    16.000    19.000     3.077     0.253    -0.035     0.014    29.043     1.215    -0.020     0.081
         *         *         *     2.520     2.050     2.000         *         *         *    30.000    29.000    30.000     0.000     1.000     0.000   -14.828     1.000    10.000     0.000     3.000     6.000    13.000    16.000    19.000     3.045     0.245    -0.051     0.013    30.055     1.213    -0.037     0.081
         *         *         *     3.620     3.660     2.930         *         *         *    30.000    30.000    29.000     0.000     1.000     0.000   -15.194     2.000     8.000     0.000     3.000     6.000    13.000    16.000    19.000     3.934     0.245    -0.037     0.013    30.186     1.213    -0.039     0.081
         *         *         *     3.380     2.440     3.290         *         *         *    27.000    29.000    30.000     0.000     1.000     0.000   -15.299     1.000    10.000     0.000     3.000     6.000    13.000    16.000    19.000     3.605     0.245    -0.036     0.013    29.244     1.213    -0.029     0.081
         *         *         *     2.850     1.650     1.340         *         *         *    30.000    30.000    30.000     0.000     0.000     0.000   -13.798     3.000    13.000     0.000     3.000     6.000    13.000    16.000    19.000     3.020     0.245    -0.063     0.013    30.204     1.213    -0.024     0.081
         *         *         *     3.460         *         *         *         *         *    27.000         *         *     0.000     1.000     0.000   -14.888     2.000    10.000     0.000     3.000     6.000    13.000    16.000    19.000     3.818     0.286    -0.037     0.014    29.379     1.226    -0.121     0.101
         *         *         *     3.790     3.760     4.130         *         *         *    28.000    29.000    29.000     0.000     1.000     0.000   -15.466     2.000    17.000     0.000     3.000     6.000    13.000    16.000    19.000     4.301     0.245    -0.029     0.013    29.827     1.213    -0.061     0.081
         *         *         *     2.190     1.610         *         *         *         *    30.000    27.000    23.000     0.000     1.000     1.000   -16.480     0.000     1.000     0.000     3.000     6.000    13.000    16.000    19.000     2.628     0.253    -0.049     0.014    29.260     1.215    -0.173     0.081
         *         *         *     3.660         *     3.440         *         *         *    29.000    24.000    29.000     0.000     1.000     0.000   -16.917     2.000     1.000     0.000     3.000     6.000    13.000    16.000    19.000     3.887     0.261    -0.029     0.013    29.056     1.213    -0.092     0.081
         *         *         *     3.330     3.830     3.670         *         *         *    26.000    27.000    27.000     0.000     1.000     0.000   -16.869     2.000     7.000     0.000     3.000     6.000    13.000    16.000    19.000     3.989     0.245    -0.027     0.013    28.896     1.213    -0.113     0.081
         *         *         *     3.860     3.250     3.480         *         *         *    30.000    29.000    30.000     0.000     1.000     1.000   -18.436     0.000     2.000     0.000     3.000     6.000    13.000    16.000    19.000     3.832     0.245    -0.024     0.013    29.121     1.213     0.023     0.081
         *         *         *     2.050     1.730     2.110         *         *         *    30.000    30.000    28.000     0.000     1.000     0.000   -18.800     2.000     2.000     0.000     3.000     6.000    13.000    16.000    19.000     2.799     0.245    -0.048     0.013    30.090     1.213    -0.057     0.081
         *         *         *     3.510     3.410     3.390         *         *         *    29.000    29.000    30.000     0.000     1.000     1.000   -18.527     1.000    19.000     0.000     3.000     6.000    13.000    16.000    19.000     3.943     0.245    -0.034     0.013    29.795     1.213    -0.026     0.081
         *         *         *     3.310     3.390     2.040         *         *         *    30.000    28.000    29.000     0.000     1.000     0.000   -18.645     1.000    22.000     0.000     3.000     6.000    13.000    16.000    19.000     3.812     0.245    -0.055     0.013    30.704     1.213    -0.104     0.081
         *         *         *     2.680         *         *         *         *         *    29.000         *         *     0.000     1.000     0.000   -17.059     1.000    18.000     0.000     3.000     6.000    13.000    16.000    19.000     3.441     0.286    -0.049     0.014    30.186     1.226    -0.088     0.101
         *         *         *     3.880     3.490     3.360         *         *         *    27.000    23.000    25.000     0.000     1.000     0.000   -16.867     0.000    11.000     0.000     3.000     6.000    13.000    16.000    19.000     4.089     0.245    -0.036     0.013    28.786     1.213    -0.209     0.081
