     8.000         *         *         *         *         *         *         *         *         *         *         *     0.000     0.000     0.000    17.816     0.000    -8.000     0.000     3.000     6.000    13.000    16.000    19.000    16.562     4.199    -1.321     0.231     8.861     2.616    -0.198     0.076
    14.000         *         *         *         *         *    11.000         *         *         *         *         *     0.000     1.000     0.000    16.108     0.000    -1.000     0.000     3.000     6.000    13.000    16.000    19.000    22.047     4.199    -1.249     0.228    10.810     1.754    -0.176     0.074
    28.000         *         *         *         *         *    10.000         *         *         *         *         *     0.000     0.000     1.000    16.108     0.000    -2.000     0.000     3.000     6.000    13.000    16.000    19.000    28.042     4.199    -1.203     0.228    10.022     1.754    -0.146     0.074
    40.000    34.000    39.000    45.000    23.000         *    14.000    14.000    11.000    14.000    16.000         *     0.000     1.000     0.000    -8.223     0.000    15.000     0.000     3.000     6.000    13.000    16.000    19.000    43.140     2.627    -0.786     0.183    14.300     1.106    -0.029     0.065
    35.000    50.000    45.000    27.000         *         *     9.000    11.000    12.000    12.000         *         *     0.000     1.000     0.000    -8.223     0.000    17.000     0.000     3.000     6.000    13.000    16.000    19.000    45.157     2.738    -0.917     0.199    11.988     1.152    -0.029     0.069
    50.000    45.000    45.000    46.000         *         *    21.000         *         *         *         *         *     0.000     1.000     0.000    -8.650     0.000    11.000     0.000     3.000     6.000    13.000    16.000    19.000    49.305     2.747    -0.626     0.206    18.775     1.732    -0.055     0.070
    30.000    35.000    33.000         *         *         *    12.000    18.000    18.000         *         *         *     0.000     1.000     0.000    -8.997     0.000     0.000     0.000     3.000     6.000    13.000    16.000    19.000    36.723     2.964    -0.700     0.217    15.878     1.240    -0.074     0.073
    56.000    51.000    42.000    35.000    34.000    46.000    16.000    16.000    19.000    20.000    14.000    16.000     0.000     0.000     0.000   -10.008     0.000     8.000     0.000     3.000     6.000    13.000    16.000    19.000    49.615     2.573    -0.676     0.168    17.081     1.083    -0.051     0.062
    59.000    50.000    48.000    55.000    42.000    43.000    18.000    17.000    12.000    14.000    17.000    17.000     0.000     1.000     0.000   -10.005     0.000     6.000     0.000     3.000     6.000    13.000    16.000    19.000    53.845     2.573    -0.594     0.168    15.955     1.083    -0.020     0.062
    12.000         *         *         *         *         *    10.000         *         *         *         *         *     0.000     0.000     0.000    12.623     0.000    -7.000     0.000     3.000     6.000    13.000    16.000    19.000    19.974     4.199    -1.213     0.228    10.239     1.754    -0.182     0.074
    23.000    25.000         *         *         *         *    11.000         *         *         *         *         *     0.000     1.000     1.000     7.288     0.000     5.000     0.000     3.000     6.000    13.000    16.000    19.000    29.126     3.408    -1.060     0.226    11.593     1.745    -0.106     0.074
    22.000    29.000    25.000         *         *         *    14.000    14.000     9.000         *         *         *     0.000     0.000     0.000     7.288     2.000    -6.000     0.000     3.000     6.000    13.000    16.000    19.000    29.330     2.964    -1.113     0.217    13.175     1.240    -0.137     0.073
    19.000    26.000         *         *         *         *    10.000         *         *         *         *         *     0.000     0.000     0.000     7.122     0.000     1.000     0.000     3.000     6.000    13.000    16.000    19.000    27.337     3.408    -1.123     0.226    11.070     1.745    -0.139     0.074
    32.000    27.000         *         *         *         *    14.000         *         *         *         *         *     0.000     0.000     1.000     7.221     0.000    -2.000     0.000     3.000     6.000    13.000    16.000    19.000    31.401     3.408    -1.015     0.226    12.855     1.745    -0.131     0.074
    36.000    25.000    15.000         *         *         *    23.000    14.000         *         *         *         *     0.000     0.000     0.000     8.436     3.000     1.000     0.000     3.000     6.000    13.000    16.000    19.000    29.899     2.965    -1.195     0.219    17.927     1.414    -0.168     0.073
    32.000         *         *         *         *         *    18.000         *         *         *         *         *     0.000     0.000     0.000     6.127     3.000     1.000     0.000     3.000     6.000    13.000    16.000    19.000    33.203     4.199    -1.067     0.228    17.537     1.754    -0.123     0.074
    37.000         *         *         *         *         *    16.000         *         *         *         *         *     0.000     0.000     0.000     6.922     3.000     5.000     0.000     3.000     6.000    13.000    16.000    19.000    36.327     4.199    -1.107     0.228    16.520     1.754    -0.106     0.074
    32.000         *         *         *         *         *    19.000         *         *         *         *         *     1.000     0.000     0.000     6.859     3.000     5.000     0.000     3.000     6.000    13.000    16.000    19.000    32.519     4.199    -1.273     0.228    17.650     1.754    -0.271     0.074
    36.000    26.000    28.000         *         *         *    14.000    11.000     7.000         *         *         *     0.000     0.000     0.000     5.583     0.000    -5.000     0.000     3.000     6.000    13.000    16.000    19.000    33.016     2.964    -1.091     0.217    11.281     1.240    -0.152     0.073
    41.000    33.000    30.000         *         *         *    13.000         *    12.000         *         *         *     0.000     0.000     1.000     5.581     0.000     2.000     0.000     3.000     6.000    13.000    16.000    19.000    36.897     2.965    -1.002     0.218    12.593     1.432    -0.107     0.073
    42.000    44.000    41.000         *         *         *    13.000    17.000         *         *         *         *     0.000     1.000     0.000     7.339     1.000     8.000     0.000     3.000     6.000    13.000    16.000    19.000    43.560     2.965    -0.987     0.219    14.945     1.414    -0.085     0.073
    50.000    30.000         *         *         *         *    13.000    11.000         *         *         *         *     1.000     1.000     1.000     7.339     0.000     2.000     0.000     3.000     6.000    13.000    16.000    19.000    38.863     3.408    -1.197     0.224    11.817     1.420    -0.246     0.074
    30.000    35.000    21.000         *         *         *    10.000    15.000         *         *         *         *     0.000     0.000     0.000     5.217     0.000     6.000     0.000     3.000     6.000    13.000    16.000    19.000    33.052     2.965    -1.092     0.219    12.587     1.414    -0.127     0.073
         *    44.000    34.000         *         *         *         *    14.000    11.000         *         *         *     0.000     0.000     0.000     8.511     0.000     6.000     0.000     3.000     6.000    13.000    16.000    19.000    40.969     3.432    -1.074     0.218    12.814     1.458    -0.120     0.074
         *    29.000         *         *         *         *         *     9.000         *         *         *         *     0.000     0.000     1.000     8.511     0.000     8.000     0.000     3.000     6.000    13.000    16.000    19.000    33.856     4.181    -1.126     0.224    10.669     1.779    -0.101     0.075
    49.000    45.000    39.000    22.000    22.000         *    24.000    22.000    18.000    19.000    16.000         *     0.000     1.000     0.000     4.945     1.000    -1.000     0.000     3.000     6.000    13.000    16.000    19.000    41.751     2.627    -1.009     0.183    20.073     1.106    -0.183     0.065
    36.000    36.000    35.000         *         *         *    25.000    23.000    23.000         *         *         *     0.000     1.000     0.000     5.045     2.000    -1.000     0.000     3.000     6.000    13.000    16.000    19.000    37.528     2.964    -0.828     0.217    22.228     1.240    -0.141     0.073
    37.000    45.000    31.000         *         *         *     8.000    15.000    14.000         *         *         *     1.000     1.000     1.000     3.739     1.000     2.000     0.000     3.000     6.000    13.000    16.000    19.000    39.448     2.964    -1.076     0.217    12.842     1.240    -0.195     0.073
    40.000         *         *         *         *         *    10.000         *         *         *         *         *     0.000     1.000     0.000     5.531     0.000    -4.000     0.000     3.000     6.000    13.000    16.000    19.000    37.279     4.199    -1.028     0.228    10.774     1.754    -0.112     0.074
    22.000         *         *         *         *         *    10.000         *         *         *         *         *     0.000     1.000     1.000     5.531     0.000    -3.000     0.000     3.000     6.000    13.000    16.000    19.000    28.090     4.199    -1.009     0.228    10.841     1.754    -0.107     0.074
    37.000         *         *         *         *         *    19.000         *         *         *         *         *     0.000     1.000     0.000     2.030     2.000     9.000     0.000     3.000     6.000    13.000    16.000    19.000    38.886     4.199    -0.961     0.228    18.067     1.754    -0.097     0.074
    32.000    33.000    32.000         *         *         *    14.000    18.000    14.000         *         *         *     0.000     0.000     0.000     2.930     1.000     6.000     0.000     3.000     6.000    13.000    16.000    19.000    35.890     2.964    -0.989     0.217    15.500     1.240    -0.110     0.073
    24.000    25.000    19.000         *         *         *    12.000    16.000         *         *         *         *     0.000     1.000     0.000     2.930     0.000     8.000     0.000     3.000     6.000    13.000    16.000    19.000    29.220     2.965    -1.047     0.219    13.910     1.414    -0.127     0.073
    37.000    32.000         *         *         *         *    11.000    13.000         *         *         *         *     0.000     1.000     0.000     2.982     1.000    -2.000     0.000     3.000     6.000    13.000    16.000    19.000    36.157     3.408    -1.003     0.224    12.673     1.420    -0.099     0.074
    46.000    45.000    41.000    27.000         *         *    15.000    16.000    10.000    11.000         *         *     0.000     1.000     0.000     3.127     0.000    -6.000     0.000     3.000     6.000    13.000    16.000    19.000    42.958     2.738    -0.951     0.199    13.424     1.152    -0.132     0.069
    54.000    35.000    43.000    36.000         *         *     9.000    10.000    12.000         *         *         *     0.000     0.000     0.000     3.127     0.000     2.000     0.000     3.000     6.000    13.000    16.000    19.000    45.115     2.742    -0.945     0.203    11.049     1.237    -0.070     0.070
    32.000    20.000    20.000         *         *         *    20.000    17.000    18.000         *         *         *     0.000     0.000     0.000     3.597     1.000     1.000     0.000     3.000     6.000    13.000    16.000    19.000    29.012     2.964    -1.013     0.217    17.841     1.240    -0.165     0.073
    35.000         *    17.000         *         *         *    12.000         *         *         *         *         *     0.000     1.000     0.000     2.597     0.000    -4.000     0.000     3.000     6.000    13.000    16.000    19.000    31.242     3.414    -1.058     0.222    11.802     1.742    -0.139     0.073
    35.000         *         *         *         *         *    14.000         *         *         *         *         *     0.000     1.000     0.000     1.161     0.000    -2.000     0.000     3.000     6.000    13.000    16.000    19.000    36.044     4.199    -0.928     0.228    13.457     1.754    -0.116     0.074
    47.000    47.000         *         *         *         *    14.000    15.000         *         *         *         *     0.000     1.000     0.000     1.919     0.000    10.000     0.000     3.000     6.000    13.000    16.000    19.000    46.071     3.408    -0.925     0.224    14.364     1.420    -0.081     0.074
    37.000    35.000    37.000    35.000    28.000    22.000    16.000    19.000    18.000    16.000    16.000         *     0.000     0.000     0.000     2.048     0.000     7.000     0.000     3.000     6.000    13.000    16.000    19.000    39.876     2.583    -0.816     0.171    17.139     1.106    -0.099     0.063
    44.000    41.000    34.000         *         *         *    16.000    17.000    12.000         *         *         *     0.000     1.000     0.000     2.303     0.000     1.000     0.000     3.000     6.000    13.000    16.000    19.000    41.258     2.964    -0.926     0.217    14.822     1.240    -0.120     0.073
    18.000         *         *         *         *         *    10.000         *         *         *         *         *     1.000     0.000     0.000     2.303     0.000    -2.000     0.000     3.000     6.000    13.000    16.000    19.000    25.150     4.199    -1.241     0.228    10.658     1.754    -0.279     0.074
    40.000    43.000         *         *         *         *    11.000         *         *         *         *         *     0.000     0.000     0.000     1.484     0.000    11.000     0.000     3.000     6.000    13.000    16.000    19.000    42.126     3.408    -1.004     0.226    12.469     1.745    -0.082     0.074
    34.000    26.000    25.000    15.000    12.000    24.000    10.000         *     9.000     6.000     8.000    16.000     0.000     0.000     0.000     1.481     0.000     9.000     0.000     3.000     6.000    13.000    16.000    19.000    33.297     2.573    -1.008     0.168    10.915     1.188    -0.068     0.063
    20.000         *         *         *         *         *    21.000         *         *         *         *         *     0.000     1.000     0.000    -0.223     3.000    13.000     0.000     3.000     6.000    13.000    16.000    19.000    31.490     4.199    -0.966     0.228    20.339     1.754    -0.097     0.074
    22.000         *         *         *         *         *     9.000         *         *         *         *         *     0.000     1.000     0.000    -0.072     3.000    14.000     0.000     3.000     6.000    13.000    16.000    19.000    32.872     4.199    -1.099     0.228    13.692     1.754    -0.043     0.074
    36.000         *         *         *         *         *    15.000         *         *         *         *         *     0.000     0.000     0.000     0.141     0.000     1.000     0.000     3.000     6.000    13.000    16.000    19.000    36.514     4.199    -0.937     0.228    14.209     1.754    -0.121     0.074
    28.000    36.000    30.000         *         *         *    11.000    16.000    15.000         *         *         *     0.000     0.000     1.000     0.135     0.000    -2.000     0.000     3.000     6.000    13.000    16.000    19.000    34.290     2.964    -0.826     0.217    13.925     1.240    -0.087     0.073
    35.000         *         *         *         *         *     5.000         *         *         *         *         *     0.000     1.000     1.000     1.836     0.000    -6.000     0.000     3.000     6.000    13.000    16.000    19.000    35.142     4.199    -0.968     0.228     8.129     1.754    -0.065     0.074
    44.000    40.000         *         *         *         *     9.000         *         *         *         *         *     0.000     1.000     1.000     1.836     0.000    -7.000     0.000     3.000     6.000    13.000    16.000    19.000    40.568     3.408    -0.890     0.226    10.331     1.745    -0.070     0.074
    33.000    35.000    39.000         *         *         *    13.000    12.000    12.000         *         *         *     0.000     1.000     0.000     1.156     0.000     1.000     0.000     3.000     6.000    13.000    16.000    19.000    38.402     2.964    -0.908     0.217    12.743     1.240    -0.092     0.073
    48.000    44.000    38.000    40.000    30.000    34.000    11.000    14.000    13.000         *         *         *     0.000     1.000     0.000     1.156     0.000     1.000     0.000     3.000     6.000    13.000    16.000    19.000    45.484     2.604    -0.796     0.176    12.995     1.235    -0.056     0.065
    39.000    45.000    38.000    26.000    24.000    12.000    24.000    16.000    12.000    13.000    15.000         *     0.000     1.000     0.000     0.575     3.000     6.000     0.000     3.000     6.000    13.000    16.000    19.000    41.611     2.583    -1.183     0.171    17.242     1.106    -0.147     0.063
    39.000    37.000    32.000    32.000    24.000    15.000    17.000    22.000    14.000    17.000         *         *     0.000     1.000     0.000     0.575     2.000     2.000     0.000     3.000     6.000    13.000    16.000    19.000    38.927     2.594    -0.959     0.174    17.731     1.152    -0.112     0.065
    45.000    45.000    33.000         *         *         *    11.000         *    13.000         *         *         *     0.000     1.000     0.000    -0.200     0.000     1.000     0.000     3.000     6.000    13.000    16.000    19.000    42.593     2.965    -0.917     0.218    12.610     1.432    -0.085     0.073
    60.000    46.000    43.000         *         *         *    13.000         *    13.000         *         *         *     0.000     0.000     0.000    -0.200     0.000     1.000     0.000     3.000     6.000    13.000    16.000    19.000    48.724     2.965    -0.905     0.218    13.165     1.432    -0.087     0.073
    38.000    35.000         *         *         *         *    18.000    14.000         *         *         *         *     0.000     0.000     1.000     0.964     0.000     7.000     0.000     3.000     6.000    13.000    16.000    19.000    38.026     3.408    -0.899     0.224    15.400     1.420    -0.102     0.074
    42.000    30.000         *         *         *         *    18.000    12.000         *         *         *         *     0.000     0.000     0.000     0.997     0.000     8.000     0.000     3.000     6.000    13.000    16.000    19.000    38.011     3.408    -1.001     0.224    14.790     1.420    -0.125     0.074
    28.000    24.000    35.000    22.000    22.000     1.000    11.000    11.000         *         *         *         *     0.000     0.000     1.000    -1.358     0.000     0.000     0.000     3.000     6.000    13.000    16.000    19.000    32.316     2.609    -1.010     0.177    11.823     1.405    -0.110     0.065
    33.000    36.000    36.000         *         *         *    12.000    11.000    17.000         *         *         *     0.000     1.000     0.000    -1.358     0.000    -4.000     0.000     3.000     6.000    13.000    16.000    19.000    37.546     2.964    -0.815     0.217    13.444     1.240    -0.085     0.073
    45.000         *         *         *         *         *    12.000         *         *         *         *         *     0.000     1.000     0.000    -0.183     2.000     2.000     0.000     3.000     6.000    13.000    16.000    19.000    42.351     4.199    -0.961     0.228    13.973     1.754    -0.062     0.074
    38.000    42.000         *         *         *         *    13.000    15.000         *         *         *         *     0.000     0.000     1.000    -0.183     1.000     8.000     0.000     3.000     6.000    13.000    16.000    19.000    40.806     3.408    -0.903     0.224    14.445     1.420    -0.058     0.074
    27.000    26.000    25.000         *         *         *     8.000    11.000     8.000         *         *         *     0.000     0.000     0.000    -0.339     0.000    -6.000     0.000     3.000     6.000    13.000    16.000    19.000    30.452     2.964    -1.008     0.217    10.061     1.240    -0.116     0.073
    18.000    21.000    17.000         *         *         *    11.000    12.000     8.000         *         *         *     0.000     0.000     0.000    -0.339     0.000    -3.000     0.000     3.000     6.000    13.000    16.000    19.000    25.214     2.964    -1.050     0.217    11.271     1.240    -0.140     0.073
    31.000    34.000    34.000         *         *         *    21.000    18.000    22.000         *         *         *     0.000     1.000     0.000    -0.460     0.000     1.000     0.000     3.000     6.000    13.000    16.000    19.000    36.140     2.964    -0.755     0.217    19.148     1.240    -0.127     0.073
         *         *         *         *         *         *    13.000         *         *         *         *         *     0.000     1.000     0.000    -0.447     1.000    -2.000     0.000     3.000     6.000    13.000    16.000    19.000    37.760     5.968    -0.927     0.229    13.709     1.755    -0.092     0.075
    43.000    46.000    33.000         *         *         *    12.000    12.000    10.000         *         *         *     1.000     0.000     1.000    -1.575     0.000    11.000     0.000     3.000     6.000    13.000    16.000    19.000    42.727     2.964    -1.104     0.217    12.161     1.240    -0.202     0.073
    40.000    37.000    36.000    22.000     9.000    17.000    14.000    10.000    13.000    13.000    12.000         *     0.000     0.000     0.000    -0.167     0.000    -2.000     0.000     3.000     6.000    13.000    16.000    19.000    36.752     2.583    -1.061     0.171    13.226     1.106    -0.135     0.063
    57.000    63.000    65.000    46.000    44.000         *    17.000    12.000    14.000    14.000     7.000         *     0.000     0.000     0.000    -1.277     2.000    16.000     0.000     3.000     6.000    13.000    16.000    19.000    59.600     2.627    -1.014     0.183    14.046     1.106    -0.058     0.065
    40.000         *    33.000         *         *         *    11.000         *         *         *         *         *     0.000     1.000     0.000    -0.011     0.000    -2.000     0.000     3.000     6.000    13.000    16.000    19.000    38.817     3.414    -0.935     0.222    11.840     1.742    -0.095     0.073
    41.000    34.000    35.000         *         *         *    14.000    10.000    12.000         *         *         *     0.000     1.000     1.000    -0.783     0.000    -4.000     0.000     3.000     6.000    13.000    16.000    19.000    38.681     2.964    -0.851     0.217    12.339     1.240    -0.080     0.073
    48.000    41.000    42.000    31.000         *         *    14.000    15.000         *    11.000         *         *     0.000     1.000     0.000    -0.247     0.000    -5.000     0.000     3.000     6.000    13.000    16.000    19.000    43.614     2.739    -0.871     0.200    13.713     1.273    -0.110     0.069
    40.000    35.000    35.000    35.000    30.000    25.000    22.000    18.000    15.000    16.000    17.000    13.000     0.000     1.000     0.000    -1.146     1.000     4.000     0.000     3.000     6.000    13.000    16.000    19.000    41.136     2.573    -0.834     0.168    17.714     1.083    -0.115     0.062
    25.000         *         *         *         *         *    18.000         *         *         *         *         *     0.000     1.000     0.000    -0.895     2.000     8.000     0.000     3.000     6.000    13.000    16.000    19.000    33.286     4.199    -0.942     0.228    17.762     1.754    -0.097     0.074
    35.000    36.000    32.000         *         *         *    18.000    15.000    16.000         *         *         *     0.000     1.000     0.000    -0.881     1.000     2.000     0.000     3.000     6.000    13.000    16.000    19.000    37.633     2.964    -0.891     0.217    16.329     1.240    -0.104     0.073
    45.000    32.000    32.000     7.000         *         *    12.000    11.000     7.000     9.000         *         *     0.000     0.000     0.000    -2.070     0.000     5.000     0.000     3.000     6.000    13.000    16.000    19.000    36.392     2.738    -1.234     0.199    11.056     1.152    -0.150     0.069
    47.000    34.000    28.000    18.000    24.000         *    12.000    15.000     4.000     9.000         *         *     0.000     1.000     0.000    -2.070     0.000    -3.000     0.000     3.000     6.000    13.000    16.000    19.000    38.173     2.634    -1.055     0.186    11.159     1.152    -0.130     0.067
    39.000    45.000    43.000    28.000    18.000         *    13.000    14.000         *     7.000    10.000         *     0.000     0.000     0.000    -0.262     1.000     7.000     0.000     3.000     6.000    13.000    16.000    19.000    42.653     2.627    -1.148     0.183    12.752     1.202    -0.128     0.065
    42.000    32.000    39.000    20.000         *         *    15.000    13.000    18.000     5.000         *         *     0.000     1.000     0.000    -0.914     0.000     1.000     0.000     3.000     6.000    13.000    16.000    19.000    38.955     2.738    -1.052     0.199    13.641     1.152    -0.158     0.069
    52.000    40.000    50.000         *         *         *    12.000    14.000    12.000         *         *         *     0.000     1.000     0.000    -1.359     2.000     5.000     0.000     3.000     6.000    13.000    16.000    19.000    47.978     2.964    -0.918     0.217    13.677     1.240    -0.037     0.073
    68.000    63.000    36.000    37.000         *         *    13.000    13.000    15.000    11.000         *         *     0.000     0.000     0.000    -0.556     0.000     3.000     0.000     3.000     6.000    13.000    16.000    19.000    52.815     2.738    -0.983     0.199    13.429     1.152    -0.100     0.069
    36.000    28.000    30.000         *         *         *    10.000    13.000    10.000         *         *         *     0.000     0.000     0.000    -0.822     0.000     0.000     0.000     3.000     6.000    13.000    16.000    19.000    35.009     2.964    -0.985     0.217    11.741     1.240    -0.108     0.073
    36.000         *         *         *         *         *    13.000         *         *         *         *         *     0.000     1.000     0.000    -0.822     0.000     1.000     0.000     3.000     6.000    13.000    16.000    19.000    37.581     4.199    -0.915     0.228    13.187     1.754    -0.099     0.074
    44.000         *         *         *         *         *    18.000         *         *         *         *         *     0.000     1.000     0.000    -1.150     3.000    -2.000     0.000     3.000     6.000    13.000    16.000    19.000    41.300     4.199    -0.886     0.228    17.901     1.754    -0.080     0.074
    32.000         *         *         *         *         *    10.000         *         *         *         *         *     0.000     0.000     0.000    -1.536     0.000    16.000     0.000     3.000     6.000    13.000    16.000    19.000    37.667     4.199    -1.024     0.228    12.281     1.754    -0.075     0.074
    37.000    49.000    45.000    40.000    30.000    38.000    10.000    13.000    10.000    14.000     6.000         *     0.000     1.000     0.000    -1.538     0.000     0.000     0.000     3.000     6.000    13.000    16.000    19.000    46.042     2.583    -0.759     0.171    11.482     1.106    -0.047     0.063
    38.000         *         *         *         *         *    13.000         *         *         *         *         *     0.000     0.000     1.000    -2.167     0.000     6.000     0.000     3.000     6.000    13.000    16.000    19.000    38.834     4.199    -0.879     0.228    13.409     1.754    -0.073     0.074
    25.000    35.000    24.000    37.000    30.000    25.000    11.000    10.000    13.000    16.000    12.000         *     0.000     0.000     1.000    -2.167     0.000    -2.000     0.000     3.000     6.000    13.000    16.000    19.000    35.350     2.583    -0.592     0.171    12.627     1.106    -0.008     0.063
    38.000    31.000    34.000         *         *         *    13.000    14.000    12.000         *         *         *     0.000     1.000     0.000    -2.481     0.000    -8.000     0.000     3.000     6.000    13.000    16.000    19.000    36.824     2.964    -0.844     0.217    13.208     1.240    -0.108     0.073
    41.000    38.000    40.000    21.000    20.000         *    24.000    21.000    19.000    20.000    20.000         *     0.000     1.000     1.000    -2.505     0.000    12.000     0.000     3.000     6.000    13.000    16.000    19.000    39.271     2.627    -0.866     0.183    20.630     1.106    -0.124     0.065
    44.000         *    40.000    45.000         *         *     9.000         *    11.000         *         *         *     0.000     1.000     0.000    -2.505     0.000     9.000     0.000     3.000     6.000    13.000    16.000    19.000    46.955     3.054    -0.793     0.204    11.603     1.431    -0.016     0.070
    43.000    43.000    40.000    37.000    26.000    20.000    22.000    18.000    20.000    22.000    19.000    19.000     0.000     0.000     0.000    -3.381     1.000     5.000     0.000     3.000     6.000    13.000    16.000    19.000    42.226     2.573    -0.815     0.168    20.216     1.083    -0.100     0.062
    42.000    27.000    38.000         *         *         *    13.000         *    10.000         *         *         *     0.000     0.000     0.000    -1.962     0.000     3.000     0.000     3.000     6.000    13.000    16.000    19.000    38.636     2.965    -0.963     0.218    12.187     1.432    -0.099     0.073
    49.000         *    46.000         *         *         *    17.000         *    15.000         *         *         *     0.000     0.000     0.000    -1.464     0.000    -1.000     0.000     3.000     6.000    13.000    16.000    19.000    45.774     3.413    -0.803     0.219    15.407     1.436    -0.099     0.073
    35.000    22.000         *         *         *         *    11.000    10.000         *         *         *         *     0.000     1.000     1.000    -2.745     0.000     1.000     0.000     3.000     6.000    13.000    16.000    19.000    33.081     3.408    -0.921     0.224    11.468     1.420    -0.077     0.074
    44.000    40.000    25.000         *         *         *    16.000    12.000    14.000         *         *         *     0.000     1.000     0.000    -2.745     0.000     7.000     0.000     3.000     6.000    13.000    16.000    19.000    39.899     2.964    -0.957     0.217    14.283     1.240    -0.104     0.073
    32.000    38.000    29.000    26.000         *         *     7.000    11.000    10.000     9.000         *         *     0.000     0.000     0.000    -4.216     0.000    -5.000     0.000     3.000     6.000    13.000    16.000    19.000    36.400     2.738    -0.898     0.199    10.317     1.152    -0.081     0.069
    35.000    30.000    26.000         *         *         *    11.000    12.000    10.000         *         *         *     0.000     0.000     1.000    -4.213     0.000    -7.000     0.000     3.000     6.000    13.000    16.000    19.000    33.650     2.964    -0.870     0.217    11.631     1.240    -0.092     0.073
    29.000    44.000    40.000         *    27.000         *    12.000     7.000    18.000         *         *         *     0.000     1.000     0.000    -4.467     0.000     1.000     0.000     3.000     6.000    13.000    16.000    19.000    40.185     2.769    -0.786     0.196    12.806     1.237    -0.054     0.069
    44.000    39.000    40.000    21.000         *    27.000    14.000         *    12.000    10.000    11.000         *     0.000     1.000     0.000    -3.750     0.000    -4.000     0.000     3.000     6.000    13.000    16.000    19.000    41.115     2.655    -0.904     0.176    12.871     1.224    -0.110     0.065
    26.000    40.000    32.000         *         *         *    14.000    10.000     7.000         *         *         *     0.000     1.000     0.000    -2.839     0.000     0.000     0.000     3.000     6.000    13.000    16.000    19.000    36.537     2.964    -0.934     0.217    11.351     1.240    -0.095     0.073
    53.000    36.000    36.000         *         *         *    15.000    15.000    13.000         *         *         *     0.000     1.000     0.000    -2.842     0.000     9.000     0.000     3.000     6.000    13.000    16.000    19.000    44.071     2.964    -0.925     0.217    14.555     1.240    -0.090     0.073
    26.000    54.000         *         *    24.000    29.000    17.000         *         *         *    13.000         *     1.000     1.000     0.000    -4.333     2.000     8.000     0.000     3.000     6.000    13.000    16.000    19.000    42.066     2.904    -0.943     0.175    17.153     1.504    -0.191     0.065
    41.000    35.000    38.000         *         *         *    13.000    15.000    13.000         *         *         *     0.000     0.000     0.000    -5.003     1.000    10.000     0.000     3.000     6.000    13.000    16.000    19.000    41.321     2.964    -0.924     0.217    14.448     1.240    -0.066     0.073
         *    34.000    43.000    34.000         *         *         *    10.000         *    11.000         *         *     0.000     1.000     0.000     0.800     1.000    -5.000     0.000     3.000     6.000    13.000    16.000    19.000    41.742     3.095    -0.865     0.202    12.128     1.513    -0.065     0.071
    36.000         *         *         *    30.000    25.000    15.000         *         *         *    14.000     7.000     0.000     0.000     0.000    -4.027     0.000    -4.000     0.000     3.000     6.000    13.000    16.000    19.000    39.280     3.251    -0.821     0.173    13.528     1.408    -0.114     0.064
    45.000    33.000    31.000         *    27.000    32.000    16.000    14.000     9.000         *    10.000     9.000     0.000     1.000     0.000    -3.777     0.000     0.000     0.000     3.000     6.000    13.000    16.000    19.000    41.020     2.671    -0.861     0.171    12.879     1.129    -0.109     0.062
    42.000    37.000    32.000         *         *         *    15.000    20.000    16.000         *         *         *     0.000     1.000     0.000    -3.844     3.000     7.000     0.000     3.000     6.000    13.000    16.000    19.000    40.585     2.964    -0.930     0.217    17.600     1.240    -0.061     0.073
    43.000    43.000    45.000    25.000         *         *    11.000    14.000    10.000     9.000         *         *     0.000     1.000     1.000    -4.372     1.000    11.000     0.000     3.000     6.000    13.000    16.000    19.000    44.429     2.738    -1.003     0.199    12.168     1.152    -0.053     0.069
    42.000         *         *         *         *         *    13.000         *         *         *         *         *     0.000     1.000     0.000    -5.220     2.000     8.000     0.000     3.000     6.000    13.000    16.000    19.000    43.070     4.199    -0.894     0.228    15.214     1.754    -0.043     0.074
    35.000    33.000         *         *         *         *    15.000    15.000         *         *         *         *     0.000     0.000     0.000    -3.258     0.000   -10.000     0.000     3.000     6.000    13.000    16.000    19.000    35.038     3.408    -0.827     0.224    14.465     1.420    -0.129     0.074
    43.000         *         *         *         *         *    11.000         *         *         *         *         *     0.000     1.000     0.000    -3.872     0.000     0.000     0.000     3.000     6.000    13.000    16.000    19.000    41.726     4.199    -0.871     0.228    12.222     1.754    -0.074     0.074
    38.000    40.000    41.000         *         *         *    16.000    16.000    14.000         *         *         *     0.000     0.000     0.000    -5.556     3.000     0.000     0.000     3.000     6.000    13.000    16.000    19.000    41.700     2.964    -0.871     0.217    16.237     1.240    -0.057     0.073
    54.000    51.000    40.000         *         *         *    16.000    20.000    14.000         *         *         *     0.000     0.000     0.000    -5.556     0.000     5.000     0.000     3.000     6.000    13.000    16.000    19.000    48.399     2.964    -0.798     0.217    16.385     1.240    -0.089     0.073
    22.000    39.000    39.000    26.000    20.000         *    10.000    16.000    12.000    13.000    11.000         *     0.000     1.000     1.000    -5.892     0.000     4.000     0.000     3.000     6.000    13.000    16.000    19.000    36.500     2.627    -0.811     0.183    13.080     1.106    -0.058     0.065
    44.000         *         *         *         *         *    16.000         *         *         *         *         *     0.000     0.000     0.000    -5.908     0.000    -1.000     0.000     3.000     6.000    13.000    16.000    19.000    41.640     4.199    -0.805     0.228    15.090     1.754    -0.099     0.074
    43.000    48.000    37.000    30.000         *         *     9.000    18.000    14.000    13.000         *         *     0.000     1.000     0.000    -4.172     1.000     2.000     0.000     3.000     6.000    13.000    16.000    19.000    43.725     2.738    -0.873     0.199    14.086     1.152    -0.061     0.069
    29.000    38.000    36.000         *         *         *    12.000    13.000    14.000         *         *         *     0.000     1.000     0.000    -4.172     0.000     1.000     0.000     3.000     6.000    13.000    16.000    19.000    37.810     2.964    -0.817     0.217    13.408     1.240    -0.075     0.073
    44.000    46.000         *    34.000    18.000         *    15.000     9.000         *    12.000    11.000         *     0.000     1.000     0.000    -3.470     2.000     7.000     0.000     3.000     6.000    13.000    16.000    19.000    43.887     2.837    -1.088     0.183    13.243     1.203    -0.079     0.065
    41.000    40.000    35.000    27.000    31.000    25.000    19.000    17.000    18.000    17.000    17.000    14.000     0.000     0.000     0.000    -6.056     2.000     1.000     0.000     3.000     6.000    13.000    16.000    19.000    41.027     2.573    -0.844     0.168    17.889     1.083    -0.097     0.062
    42.000         *         *         *         *         *     9.000         *         *         *         *         *     0.000     1.000     0.000    -4.866     0.000     0.000     0.000     3.000     6.000    13.000    16.000    19.000    41.485     4.199    -0.878     0.228    11.193     1.754    -0.064     0.074
    35.000         *         *         *         *         *    10.000         *         *         *         *         *     0.000     0.000     0.000    -4.866     0.000     0.000     0.000     3.000     6.000    13.000    16.000    19.000    37.090     4.199    -0.907     0.228    11.775     1.754    -0.086     0.074
    20.000         *    40.000         *         *         *     9.000         *         *         *         *         *     0.000     1.000     0.000    -4.430     0.000     1.000     0.000     3.000     6.000    13.000    16.000    19.000    35.348     3.414    -0.818     0.222    11.748     1.742    -0.059     0.073
    42.000    43.000    37.000         *         *         *    18.000    18.000    15.000         *         *         *     0.000     1.000     0.000    -3.928     3.000     3.000     0.000     3.000     6.000    13.000    16.000    19.000    42.923     2.964    -0.887     0.217    17.556     1.240    -0.064     0.073
    45.000    38.000    40.000         *         *         *    10.000    13.000    13.000         *         *         *     0.000     0.000     0.000    -4.833     0.000    -9.000     0.000     3.000     6.000    13.000    16.000    19.000    41.598     2.964    -0.796     0.217    12.378     1.240    -0.083     0.073
    33.000    33.000    39.000    40.000    30.000    26.000    15.000    10.000    11.000         *    16.000         *     0.000     1.000     0.000    -4.833     0.000    -7.000     0.000     3.000     6.000    13.000    16.000    19.000    39.285     2.589    -0.615     0.172    13.344     1.164    -0.036     0.064
    45.000    39.000         *         *         *         *    15.000    17.000         *         *         *         *     0.000     1.000     0.000    -4.736     0.000    -3.000     0.000     3.000     6.000    13.000    16.000    19.000    41.981     3.408    -0.772     0.224    15.388     1.420    -0.095     0.074
    50.000    38.000    43.000         *         *         *    15.000    12.000    14.000         *         *         *     0.000     1.000     0.000    -4.736     0.000    -4.000     0.000     3.000     6.000    13.000    16.000    19.000    44.386     2.964    -0.787     0.217    13.815     1.240    -0.082     0.073
    38.000    37.000    40.000         *         *         *    16.000    18.000    19.000         *         *         *     0.000     1.000     1.000    -5.777     1.000     2.000     0.000     3.000     6.000    13.000    16.000    19.000    40.710     2.964    -0.686     0.217    17.359     1.240    -0.050     0.073
    48.000    37.000    35.000    13.000         *         *    13.000    12.000         *         *         *         *     0.000     1.000     0.000    -5.683     0.000     6.000     0.000     3.000     6.000    13.000    16.000    19.000    39.934     2.745    -1.097     0.205    12.834     1.410    -0.125     0.070
    42.000    36.000    32.000    34.000    20.000    25.000    13.000     8.000    14.000    18.000     7.000         *     0.000     1.000     0.000    -4.358     0.000     6.000     0.000     3.000     6.000    13.000    16.000    19.000    40.468     2.583    -0.905     0.171    12.832     1.106    -0.073     0.063
    45.000    43.000    37.000    27.000    20.000         *    16.000    12.000    13.000    10.000    10.000         *     0.000     1.000     0.000    -6.656     0.000     7.000     0.000     3.000     6.000    13.000    16.000    19.000    42.579     2.627    -1.054     0.183    13.433     1.106    -0.130     0.065
    45.000         *         *         *         *         *    23.000         *         *         *         *         *     0.000     1.000     0.000    -5.473     3.000    10.000     0.000     3.000     6.000    13.000    16.000    19.000    44.906     4.199    -0.801     0.228    21.566     1.754    -0.066     0.074
    35.000    37.000    41.000         *         *         *     9.000    13.000    10.000         *         *         *     0.000     1.000     0.000    -5.761     0.000     2.000     0.000     3.000     6.000    13.000    16.000    19.000    40.672     2.964    -0.837     0.217    11.607     1.240    -0.055     0.073
    45.000    39.000    34.000         *         *         *    12.000    11.000    12.000         *         *         *     0.000     1.000     0.000    -5.761     0.000    12.000     0.000     3.000     6.000    13.000    16.000    19.000    42.978     2.964    -0.935     0.217    12.577     1.240    -0.061     0.073
    32.000    40.000    39.000    24.000         *         *    23.000    21.000    18.000    21.000         *         *     0.000     0.000     0.000    -6.973     2.000     8.000     0.000     3.000     6.000    13.000    16.000    19.000    39.146     2.738    -0.814     0.199    20.754     1.152    -0.095     0.069
    52.000    49.000    42.000    42.000    27.000    23.000    19.000    19.000    18.000    19.000    19.000    20.000     0.000     0.000     1.000    -7.570     3.000     2.000     0.000     3.000     6.000    13.000    16.000    19.000    46.246     2.573    -0.839     0.168    19.277     1.083    -0.047     0.062
    43.000    35.000    37.000    33.000    22.000    31.000    15.000    11.000    17.000    12.000    15.000    11.000     0.000     1.000     0.000    -4.978     0.000     4.000     0.000     3.000     6.000    13.000    16.000    19.000    41.470     2.573    -0.825     0.168    14.305     1.083    -0.081     0.062
    38.000    34.000    34.000    23.000    22.000    29.000    12.000    10.000    18.000    13.000    13.000    12.000     0.000     1.000     0.000    -4.978     0.000     2.000     0.000     3.000     6.000    13.000    16.000    19.000    38.277     2.573    -0.813     0.168    13.704     1.083    -0.069     0.062
         *    33.000    30.000    12.000    14.000         *         *    10.000    14.000     8.000         *         *     0.000     0.000     0.000    -3.816     0.000     3.000     0.000     3.000     6.000    13.000    16.000    19.000    34.138     2.946    -1.124     0.190    12.144     1.320    -0.145     0.069
    43.000    37.000    43.000    33.000    28.000         *    14.000    22.000    22.000    15.000    15.000    16.000     0.000     0.000     0.000    -6.917     1.000     3.000     0.000     3.000     6.000    13.000    16.000    19.000    42.549     2.624    -0.795     0.177    18.034     1.085    -0.099     0.063
    38.000    38.000    37.000    38.000    28.000    16.000    17.000    17.000    20.000    19.000    15.000    17.000     0.000     0.000     0.000    -6.917     1.000     2.000     0.000     3.000     6.000    13.000    16.000    19.000    40.168     2.573    -0.797     0.168    18.026     1.083    -0.090     0.062
    35.000    24.000    26.000    24.000    15.000    22.000    14.000    13.000    15.000    12.000    13.000    15.000     0.000     1.000     0.000    -6.092     0.000    -2.000     0.000     3.000     6.000    13.000    16.000    19.000    33.151     2.573    -0.801     0.168    14.404     1.083    -0.087     0.062
    20.000    29.000    29.000    15.000         *         *    14.000    12.000     9.000    13.000         *         *     0.000     1.000     0.000    -6.092     0.000    -3.000     0.000     3.000     6.000    13.000    16.000    19.000    30.469     2.738    -0.888     0.199    12.820     1.152    -0.106     0.069
    36.000    43.000    33.000    19.000    10.000         *    20.000    14.000    12.000    12.000     2.000         *     0.000     1.000     1.000    -6.716     0.000    -7.000     0.000     3.000     6.000    13.000    16.000    19.000    36.761     2.627    -1.117     0.183    13.674     1.106    -0.214     0.065
    47.000    37.000    43.000    42.000    30.000    32.000    13.000    13.000    11.000    16.000    14.000         *     0.000     1.000     0.000    -6.716     1.000    -2.000     0.000     3.000     6.000    13.000    16.000    19.000    44.733     2.583    -0.711     0.171    13.860     1.106    -0.024     0.063
    43.000    57.000    46.000         *         *         *    22.000         *    21.000         *         *         *     0.000     1.000     1.000    -7.611     1.000     2.000     0.000     3.000     6.000    13.000    16.000    19.000    48.425     2.965    -0.556     0.218    20.260     1.432    -0.048     0.073
    45.000    34.000    28.000         *         *         *    12.000    17.000    17.000         *         *         *     0.000     0.000     0.000    -8.361     0.000     8.000     0.000     3.000     6.000    13.000    16.000    19.000    39.521     2.964    -0.850     0.217    15.465     1.240    -0.084     0.073
    40.000    33.000    30.000         *         *         *     9.000    15.000    12.000         *         *         *     0.000     0.000     0.000    -8.138     1.000    -6.000     0.000     3.000     6.000    13.000    16.000    19.000    37.333     2.964    -0.857     0.217    12.888     1.240    -0.077     0.073
    30.000    32.000         *         *         *         *    14.000    14.000         *         *         *         *     0.000     0.000     1.000    -7.810     0.000    -3.000     0.000     3.000     6.000    13.000    16.000    19.000    34.376     3.408    -0.756     0.224    14.104     1.420    -0.081     0.074
    44.000    35.000    41.000    46.000         *         *    15.000    16.000    19.000    12.000         *         *     0.000     0.000     0.000    -7.325     1.000     2.000     0.000     3.000     6.000    13.000    16.000    19.000    44.548     2.738    -0.687     0.199    15.973     1.152    -0.055     0.069
    34.000    37.000    29.000    31.000    21.000    12.000    12.000    10.000    13.000    15.000     9.000         *     0.000     1.000     0.000    -8.939     0.000     0.000     0.000     3.000     6.000    13.000    16.000    19.000    36.984     2.583    -0.925     0.171    12.699     1.106    -0.097     0.063
    40.000    31.000    33.000    18.000    16.000         *    12.000    11.000    15.000    13.000    11.000         *     0.000     1.000     0.000    -8.908     0.000     2.000     0.000     3.000     6.000    13.000    16.000    19.000    36.287     2.627    -0.975     0.183    13.355     1.106    -0.108     0.065
    42.000    46.000    50.000    27.000    25.000    24.000    21.000    23.000    22.000    21.000    21.000    21.000     0.000     1.000     0.000    -7.710     2.000    18.000     0.000     3.000     6.000    13.000    16.000    19.000    44.904     2.573    -0.917     0.168    21.836     1.083    -0.084     0.062
    50.000    36.000    44.000    37.000    33.000    19.000    13.000    10.000    12.000    13.000         *         *     0.000     1.000     0.000    -7.209     0.000    -9.000     0.000     3.000     6.000    13.000    16.000    19.000    43.527     2.594    -0.825     0.174    12.473     1.152    -0.087     0.065
    44.000         *    39.000    22.000         *         *    12.000         *         *         *         *         *     0.000     0.000     0.000    -6.906     0.000     2.000     0.000     3.000     6.000    13.000    16.000    19.000    40.889     3.059    -0.945     0.206    12.875     1.733    -0.100     0.070
    38.000    38.000    41.000    25.000    14.000    14.000    14.000    19.000    19.000    18.000    13.000     2.000     0.000     0.000     0.000    -6.906     0.000    -4.000     0.000     3.000     6.000    13.000    16.000    19.000    38.341     2.573    -1.071     0.168    15.984     1.083    -0.218     0.062
    33.000    34.000    38.000         *         *         *    19.000    16.000    16.000         *         *         *     0.000     1.000     0.000    -7.500     0.000    -2.000     0.000     3.000     6.000    13.000    16.000    19.000    38.121     2.964    -0.712     0.217    16.689     1.240    -0.101     0.073
    38.000    34.000    41.000    38.000    32.000    31.000    22.000    20.000    25.000    19.000         *    17.000     0.000     0.000     0.000    -7.563     0.000    -5.000     0.000     3.000     6.000    13.000    16.000    19.000    40.484     2.579    -0.539     0.170    20.523     1.116    -0.113     0.062
         *         *    45.000    36.000    27.000    38.000         *         *    19.000    15.000    21.000    22.000     0.000     1.000     0.000    -0.861     2.000    -4.000     0.000     3.000     6.000    13.000    16.000    19.000    43.696     3.188    -0.632     0.177    19.003     1.381    -0.034     0.067
         *         *    41.000    32.000    20.000    26.000         *         *    10.000    16.000    13.000         *     0.000     1.000     0.000    -0.828     3.000    -2.000     0.000     3.000     6.000    13.000    16.000    19.000    41.893     3.204    -0.959     0.180    14.577     1.434    -0.058     0.068
    63.000    58.000    44.000    60.000    42.000         *    24.000    23.000    25.000    26.000    23.000         *     0.000     0.000     0.000    -7.908     1.000    19.000     0.000     3.000     6.000    13.000    16.000    19.000    56.137     2.627    -0.573     0.183    23.445     1.106    -0.029     0.065
    63.000    45.000    56.000    35.000    35.000         *    22.000    24.000    26.000    24.000    24.000         *     0.000     0.000     0.000    -7.895     3.000    12.000     0.000     3.000     6.000    13.000    16.000    19.000    51.478     2.627    -0.783     0.183    23.707     1.106    -0.057     0.065
    34.000    31.000    30.000         *         *         *    21.000    13.000    15.000    13.000         *         *     1.000     1.000     1.000    -7.145     1.000    12.000     0.000     3.000     6.000    13.000    16.000    19.000    36.715     2.962    -1.025     0.210    16.579     1.152    -0.218     0.071
    40.000    40.000    35.000    32.000    24.000    27.000    18.000    15.000         *    16.000    15.000         *     0.000     0.000     0.000    -6.911     1.000     6.000     0.000     3.000     6.000    13.000    16.000    19.000    41.165     2.584    -0.840     0.171    16.645     1.201    -0.083     0.063
    44.000    41.000    45.000    30.000         *         *    13.000    15.000    15.000    14.000         *         *     0.000     1.000     0.000    -7.683     0.000     6.000     0.000     3.000     6.000    13.000    16.000    19.000    44.394     2.738    -0.804     0.199    14.638     1.152    -0.064     0.069
    49.000    47.000    39.000    34.000    30.000    39.000    17.000    19.000    15.000    16.000    15.000    17.000     0.000     1.000     0.000    -8.208     1.000    -4.000     0.000     3.000     6.000    13.000    16.000    19.000    45.438     2.573    -0.682     0.168    16.943     1.083    -0.066     0.062
    46.000    46.000    44.000         *         *         *    17.000    16.000    16.000         *         *         *     0.000     1.000     0.000    -7.419     1.000     0.000     0.000     3.000     6.000    13.000    16.000    19.000    46.210     2.964    -0.730     0.217    16.398     1.240    -0.062     0.073
    53.000    55.000         *         *         *         *    18.000    17.000         *         *         *         *     0.000     1.000     0.000    -9.153     0.000    -1.000     0.000     3.000     6.000    13.000    16.000    19.000    50.885     3.408    -0.641     0.224    16.691     1.420    -0.065     0.074
    43.000    43.000    43.000         *    37.000    23.000    14.000    20.000    18.000         *    16.000    17.000     0.000     1.000     0.000    -9.156     0.000     3.000     0.000     3.000     6.000    13.000    16.000    19.000    43.991     2.671    -0.708     0.171    17.150     1.129    -0.068     0.062
    43.000    36.000         *         *    17.000         *     8.000    11.000         *         *         *         *     0.000     1.000     0.000    -8.202     0.000    -2.000     0.000     3.000     6.000    13.000    16.000    19.000    38.977     3.049    -0.983     0.198    10.714     1.412    -0.092     0.069
    43.000    41.000    40.000    29.000    20.000    25.000    17.000    16.000    10.000     7.000    13.000    11.000     0.000     1.000     0.000   -10.234     0.000    11.000     0.000     3.000     6.000    13.000    16.000    19.000    43.280     2.573    -1.027     0.168    13.866     1.083    -0.126     0.062
    45.000    36.000    44.000    36.000    31.000    30.000    19.000    17.000    16.000    15.000    13.000    20.000     0.000     1.000     0.000   -10.126     0.000    10.000     0.000     3.000     6.000    13.000    16.000    19.000    44.340     2.573    -0.731     0.168    17.099     1.083    -0.065     0.062
    38.000    41.000    38.000    24.000    22.000         *    20.000    24.000    19.000    13.000    20.000    20.000     0.000     1.000     0.000   -11.108     0.000     4.000     0.000     3.000     6.000    13.000    16.000    19.000    39.505     2.624    -0.754     0.177    19.780     1.085    -0.118     0.063
    47.000    55.000    39.000    47.000    39.000    30.000    18.000    12.000    16.000    18.000    14.000    20.000     0.000     1.000     0.000   -10.317     0.000     2.000     0.000     3.000     6.000    13.000    16.000    19.000    48.060     2.573    -0.613     0.168    16.278     1.083    -0.024     0.062
    50.000    37.000    30.000         *         *         *    11.000    14.000    14.000         *         *         *     1.000     1.000     0.000   -10.169     0.000     4.000     0.000     3.000     6.000    13.000    16.000    19.000    42.016     2.964    -0.984     0.217    13.629     1.240    -0.208     0.073
    57.000    46.000    44.000    47.000    30.000         *    12.000    14.000    14.000    14.000    14.000         *     0.000     1.000     0.000   -11.281     2.000     2.000     0.000     3.000     6.000    13.000    16.000    19.000    49.957     2.627    -0.809     0.183    14.369     1.106    -0.022     0.065
    44.000    43.000    41.000         *         *         *    18.000    19.000    18.000         *         *         *     0.000     1.000     0.000   -10.214     2.000    18.000     0.000     3.000     6.000    13.000    16.000    19.000    46.285     2.964    -0.804     0.217    18.737     1.240    -0.033     0.073
    38.000    37.000    38.000         *         *         *    24.000    25.000    23.000         *         *         *     0.000     1.000     0.000   -10.214     3.000    15.000     0.000     3.000     6.000    13.000    16.000    19.000    42.041     2.964    -0.734     0.217    23.549     1.240    -0.060     0.073
    38.000         *         *         *         *         *    14.000         *         *         *         *         *     0.000     1.000     0.000   -11.850     0.000     4.000     0.000     3.000     6.000    13.000    16.000    19.000    41.718     4.199    -0.729     0.228    14.720     1.754    -0.059     0.074
    37.000         *         *         *         *         *    15.000         *         *         *         *         *     0.000     1.000     0.000   -11.850     0.000     1.000     0.000     3.000     6.000    13.000    16.000    19.000    40.648     4.199    -0.710     0.228    15.142     1.754    -0.069     0.074
    39.000    39.000    40.000    28.000    27.000    31.000    22.000    14.000    20.000    22.000    20.000    20.000     0.000     0.000     0.000   -10.578     2.000    12.000     0.000     3.000     6.000    13.000    16.000    19.000    41.737     2.573    -0.734     0.168    19.852     1.083    -0.035     0.062
    48.000    43.000    39.000    38.000    22.000    29.000    20.000    19.000    21.000    20.000    18.000    19.000     0.000     1.000     0.000   -10.526     2.000    19.000     0.000     3.000     6.000    13.000    16.000    19.000    45.726     2.573    -0.898     0.168    20.059     1.083    -0.066     0.062
    62.000    52.000    50.000    56.000    51.000    32.000    19.000    21.000    23.000    21.000    20.000    18.000     0.000     1.000     1.000   -13.750     1.000     8.000     0.000     3.000     6.000    13.000    16.000    19.000    54.775     2.573    -0.576     0.168    20.184     1.083    -0.026     0.062
    45.000    47.000    40.000    24.000         *         *    18.000    19.000    15.000    20.000    18.000         *     0.000     1.000     1.000   -13.578     1.000    12.000     0.000     3.000     6.000    13.000    16.000    19.000    44.255     2.738    -0.757     0.193    18.157     1.107    -0.039     0.067
    38.000    34.000    36.000    24.000    25.000    32.000    17.000    17.000    18.000    16.000    18.000    19.000     0.000     0.000     0.000   -11.089     3.000     0.000     0.000     3.000     6.000    13.000    16.000    19.000    39.011     2.573    -0.730     0.168    18.063     1.083    -0.036     0.062
    45.000    51.000    41.000         *         *         *    12.000    16.000    14.000         *         *         *     0.000     1.000     0.000   -13.100     1.000     2.000     0.000     3.000     6.000    13.000    16.000    19.000    47.268     2.964    -0.705     0.217    14.710     1.240    -0.027     0.073
    39.000    39.000    41.000    28.000    23.000    23.000    14.000    18.000    21.000    17.000    14.000    15.000     0.000     0.000     0.000   -13.384     0.000    10.000     0.000     3.000     6.000    13.000    16.000    19.000    41.015     2.573    -0.842     0.168    17.263     1.083    -0.099     0.062
    37.000    28.000    27.000    35.000    20.000    27.000    13.000    14.000    16.000    15.000    12.000    15.000     0.000     1.000     0.000   -11.892     0.000    -2.000     0.000     3.000     6.000    13.000    16.000    19.000    36.500     2.573    -0.670     0.168    14.766     1.083    -0.060     0.062
    35.000    21.000    30.000    17.000         *         *    11.000     9.000    18.000    11.000         *         *     0.000     0.000     0.000   -11.892     0.000     0.000     0.000     3.000     6.000    13.000    16.000    19.000    32.843     2.738    -0.876     0.199    13.126     1.152    -0.094     0.069
    38.000    36.000    42.000         *         *         *    21.000         *    19.000         *         *         *     0.000     1.000     0.000   -11.624     1.000     6.000     0.000     3.000     6.000    13.000    16.000    19.000    42.000     2.965    -0.668     0.218    19.318     1.432    -0.069     0.073
    36.000    39.000    46.000    38.000    41.000         *    24.000    23.000    25.000    23.000    23.000         *     0.000     1.000     0.000   -14.545     2.000    13.000     0.000     3.000     6.000    13.000    16.000    19.000    44.891     2.627    -0.502     0.183    23.330     1.106    -0.026     0.065
    11.000         *         *         *         *         *    20.000         *         *         *         *         *     0.000     0.000     0.000   -12.689     1.000    -3.000     0.000     3.000     6.000    13.000    16.000    19.000    26.021     4.199    -0.721     0.228    18.638     1.754    -0.120     0.074
    41.000         *         *         *         *         *    18.000         *         *         *         *         *     0.000     1.000     1.000   -13.725     0.000     4.000     0.000     3.000     6.000    13.000    16.000    19.000    43.435     4.199    -0.594     0.228    16.983     1.754    -0.043     0.074
    50.000         *         *         *         *         *    18.000         *         *         *         *         *     0.000     1.000     0.000   -13.725     0.000     2.000     0.000     3.000     6.000    13.000    16.000    19.000    47.851     4.199    -0.626     0.228    16.923     1.754    -0.059     0.074
    50.000    34.000    35.000         *         *         *    10.000    13.000    10.000         *         *         *     1.000     0.000     1.000   -13.124     0.000     8.000     0.000     3.000     6.000    13.000    16.000    19.000    42.705     2.964    -0.964     0.217    12.163     1.240    -0.174     0.073
    65.000    55.000    67.000         *         *         *    22.000    21.000    20.000         *         *         *     0.000     0.000     0.000   -12.884     0.000    10.000     0.000     3.000     6.000    13.000    16.000    19.000    59.700     2.964    -0.518     0.217    20.071     1.240    -0.038     0.073
    53.000    61.000    58.000    60.000    47.000    46.000    15.000    19.000    15.000    15.000    14.000    16.000     0.000     0.000     1.000   -15.213     0.000    13.000     0.000     3.000     6.000    13.000    16.000    19.000    57.910     2.573    -0.550     0.168    15.827     1.083     0.005     0.062
    50.000    47.000    40.000    33.000    29.000    31.000    20.000    21.000    20.000    17.000    16.000    21.000     0.000     0.000     0.000   -15.210     1.000    10.000     0.000     3.000     6.000    13.000    16.000    19.000    45.985     2.573    -0.785     0.168    19.713     1.083    -0.086     0.062
    41.000    45.000    43.000    27.000    27.000    36.000    21.000    23.000    22.000    21.000    20.000    20.000     0.000     1.000     0.000   -16.081     1.000     9.000     0.000     3.000     6.000    13.000    16.000    19.000    43.655     2.573    -0.663     0.168    21.420     1.083    -0.076     0.062
    53.000    46.000    43.000         *         *         *    20.000    20.000    19.000         *         *         *     0.000     1.000     0.000   -15.059     0.000     0.000     0.000     3.000     6.000    13.000    16.000    19.000    48.132     2.964    -0.560     0.217    18.949     1.240    -0.071     0.073
    50.000    51.000    49.000    50.000    45.000         *    20.000    17.000    17.000    15.000    17.000         *     0.000     1.000     1.000   -15.059     0.000    -7.000     0.000     3.000     6.000    13.000    16.000    19.000    50.578     2.627    -0.404     0.183    17.110     1.106    -0.029     0.065
    40.000    40.000         *    34.000    35.000    35.000    14.000    16.000         *    13.000    16.000    16.000     0.000     0.000     0.000   -16.732     0.000     1.000     0.000     3.000     6.000    13.000    16.000    19.000    43.050     2.752    -0.567     0.168    15.436     1.168    -0.032     0.062
    28.000    24.000    20.000         *     6.000    13.000    12.000    15.000    16.000    15.000    10.000    13.000     0.000     1.000     1.000   -16.721     1.000     1.000     0.000     3.000     6.000    13.000    16.000    19.000    29.412     2.671    -0.903     0.170    14.746     1.084    -0.095     0.062
    49.000    50.000    41.000    34.000    31.000    26.000    19.000    19.000    17.000    20.000    19.000    19.000     0.000     1.000     0.000   -17.606     1.000     2.000     0.000     3.000     6.000    13.000    16.000    19.000    45.546     2.573    -0.716     0.168    19.103     1.083    -0.064     0.062
    42.000    42.000    42.000    48.000    43.000    25.000    13.000    18.000    16.000    14.000     9.000    10.000     0.000     1.000     0.000   -17.381     1.000     3.000     0.000     3.000     6.000    13.000    16.000    19.000    47.421     2.573    -0.742     0.168    14.689     1.083    -0.076     0.062
    51.000    41.000    50.000    37.000    39.000    57.000    21.000    14.000    18.000    12.000         *         *     0.000     1.000     0.000   -15.594     1.000    13.000     0.000     3.000     6.000    13.000    16.000    19.000    51.087     2.594    -0.552     0.174    17.070     1.152    -0.005     0.065
    57.000    50.000    50.000    52.000    37.000    46.000    20.000    18.000    18.000    21.000    18.000    22.000     0.000     1.000     0.000   -15.538     0.000     7.000     0.000     3.000     6.000    13.000    16.000    19.000    52.551     2.573    -0.475     0.168    19.111     1.083    -0.007     0.062
    50.000    47.000    44.000    32.000    32.000    44.000    17.000    14.000    17.000    14.000    17.000    19.000     0.000     1.000     0.000   -15.242     0.000    15.000     0.000     3.000     6.000    13.000    16.000    19.000    48.309     2.573    -0.666     0.168    16.507     1.083    -0.014     0.062
    59.000    51.000         *         *         *         *    11.000    12.000    10.000         *         *         *     0.000     0.000     0.000   -15.605     0.000    10.000     0.000     3.000     6.000    13.000    16.000    19.000    53.214     3.398    -0.768     0.221    12.238     1.240    -0.016     0.074
    50.000    49.000    48.000         *         *         *    13.000     9.000    13.000         *         *         *     0.000     0.000     0.000   -15.603     0.000    11.000     0.000     3.000     6.000    13.000    16.000    19.000    50.558     2.964    -0.740     0.217    12.811     1.240    -0.015     0.073
    51.000    45.000    45.000    36.000    34.000    31.000    21.000    17.000    16.000    13.000    11.000         *     0.000     1.000     0.000   -18.250     0.000    12.000     0.000     3.000     6.000    13.000    16.000    19.000    48.744     2.583    -0.855     0.171    16.691     1.106    -0.117     0.063
         *         *    38.000    45.000    35.000    34.000         *         *    10.000    17.000    12.000    11.000     0.000     1.000     0.000   -11.721     2.000    -2.000     0.000     3.000     6.000    13.000    16.000    19.000    47.101     3.188    -0.734     0.177    13.868     1.381    -0.028     0.067
         *         *    40.000    31.000    29.000    35.000         *         *    12.000    14.000    15.000    15.000     0.000     1.000     1.000   -11.721     0.000    -3.000     0.000     3.000     6.000    13.000    16.000    19.000    42.063     3.188    -0.604     0.177    14.336     1.381    -0.025     0.067
         *         *         *    52.000    34.000         *         *         *         *         *         *         *     0.000     0.000     1.000    -4.306     0.000     6.000     0.000     3.000     6.000    13.000    16.000    19.000    48.817     3.831    -0.657     0.202    15.031     2.581    -0.026     0.071
         *         *         *    45.000    31.000    39.000         *         *         *    23.000    18.000    20.000     0.000     1.000     0.000    -3.381     1.000     6.000     0.000     3.000     6.000    13.000    16.000    19.000    46.833     3.560    -0.614     0.179    19.837     1.575    -0.040     0.069
         *         *         *    29.000    27.000    37.000         *         *         *    12.000    19.000    16.000     0.000     1.000     0.000    -3.475     1.000     6.000     0.000     3.000     6.000    13.000    16.000    19.000    43.082     3.560    -0.763     0.179    16.328     1.575    -0.048     0.069
         *    46.000    45.000    34.000    30.000    45.000         *    14.000    14.000    14.000    12.000         *     0.000     0.000     0.000   -13.600     1.000     0.000     0.000     3.000     6.000    13.000    16.000    19.000    47.060     2.876    -0.677     0.176    14.609     1.252    -0.038     0.066
         *    48.000    45.000    42.000         *         *         *    17.000    15.000    14.000         *         *     0.000     0.000     0.000   -13.600     1.000     6.000     0.000     3.000     6.000    13.000    16.000    19.000    49.105     3.093    -0.712     0.201    16.127     1.320    -0.045     0.071
         *    39.000         *         *         *         *         *    19.000         *         *         *         *     0.000     0.000     0.000   -14.078     1.000     1.000     0.000     3.000     6.000    13.000    16.000    19.000    42.399     4.181    -0.667     0.224    18.294     1.779    -0.072     0.075
         *    40.000    34.000    37.000         *         *         *    21.000         *    18.000         *         *     0.000     1.000     0.000   -14.150     1.000     0.000     0.000     3.000     6.000    13.000    16.000    19.000    42.374     3.095    -0.612     0.202    19.110     1.513    -0.069     0.071
         *    42.000         *         *         *         *         *    19.000         *         *         *         *     0.000     0.000     0.000   -15.374     0.000     8.000     0.000     3.000     6.000    13.000    16.000    19.000    45.406     4.181    -0.646     0.224    17.986     1.779    -0.064     0.075
         *    46.000    38.000    60.000    41.000    42.000         *    10.000    13.000    12.000    14.000    15.000     0.000     1.000     1.000   -16.471     0.000    10.000     0.000     3.000     6.000    13.000    16.000    19.000    50.972     2.862    -0.500     0.174    12.908     1.220     0.052     0.065
         *         *         *    34.000    34.000    32.000         *         *         *    11.000    14.000    14.000     0.000     1.000     0.000    -6.400     1.000    -5.000     0.000     3.000     6.000    13.000    16.000    19.000    43.730     3.560    -0.723     0.179    14.215     1.575    -0.053     0.069
         *         *         *    22.000    19.000    20.000         *         *         *     6.000    10.000    16.000     0.000     1.000     0.000    -6.406     0.000     2.000     0.000     3.000     6.000    13.000    16.000    19.000    36.903     3.560    -0.932     0.179    12.483     1.575    -0.087     0.069
         *         *         *    22.000    25.000    33.000         *         *         *    18.000    18.000    16.000     0.000     0.000     0.000    -4.598     0.000    11.000     0.000     3.000     6.000    13.000    16.000    19.000    40.058     3.560    -0.776     0.179    17.788     1.575    -0.080     0.069
         *         *         *    30.000    19.000    30.000         *         *         *    23.000    18.000    21.000     0.000     0.000     0.000    -4.542     0.000     2.000     0.000     3.000     6.000    13.000    16.000    19.000    37.375     3.560    -0.641     0.179    20.142     1.575    -0.084     0.069
         *         *         *    44.000    39.000    51.000         *         *         *    24.000    21.000    22.000     0.000     1.000     0.000    -4.589     1.000    13.000     0.000     3.000     6.000    13.000    16.000    19.000    51.188     3.560    -0.510     0.179    21.193     1.575    -0.005     0.069
         *    58.000         *    40.000    40.000    51.000         *    20.000         *    22.000    19.000    20.000     0.000     1.000     0.000   -14.570     1.000    15.000     0.000     3.000     6.000    13.000    16.000    19.000    53.964     3.116    -0.582     0.174    20.091     1.345    -0.013     0.066
         *    59.000    55.000    54.000    52.000    57.000         *    12.000    13.000    20.000    18.000    12.000     0.000     1.000     0.000   -16.377     0.000     6.000     0.000     3.000     6.000    13.000    16.000    19.000    58.326     2.862    -0.409     0.174    14.813     1.220     0.045     0.065
         *    43.000    35.000    37.000    35.000    31.000         *    12.000    11.000    11.000    12.000    14.000     0.000     1.000     0.000   -15.978     0.000    -5.000     0.000     3.000     6.000    13.000    16.000    19.000    43.614     2.862    -0.636     0.174    12.805     1.220    -0.035     0.065
         *    51.000    56.000         *         *         *         *    21.000    20.000         *         *         *     0.000     1.000     0.000   -14.936     1.000     4.000     0.000     3.000     6.000    13.000    16.000    19.000    53.016     3.432    -0.518     0.218    19.754     1.458    -0.029     0.074
         *    55.000    44.000    30.000    29.000    43.000         *    15.000    18.000    12.000    10.000    14.000     0.000     1.000     0.000   -14.936     0.000     4.000     0.000     3.000     6.000    13.000    16.000    19.000    48.659     2.862    -0.777     0.174    14.985     1.220    -0.085     0.065
    34.000    36.000    40.000    39.000    35.000    23.000    18.000    16.000    17.000    17.000    13.000    20.000     0.000     1.000     0.000   -21.172     0.000     2.000     0.000     3.000     6.000    13.000    16.000    19.000    41.049     2.573    -0.552     0.168    17.204     1.083    -0.045     0.062
    38.000    37.000    37.000    28.000    28.000         *    18.000    18.000    18.000    18.000    11.000    12.000     0.000     1.000     0.000   -21.153     0.000    -2.000     0.000     3.000     6.000    13.000    16.000    19.000    40.182     2.624    -0.725     0.177    17.057     1.085    -0.129     0.063
         *         *    56.000    34.000    37.000    35.000         *         *    15.000    11.000    13.000    12.000     0.000     1.000     0.000   -13.511     0.000     2.000     0.000     3.000     6.000    13.000    16.000    19.000    49.779     3.188    -0.766     0.177    14.003     1.381    -0.068     0.067
         *         *    42.000    52.000    50.000    52.000         *         *    17.000    18.000    19.000    22.000     0.000     0.000     0.000   -13.511     0.000     0.000     0.000     3.000     6.000    13.000    16.000    19.000    50.994     3.188    -0.266     0.177    18.078     1.381     0.030     0.067
         *         *         *    35.000    35.000    48.000         *         *         *    11.000    11.000         *     0.000     0.000     1.000    -5.653     0.000    -5.000     0.000     3.000     6.000    13.000    16.000    19.000    45.921     3.579    -0.569     0.182    12.383     1.675    -0.016     0.069
         *         *         *    46.000    26.000    37.000         *         *         *    20.000    15.000         *     0.000     0.000     0.000    -5.650     0.000     3.000     0.000     3.000     6.000    13.000    16.000    19.000    45.299     3.579    -0.649     0.182    17.295     1.675    -0.062     0.069
         *    68.000    43.000    49.000    46.000    50.000         *    13.000    15.000    12.000     9.000    19.000     0.000     1.000     0.000   -15.495     0.000    17.000     0.000     3.000     6.000    13.000    16.000    19.000    57.778     2.862    -0.669     0.174    14.067     1.220     0.010     0.065
         *    55.000    70.000    48.000    51.000    60.000         *    16.000    16.000    16.000    11.000    14.000     0.000     1.000     0.000   -15.495     0.000    21.000     0.000     3.000     6.000    13.000    16.000    19.000    62.301     2.862    -0.627     0.174    15.198     1.220     0.001     0.065
         *    47.000    39.000    41.000    35.000    26.000         *    11.000    11.000    14.000    16.000    15.000     0.000     1.000     0.000   -17.758     1.000     1.000     0.000     3.000     6.000    13.000    16.000    19.000    45.905     2.862    -0.702     0.174    13.999     1.220    -0.008     0.065
    42.000    44.000    43.000    45.000    35.000    34.000    20.000    20.000    21.000    17.000    17.000    19.000     0.000     1.000     0.000   -21.450     0.000     5.000     0.000     3.000     6.000    13.000    16.000    19.000    46.145     2.573    -0.526     0.168    19.323     1.083    -0.061     0.062
    46.000    40.000    40.000    30.000    24.000    42.000    19.000    22.000    22.000    18.000    19.000    19.000     0.000     1.000     0.000   -21.450     2.000     0.000     0.000     3.000     6.000    13.000    16.000    19.000    43.532     2.573    -0.605     0.168    20.350     1.083    -0.061     0.062
         *         *         *    48.000    39.000         *         *         *         *    16.000    17.000         *     0.000     1.000     0.000    -8.367     0.000     0.000     0.000     3.000     6.000    13.000    16.000    19.000    48.814     3.771    -0.565     0.189    16.275     1.675    -0.033     0.071
    45.000    50.000         *    41.000    42.000    43.000    24.000    18.000         *    21.000    19.000    17.000     0.000     1.000     0.000   -21.525     0.000    10.000     0.000     3.000     6.000    13.000    16.000    19.000    49.713     2.752    -0.495     0.168    20.035     1.168    -0.051     0.062
    42.000    48.000         *    30.000    25.000    43.000    19.000    17.000         *    17.000    18.000    18.000     0.000     0.000     0.000   -21.522     3.000     4.000     0.000     3.000     6.000    13.000    16.000    19.000    45.248     2.752    -0.686     0.168    18.662     1.168    -0.030     0.062
         *         *         *    16.000         *         *         *         *         *         *         *         *     0.000     0.000     0.000    -6.025     0.000    -7.000     0.000     3.000     6.000    13.000    16.000    19.000    32.386     4.313    -0.931     0.212    12.957     2.593    -0.132     0.072
         *    45.000    45.000    31.000    31.000         *         *    13.000    11.000    12.000    13.000    15.000     0.000     1.000     0.000   -18.745     0.000     7.000     0.000     3.000     6.000    13.000    16.000    19.000    46.224     2.933    -0.754     0.181    13.672     1.222    -0.035     0.066
         *    48.000    39.000    62.000    38.000    38.000         *    23.000    22.000    23.000    23.000    20.000     0.000     1.000     1.000   -18.691     2.000     5.000     0.000     3.000     6.000    13.000    16.000    19.000    49.702     2.862    -0.425     0.174    21.899     1.220    -0.002     0.065
         *    42.000    43.000    36.000    24.000    28.000         *    21.000    17.000    15.000    12.000    14.000     0.000     0.000     0.000   -19.009     2.000     6.000     0.000     3.000     6.000    13.000    16.000    19.000    45.278     2.862    -0.902     0.174    17.605     1.220    -0.114     0.065
         *    48.000    45.000    30.000    26.000    38.000         *    12.000    15.000    14.000    14.000    15.000     0.000     1.000     0.000   -18.854     0.000     3.000     0.000     3.000     6.000    13.000    16.000    19.000    45.884     2.862    -0.704     0.174    14.708     1.220    -0.043     0.065
         *    42.000    47.000    27.000    35.000    41.000         *    21.000    24.000    18.000    20.000    19.000     0.000     0.000     0.000   -18.138     1.000     6.000     0.000     3.000     6.000    13.000    16.000    19.000    45.510     2.862    -0.591     0.174    20.816     1.220    -0.070     0.065
         *    45.000         *         *         *         *         *    17.000         *         *         *         *     0.000     1.000     0.000   -17.327     3.000     8.000     0.000     3.000     6.000    13.000    16.000    19.000    48.440     4.181    -0.676     0.224    19.071     1.779    -0.007     0.075
         *    23.000    26.000    26.000    19.000    19.000         *    15.000         *    11.000    11.000    13.000     0.000     0.000     0.000   -17.250     0.000    -4.000     0.000     3.000     6.000    13.000    16.000    19.000    33.286     2.862    -0.769     0.174    14.187     1.342    -0.107     0.065
         *    50.000    44.000    47.000    41.000    38.000         *    21.000    16.000    20.000    21.000    16.000     0.000     1.000     0.000   -18.731     1.000     7.000     0.000     3.000     6.000    13.000    16.000    19.000    50.354     2.862    -0.565     0.174    19.057     1.220    -0.029     0.065
         *    47.000    60.000    47.000    45.000    40.000         *    17.000    21.000    19.000    17.000    19.000     0.000     1.000     0.000   -18.734     1.000     8.000     0.000     3.000     6.000    13.000    16.000    19.000    53.525     2.862    -0.556     0.174    18.746     1.220    -0.015     0.065
         *    41.000    32.000    51.000         *    40.000         *    20.000    27.000    25.000         *    23.000     0.000     0.000     0.000   -19.008     3.000     2.000     0.000     3.000     6.000    13.000    16.000    19.000    45.369     2.963    -0.381     0.180    23.370     1.267     0.000     0.066
         *    49.000    50.000    39.000    37.000    40.000         *    14.000    12.000    14.000    14.000    14.000     0.000     0.000     0.000   -19.083     1.000     8.000     0.000     3.000     6.000    13.000    16.000    19.000    50.791     2.862    -0.714     0.174    14.520     1.220    -0.019     0.065
         *    34.000    39.000    34.000    34.000    37.000         *    13.000    14.000    16.000    16.000    16.000     0.000     0.000     0.000   -20.108     1.000    12.000     0.000     3.000     6.000    13.000    16.000    19.000    44.214     2.862    -0.638     0.174    15.631     1.220     0.000     0.065
         *    44.000    45.000    32.000         *    40.000         *    19.000    20.000    21.000         *    19.000     0.000     1.000     0.000   -19.863     2.000     7.000     0.000     3.000     6.000    13.000    16.000    19.000    47.100     2.963    -0.588     0.180    20.037     1.267    -0.023     0.066
         *    41.000    47.000    37.000    31.000    35.000         *    20.000    19.000    20.000    19.000    17.000     0.000     1.000     0.000   -19.922     1.000    13.000     0.000     3.000     6.000    13.000    16.000    19.000    47.008     2.862    -0.683     0.174    19.558     1.220    -0.053     0.065
         *         *    40.000    40.000    44.000    34.000         *         *    21.000    21.000    20.000    22.000     0.000     0.000     0.000   -17.365     1.000     5.000     0.000     3.000     6.000    13.000    16.000    19.000    46.333     3.188    -0.492     0.177    20.802     1.381    -0.030     0.067
         *         *         *    42.000    37.000    37.000         *         *         *    20.000    18.000    15.000     0.000     1.000     0.000   -10.376     1.000     3.000     0.000     3.000     6.000    13.000    16.000    19.000    47.737     3.560    -0.628     0.179    18.087     1.575    -0.047     0.069
    49.000    58.000    48.000    60.000    50.000    42.000    25.000    25.000    26.000    23.000    24.000    23.000     0.000     1.000     0.000   -24.467     0.000     4.000     0.000     3.000     6.000    13.000    16.000    19.000    53.360     2.573    -0.264     0.168    23.811     1.083    -0.035     0.062
    47.000    40.000    44.000    30.000    30.000    35.000    22.000    20.000    25.000    19.000    24.000    22.000     0.000     0.000     1.000   -24.239     3.000     1.000     0.000     3.000     6.000    13.000    16.000    19.000    43.693     2.573    -0.559     0.168    22.115     1.083    -0.025     0.062
         *    60.000    44.000    42.000    40.000    36.000         *    19.000    15.000    22.000    21.000    20.000     0.000     1.000     0.000   -20.433     3.000    -5.000     0.000     3.000     6.000    13.000    16.000    19.000    50.155     2.862    -0.565     0.174    19.481     1.220    -0.001     0.065
         *    50.000    46.000    35.000    32.000    37.000         *    19.000    17.000    20.000    19.000    17.000     0.000     1.000     0.000   -20.377     3.000    -5.000     0.000     3.000     6.000    13.000    16.000    19.000    47.195     2.862    -0.647     0.174    19.081     1.220    -0.039     0.065
         *    46.000    65.000    43.000    37.000    46.000         *    21.000    21.000    20.000    21.000    21.000     0.000     1.000     0.000   -20.299     0.000     6.000     0.000     3.000     6.000    13.000    16.000    19.000    52.197     2.862    -0.455     0.174    20.477     1.220    -0.028     0.065
         *    48.000    42.000    60.000    35.000    39.000         *    20.000    18.000    19.000    20.000    20.000     0.000     1.000     1.000   -20.286     1.000     0.000     0.000     3.000     6.000    13.000    16.000    19.000    49.133     2.862    -0.401     0.174    19.106     1.220     0.006     0.065
         *         *    36.000    41.000    34.000    36.000         *         *    20.000    20.000    17.000    21.000     0.000     0.000     0.000   -19.303     1.000    10.000     0.000     3.000     6.000    13.000    16.000    19.000    45.619     3.188    -0.585     0.177    19.817     1.381    -0.037     0.067
         *         *    52.000    33.000         *    43.000         *         *    21.000    14.000         *    18.000     0.000     0.000     0.000   -19.303     0.000    10.000     0.000     3.000     6.000    13.000    16.000    19.000    50.116     3.344    -0.604     0.182    18.114     1.457    -0.050     0.068
         *         *         *    39.000    42.000    55.000         *         *         *    20.000    22.000    20.000     0.000     1.000     0.000   -11.224     3.000    10.000     0.000     3.000     6.000    13.000    16.000    19.000    52.727     3.560    -0.553     0.179    20.673     1.575     0.010     0.069
         *         *         *    54.000    36.000    47.000         *         *         *    25.000    25.000    22.000     0.000     1.000     0.000   -11.055     3.000    12.000     0.000     3.000     6.000    13.000    16.000    19.000    53.030     3.560    -0.549     0.179    23.361     1.575    -0.002     0.069
    55.000         *         *         *         *         *    14.000         *         *         *         *         *     0.000     1.000     0.000   -27.605     0.000    13.000     0.000     3.000     6.000    13.000    16.000    19.000    55.725     4.199    -0.470     0.228    16.251     1.754     0.028     0.074
         *         *         *    43.000    35.000    39.000         *         *         *    15.000    13.000    12.000     0.000     1.000     0.000   -11.892     0.000     4.000     0.000     3.000     6.000    13.000    16.000    19.000    48.927     3.560    -0.686     0.179    14.501     1.575    -0.048     0.069
         *         *         *    41.000    42.000    50.000         *         *         *    15.000    16.000    17.000     0.000     0.000     0.000   -11.854     2.000    10.000     0.000     3.000     6.000    13.000    16.000    19.000    52.791     3.560    -0.649     0.179    16.926     1.575    -0.005     0.069
         *         *         *    46.000    44.000    36.000         *         *         *    13.000    12.000    18.000     0.000     1.000     0.000   -14.597     0.000     0.000     0.000     3.000     6.000    13.000    16.000    19.000    49.781     3.560    -0.568     0.179    14.876     1.575    -0.022     0.069
         *         *         *    33.000         *    47.000         *         *         *    25.000         *    23.000     0.000     1.000     0.000   -13.633     3.000     8.000     0.000     3.000     6.000    13.000    16.000    19.000    48.325     3.830    -0.520     0.183    23.239     1.711    -0.010     0.069
         *         *    60.000    55.000    36.000         *         *         *    20.000    18.000    20.000         *     0.000     1.000     0.000   -19.333     0.000    16.000     0.000     3.000     6.000    13.000    16.000    19.000    56.196     3.304    -0.583     0.189    19.144     1.434    -0.021     0.069
         *         *    45.000    29.000    33.000    45.000         *         *    16.000    17.000    14.000         *     0.000     1.000     0.000   -19.275     1.000     8.000     0.000     3.000     6.000    13.000    16.000    19.000    47.532     3.204    -0.652     0.180    16.835     1.434    -0.031     0.068
         *         *         *    56.000    39.000    42.000         *         *         *    23.000    17.000    15.000     0.000     1.000     0.000   -12.616     0.000    -4.000     0.000     3.000     6.000    13.000    16.000    19.000    50.472     3.560    -0.444     0.179    18.068     1.575    -0.037     0.069
         *         *         *    42.000    45.000    56.000         *         *         *    18.000    22.000    23.000     0.000     1.000     0.000   -12.560     0.000    -2.000     0.000     3.000     6.000    13.000    16.000    19.000    50.044     3.560    -0.258     0.179    19.447     1.575     0.019     0.069
         *         *         *    40.000    44.000    38.000         *         *         *    22.000    21.000    19.000     0.000     1.000     0.000   -14.828     1.000    10.000     0.000     3.000     6.000    13.000    16.000    19.000    49.515     3.560    -0.558     0.179    20.447     1.575    -0.027     0.069
         *         *         *    42.000    25.000    41.000         *         *         *    23.000    24.000    23.000     0.000     1.000     0.000   -15.194     2.000     8.000     0.000     3.000     6.000    13.000    16.000    19.000    45.832     3.560    -0.557     0.179    22.802     1.575    -0.030     0.069
         *         *         *    38.000    34.000    40.000         *         *         *    19.000    17.000    17.000     0.000     1.000     0.000   -15.299     1.000    10.000     0.000     3.000     6.000    13.000    16.000    19.000    48.249     3.560    -0.659     0.179    18.300     1.575    -0.039     0.069
         *         *         *    51.000    40.000    42.000         *         *         *    23.000    19.000    20.000     0.000     0.000     0.000   -13.798     3.000    13.000     0.000     3.000     6.000    13.000    16.000    19.000    53.268     3.560    -0.654     0.179    21.107     1.575    -0.016     0.069
         *         *         *    35.000         *         *         *         *         *    21.000         *         *     0.000     1.000     0.000   -14.888     2.000    10.000     0.000     3.000     6.000    13.000    16.000    19.000    46.416     4.294    -0.674     0.202    20.655     1.913    -0.041     0.072
         *         *         *    70.000    70.000    69.000         *         *         *    22.000    19.000    22.000     0.000     1.000     0.000   -15.466     2.000    17.000     0.000     3.000     6.000    13.000    16.000    19.000    69.361     3.560    -0.304     0.179    20.035     1.575     0.086     0.069
         *         *         *    41.000    30.000    45.000         *         *         *    14.000    12.000         *     0.000     1.000     1.000   -16.480     0.000     1.000     0.000     3.000     6.000    13.000    16.000    19.000    47.403     3.579    -0.566     0.182    14.289     1.675    -0.017     0.069
         *         *         *    30.000    16.000    29.000         *         *         *         *         *         *     0.000     1.000     0.000   -16.917     2.000     1.000     0.000     3.000     6.000    13.000    16.000    19.000    39.675     3.662    -0.780     0.193    18.442     2.573    -0.079     0.069
         *         *         *    29.000    24.000    37.000         *         *         *    15.000    18.000         *     0.000     1.000     0.000   -16.869     2.000     7.000     0.000     3.000     6.000    13.000    16.000    19.000    43.644     3.579    -0.747     0.182    18.146     1.675    -0.049     0.069
         *         *         *    55.000    54.000    70.000         *         *         *    22.000    20.000    22.000     0.000     1.000     1.000   -18.436     0.000     2.000     0.000     3.000     6.000    13.000    16.000    19.000    58.094     3.560    -0.092     0.179    19.420     1.575     0.072     0.069
         *         *         *    68.000    55.000         *         *         *         *    21.000    20.000    20.000     0.000     1.000     0.000   -18.800     2.000     2.000     0.000     3.000     6.000    13.000    16.000    19.000    60.602     3.770    -0.334     0.184    19.825     1.579     0.036     0.070
         *         *         *    35.000    36.000    43.000         *         *         *    20.000    21.000    22.000     0.000     1.000     1.000   -18.527     1.000    19.000     0.000     3.000     6.000    13.000    16.000    19.000    48.655     3.560    -0.563     0.179    20.575     1.575     0.003     0.069
         *         *         *    57.000    44.000    45.000         *         *         *    22.000    22.000    20.000     0.000     1.000     0.000   -18.645     1.000    22.000     0.000     3.000     6.000    13.000    16.000    19.000    57.110     3.560    -0.562     0.179    21.010     1.575     0.002     0.069
         *         *         *    45.000         *         *         *         *         *    19.000         *         *     0.000     1.000     0.000   -17.059     1.000    18.000     0.000     3.000     6.000    13.000    16.000    19.000    53.191     4.294    -0.630     0.202    19.259     1.913    -0.013     0.072
         *         *         *    42.000    33.000    38.000         *         *         *     8.000    18.000    15.000     0.000     1.000     0.000   -16.867     0.000    11.000     0.000     3.000     6.000    13.000    16.000    19.000    49.309     3.560    -0.704     0.179    14.731     1.575    -0.027     0.069
