     0.700         *         *         *         *         *         *         *         *         *         *         *     0.000     0.000     0.000    17.816     0.000    -8.000     0.000     3.000     6.000    13.000    16.000    19.000     0.909     0.260    -0.053     0.015    27.354    14.910    -2.920     0.492
     1.600         *         *         *         *         *         *         *         *         *         *         *     0.000     0.000     1.000    16.108     0.000    -2.000     0.000     3.000     6.000    13.000    16.000    19.000     1.587     0.260    -0.046     0.015    33.766    14.910    -2.517     0.492
     3.700     3.810     3.990     3.540     2.940         *    44.000    31.000    31.000    25.000         *         *     0.000     1.000     0.000    -8.223     0.000    15.000     0.000     3.000     6.000    13.000    16.000    19.000     3.846     0.152    -0.039     0.012    38.781     5.491    -0.610     0.445
     3.100     2.900     3.100     2.650         *         *    34.000    24.000    24.000    18.000         *         *     0.000     1.000     0.000    -8.223     0.000    17.000     0.000     3.000     6.000    13.000    16.000    19.000     3.171     0.156    -0.042     0.013    31.719     5.492    -0.653     0.446
     2.200     1.900     1.350     1.150         *         *    31.000         *         *         *         *         *     0.000     1.000     0.000    -8.650     0.000    11.000     0.000     3.000     6.000    13.000    16.000    19.000     2.056     0.156    -0.059     0.013    37.901     8.578    -0.841     0.485
     2.400     1.900     1.750         *         *         *    63.000    40.000    47.000         *         *         *     0.000     1.000     0.000    -8.997     0.000     0.000     0.000     3.000     6.000    13.000    16.000    19.000     2.228     0.166    -0.050     0.014    53.498     5.810    -1.135     0.480
     4.000     4.100     4.150     3.540     3.490     2.830    71.000    72.000    52.000    50.000    62.000    48.000     0.000     0.000     0.000   -10.008     0.000     8.000     0.000     3.000     6.000    13.000    16.000    19.000     4.061     0.151    -0.045     0.011    66.488     5.371    -0.780     0.380
     3.400     3.600     3.400     2.520     3.060     2.490    54.000    70.000    67.000    62.000    43.000    76.000     0.000     1.000     0.000   -10.005     0.000     6.000     0.000     3.000     6.000    13.000    16.000    19.000     3.484     0.151    -0.045     0.011    64.898     5.371    -0.357     0.380
         *         *         *         *         *         *    26.000         *         *         *         *         *     0.000     0.000     0.000    12.623     0.000    -7.000     0.000     3.000     6.000    13.000    16.000    19.000     1.739     0.513    -0.048     0.015    29.292     8.618    -2.455     0.498
         *         *         *         *         *         *    22.000         *         *         *         *         *     0.000     1.000     1.000     7.288     0.000     5.000     0.000     3.000     6.000    13.000    16.000    19.000     1.963     0.513    -0.043     0.015    28.132     8.618    -1.660     0.498
         *     1.300     0.800         *         *         *    73.000    51.000    16.000         *         *         *     0.000     0.000     0.000     7.288     2.000    -6.000     0.000     3.000     6.000    13.000    16.000    19.000     1.415     0.200    -0.056     0.014    53.217     5.811    -2.491     0.480
     3.100     2.900         *         *         *         *    46.000         *         *         *         *         *     0.000     0.000     0.000     7.122     0.000     1.000     0.000     3.000     6.000    13.000    16.000    19.000     2.956     0.196    -0.044     0.015    45.937     8.579    -1.814     0.487
     2.000     2.000         *         *         *         *    46.000         *         *         *         *         *     0.000     0.000     1.000     7.221     0.000    -2.000     0.000     3.000     6.000    13.000    16.000    19.000     2.045     0.196    -0.043     0.015    45.061     8.579    -2.012     0.487
     2.900     2.750     2.810         *         *         *    44.000    48.000         *         *         *         *     0.000     0.000     0.000     8.436     3.000     1.000     0.000     3.000     6.000    13.000    16.000    19.000     2.886     0.167    -0.042     0.014    49.994     6.705    -1.710     0.486
     2.100         *         *         *         *         *    59.000         *         *         *         *         *     0.000     0.000     0.000     6.127     3.000     1.000     0.000     3.000     6.000    13.000    16.000    19.000     2.194     0.259    -0.049     0.015    57.405     8.585    -1.811     0.489
     3.200         *         *         *         *         *    48.000         *         *         *         *         *     0.000     0.000     0.000     6.922     3.000     5.000     0.000     3.000     6.000    13.000    16.000    19.000     3.031     0.259    -0.045     0.015    51.156     8.585    -1.549     0.489
     2.900         *         *         *         *         *    47.000         *         *         *         *         *     1.000     0.000     0.000     6.859     3.000     5.000     0.000     3.000     6.000    13.000    16.000    19.000     2.695     0.259    -0.028     0.015    49.097     8.585    -1.725     0.489
     1.600     2.000     1.650         *         *         *    40.000    36.000    30.000         *         *         *     0.000     0.000     0.000     5.583     0.000    -5.000     0.000     3.000     6.000    13.000    16.000    19.000     1.915     0.166    -0.046     0.014    41.563     5.810    -2.056     0.480
     1.900     2.000     1.650         *         *         *    46.000         *    25.000         *         *         *     0.000     0.000     1.000     5.581     0.000     2.000     0.000     3.000     6.000    13.000    16.000    19.000     1.995     0.167    -0.045     0.014    41.851     6.812    -1.910     0.480
     2.100     1.770     1.300         *         *         *    49.000    51.000         *         *         *         *     0.000     1.000     0.000     7.339     1.000     8.000     0.000     3.000     6.000    13.000    16.000    19.000     1.954     0.167    -0.057     0.014    50.468     6.705    -1.702     0.486
         *     1.590         *         *         *         *    37.000    34.000         *         *         *         *     1.000     1.000     1.000     7.339     0.000     2.000     0.000     3.000     6.000    13.000    16.000    19.000     1.627     0.258    -0.027     0.015    38.009     6.707    -1.953     0.488
     3.100     2.900     2.900         *         *         *    58.000    53.000    41.000         *         *         *     0.000     0.000     0.000     5.217     0.000     6.000     0.000     3.000     6.000    13.000    16.000    19.000     3.052     0.166    -0.045     0.014    54.436     5.810    -1.654     0.480
         *     2.500     2.100         *         *         *         *    43.000    44.000         *         *         *     0.000     0.000     0.000     8.511     0.000     6.000     0.000     3.000     6.000    13.000    16.000    19.000     2.519     0.200    -0.051     0.015    49.810     6.980    -1.844     0.488
         *     2.350         *         *         *         *         *    34.000         *         *         *         *     0.000     0.000     1.000     8.511     0.000     8.000     0.000     3.000     6.000    13.000    16.000    19.000     2.411     0.258    -0.044     0.015    40.576     8.723    -1.774     0.491
     2.400     2.600     2.460     1.550     1.310         *    62.000    69.000    55.000    50.000    36.000         *     0.000     1.000     0.000     4.945     1.000    -1.000     0.000     3.000     6.000    13.000    16.000    19.000     2.486     0.152    -0.057     0.012    65.176     5.390    -1.642     0.412
     2.300     2.180     2.140         *         *         *    51.000    74.000    51.000         *         *         *     0.000     1.000     0.000     5.045     2.000    -1.000     0.000     3.000     6.000    13.000    16.000    19.000     2.349     0.166    -0.046     0.014    61.553     5.810    -1.601     0.480
     2.100     2.350     2.570         *         *         *    53.000    43.000    50.000         *         *         *     1.000     1.000     1.000     3.739     1.000     2.000     0.000     3.000     6.000    13.000    16.000    19.000     2.330     0.166    -0.018     0.014    52.263     5.810    -1.559     0.480
     2.000         *         *         *         *         *    22.000         *         *         *         *         *     0.000     1.000     0.000     5.531     0.000    -4.000     0.000     3.000     6.000    13.000    16.000    19.000     1.999     0.259    -0.045     0.015    28.307     8.585    -1.820     0.489
         *         *         *         *         *         *    44.000         *         *         *         *         *     0.000     1.000     1.000     5.531     0.000    -3.000     0.000     3.000     6.000    13.000    16.000    19.000     1.845     0.513    -0.043     0.015    43.310     8.618    -1.840     0.498
     2.400         *         *         *         *         *    77.000         *         *         *         *         *     0.000     1.000     0.000     2.030     2.000     9.000     0.000     3.000     6.000    13.000    16.000    19.000     2.513     0.259    -0.050     0.015    68.995     8.585    -1.338     0.489
     3.600     3.700     3.520         *         *         *    42.000    41.000    41.000         *         *         *     0.000     0.000     0.000     2.930     1.000     6.000     0.000     3.000     6.000    13.000    16.000    19.000     3.614     0.166    -0.038     0.014    46.600     5.810    -1.269     0.480
     3.400     3.150     3.060         *         *         *    38.000    37.000         *         *         *         *     0.000     1.000     0.000     2.930     0.000     8.000     0.000     3.000     6.000    13.000    16.000    19.000     3.254     0.167    -0.042     0.014    41.130     6.705    -1.220     0.486
         *     1.700         *         *         *         *    25.000    26.000         *         *         *         *     0.000     1.000     0.000     2.982     1.000    -2.000     0.000     3.000     6.000    13.000    16.000    19.000     1.926     0.258    -0.047     0.015    31.617     6.707    -1.626     0.488
     2.100     2.120     2.140     1.810         *         *    56.000    51.000         *    16.000         *         *     0.000     1.000     0.000     3.127     0.000    -6.000     0.000     3.000     6.000    13.000    16.000    19.000     2.257     0.156    -0.041     0.013    50.639     6.063    -1.985     0.446
         *     2.620     2.870     2.170         *         *    34.000    37.000     4.000         *         *         *     0.000     0.000     0.000     3.127     0.000     2.000     0.000     3.000     6.000    13.000    16.000    19.000     2.818     0.182    -0.043     0.013    32.825     5.811    -1.729     0.479
     3.000     2.870     2.540         *         *         *    33.000    21.000    26.000         *         *         *     0.000     0.000     0.000     3.597     1.000     1.000     0.000     3.000     6.000    13.000    16.000    19.000     2.875     0.166    -0.043     0.014    34.358     5.810    -1.575     0.480
     2.600         *     2.250         *         *         *    52.000         *         *         *         *         *     0.000     1.000     0.000     2.597     0.000    -4.000     0.000     3.000     6.000    13.000    16.000    19.000     2.509     0.197    -0.044     0.014    49.971     8.582    -1.664     0.487
         *         *         *         *         *         *    56.000         *         *         *         *         *     0.000     1.000     0.000     1.161     0.000    -2.000     0.000     3.000     6.000    13.000    16.000    19.000     2.367     0.513    -0.046     0.015    52.722     8.618    -1.594     0.498
     2.700     2.700         *         *         *         *    85.000    74.000         *         *         *         *     0.000     1.000     0.000     1.919     0.000    10.000     0.000     3.000     6.000    13.000    16.000    19.000     2.792     0.196    -0.050     0.015    74.573     6.705    -1.375     0.487
     2.800     2.750     3.020     2.210     2.090         *    61.000    57.000    69.000    56.000    40.000         *     0.000     0.000     0.000     2.048     0.000     7.000     0.000     3.000     6.000    13.000    16.000    19.000     2.939     0.152    -0.049     0.012    64.913     5.390    -1.312     0.412
     2.200     2.320     1.940         *         *         *    43.000    25.000    24.000         *         *         *     0.000     1.000     0.000     2.303     0.000     1.000     0.000     3.000     6.000    13.000    16.000    19.000     2.294     0.166    -0.046     0.014    36.854     5.810    -1.612     0.480
         *         *         *         *         *         *    38.000         *         *         *         *         *     1.000     0.000     0.000     2.303     0.000    -2.000     0.000     3.000     6.000    13.000    16.000    19.000     1.913     0.513    -0.030     0.015    39.336     8.618    -1.946     0.498
     2.300     2.500         *         *         *         *    36.000         *         *         *         *         *     0.000     0.000     0.000     1.484     0.000    11.000     0.000     3.000     6.000    13.000    16.000    19.000     2.526     0.196    -0.048     0.015    39.739     8.579    -1.381     0.487
     2.200     2.300     2.100     1.320     1.520     1.690    31.000         *    41.000    32.000    19.000         *     0.000     0.000     0.000     1.481     0.000     9.000     0.000     3.000     6.000    13.000    16.000    19.000     2.350     0.151    -0.049     0.011    42.629     6.034    -1.307     0.420
     3.000         *         *         *         *         *    38.000         *         *         *         *         *     0.000     1.000     0.000    -0.223     3.000    13.000     0.000     3.000     6.000    13.000    16.000    19.000     2.985     0.259    -0.045     0.015    45.519     8.585    -0.853     0.489
     2.600         *         *         *         *         *    29.000         *         *         *         *         *     0.000     1.000     0.000    -0.072     3.000    14.000     0.000     3.000     6.000    13.000    16.000    19.000     2.685     0.259    -0.047     0.015    38.935     8.585    -0.874     0.489
     2.000         *         *         *         *         *    37.000         *         *         *         *         *     0.000     0.000     0.000     0.141     0.000     1.000     0.000     3.000     6.000    13.000    16.000    19.000     2.136     0.259    -0.048     0.015    40.372     8.585    -1.613     0.489
         *     1.800     1.700         *         *         *    42.000    39.000    25.000         *         *         *     0.000     0.000     1.000     0.135     0.000    -2.000     0.000     3.000     6.000    13.000    16.000    19.000     1.972     0.200    -0.043     0.014    41.658     5.811    -1.715     0.480
     1.700         *         *         *         *         *    38.000         *         *         *         *         *     0.000     1.000     1.000     1.836     0.000    -6.000     0.000     3.000     6.000    13.000    16.000    19.000     1.739     0.259    -0.041     0.015    40.188     8.585    -1.720     0.489
     2.100         *         *         *         *         *    52.000         *         *         *         *         *     0.000     1.000     1.000     1.836     0.000    -7.000     0.000     3.000     6.000    13.000    16.000    19.000     2.042     0.259    -0.040     0.015    50.076     8.585    -1.723     0.489
     2.100     2.300     2.570         *         *         *    34.000    45.000    39.000         *         *         *     0.000     1.000     0.000     1.156     0.000     1.000     0.000     3.000     6.000    13.000    16.000    19.000     2.447     0.166    -0.040     0.014    43.729     5.810    -1.377     0.480
     2.900     2.920     2.860     2.530     2.870     2.450    45.000    28.000    34.000    25.000         *         *     0.000     1.000     0.000     1.156     0.000     1.000     0.000     3.000     6.000    13.000    16.000    19.000     3.012     0.151    -0.030     0.011    41.133     5.490    -1.316     0.445
     2.500     2.400     2.410     1.590     1.460     1.400    78.000    78.000    62.000    54.000    43.000         *     0.000     1.000     0.000     0.575     3.000     6.000     0.000     3.000     6.000    13.000    16.000    19.000     2.521     0.151    -0.058     0.011    72.922     5.389    -1.475     0.412
     2.600     2.550     2.230     1.600     1.240     1.410    59.000    64.000    52.000    35.000         *         *     0.000     1.000     0.000     0.575     2.000     2.000     0.000     3.000     6.000    13.000    16.000    19.000     2.499     0.151    -0.059     0.011    60.228     5.490    -1.498     0.445
     1.200     0.850     1.020         *         *         *    22.000         *         *         *         *         *     0.000     1.000     0.000    -0.200     0.000     1.000     0.000     3.000     6.000    13.000    16.000    19.000     1.301     0.167    -0.052     0.014    28.448     8.579    -1.584     0.486
     1.500     1.300     1.810         *         *         *    31.000         *    20.000         *         *         *     0.000     0.000     0.000    -0.200     0.000     1.000     0.000     3.000     6.000    13.000    16.000    19.000     1.762     0.167    -0.047     0.014    33.430     6.812    -1.683     0.480
     3.000     2.650         *         *         *         *    64.000    52.000         *         *         *         *     0.000     0.000     1.000     0.964     0.000     7.000     0.000     3.000     6.000    13.000    16.000    19.000     2.837     0.196    -0.043     0.015    58.392     6.705    -1.408     0.487
     3.000     3.150         *         *         *         *    56.000    40.000         *         *         *         *     0.000     0.000     0.000     0.997     0.000     8.000     0.000     3.000     6.000    13.000    16.000    19.000     3.092     0.196    -0.045     0.015    50.205     6.705    -1.382     0.487
     2.500     2.150     1.750         *         *         *    42.000    66.000    36.000    26.000         *         *     0.000     0.000     1.000    -1.358     0.000     0.000     0.000     3.000     6.000    13.000    16.000    19.000     2.272     0.166    -0.046     0.014    51.323     5.495    -1.595     0.446
         *     1.850     1.550         *         *         *    54.000    45.000    62.000         *         *         *     0.000     1.000     0.000    -1.358     0.000    -4.000     0.000     3.000     6.000    13.000    16.000    19.000     1.996     0.200    -0.050     0.014    56.370     5.811    -1.473     0.480
     3.100         *         *         *         *         *    40.000         *         *         *         *         *     0.000     1.000     0.000    -0.183     2.000     2.000     0.000     3.000     6.000    13.000    16.000    19.000     2.957     0.259    -0.042     0.015    45.836     8.585    -1.153     0.489
     2.800     2.800         *         *         *         *    45.000    49.000         *         *         *         *     0.000     0.000     1.000    -0.183     1.000     8.000     0.000     3.000     6.000    13.000    16.000    19.000     2.821     0.196    -0.041     0.015    50.194     6.705    -1.198     0.487
         *     0.570     2.300     0.440         *         *    39.000         *    40.000         *         *         *     0.000     0.000     0.000    -0.339     0.000    -6.000     0.000     3.000     6.000    13.000    16.000    19.000     1.581     0.182    -0.054     0.013    44.758     6.813    -1.825     0.479
         *     1.300     0.860         *         *         *    59.000    58.000    45.000         *         *         *     0.000     0.000     0.000    -0.339     0.000    -3.000     0.000     3.000     6.000    13.000    16.000    19.000     1.504     0.200    -0.057     0.014    57.591     5.811    -1.888     0.480
         *     1.500     1.510         *         *         *    44.000    43.000    38.000         *         *         *     0.000     1.000     0.000    -0.460     0.000     1.000     0.000     3.000     6.000    13.000    16.000    19.000     1.843     0.200    -0.051     0.014    45.976     5.811    -1.512     0.480
     1.500         *         *         *         *         *    38.000         *         *         *         *         *     0.000     1.000     0.000    -0.447     1.000    -2.000     0.000     3.000     6.000    13.000    16.000    19.000     1.723     0.259    -0.048     0.015    41.317     8.585    -1.538     0.489
     1.000     1.000     0.900         *         *         *    31.000    42.000    44.000         *         *         *     1.000     0.000     1.000    -1.575     0.000    11.000     0.000     3.000     6.000    13.000    16.000    19.000     1.195     0.166    -0.035     0.014    43.111     5.810    -1.448     0.480
         *         *     2.810     1.170     1.900     1.680    55.000    53.000    47.000    52.000    39.000         *     0.000     0.000     0.000    -0.167     0.000    -2.000     0.000     3.000     6.000    13.000    16.000    19.000     2.593     0.203    -0.052     0.012    58.504     5.390    -1.344     0.412
     2.900     3.200     3.580     3.230     2.930         *    32.000    25.000    36.000    31.000    40.000         *     0.000     0.000     0.000    -1.277     2.000    16.000     0.000     3.000     6.000    13.000    16.000    19.000     3.392     0.152    -0.031     0.012    38.897     5.390    -0.547     0.412
     2.300         *     2.700         *         *         *    16.000         *         *         *         *         *     0.000     1.000     0.000    -0.011     0.000    -2.000     0.000     3.000     6.000    13.000    16.000    19.000     2.562     0.197    -0.036     0.014    26.607     8.582    -1.344     0.487
     1.900     1.600     1.700         *         *         *    42.000    24.000         *         *         *         *     0.000     1.000     1.000    -0.783     0.000    -4.000     0.000     3.000     6.000    13.000    16.000    19.000     1.869     0.167    -0.041     0.014    37.766     6.705    -1.560     0.486
     3.400     3.030     3.060     2.380         *         *    39.000    37.000    33.000         *         *         *     0.000     1.000     0.000    -0.247     0.000    -5.000     0.000     3.000     6.000    13.000    16.000    19.000     3.122     0.156    -0.042     0.013    42.070     5.810    -1.387     0.479
     3.000     3.100     3.090     2.600     2.650     1.940    47.000    73.000    77.000    78.000    18.000         *     0.000     1.000     0.000    -1.146     1.000     4.000     0.000     3.000     6.000    13.000    16.000    19.000     3.138     0.151    -0.045     0.011    66.345     5.389    -1.170     0.412
     2.800         *         *         *         *         *    81.000         *         *         *         *         *     0.000     1.000     0.000    -0.895     2.000     8.000     0.000     3.000     6.000    13.000    16.000    19.000     2.834     0.259    -0.048     0.015    73.010     8.585    -1.156     0.489
     1.300         *     1.390         *         *         *    50.000    46.000    36.000         *         *         *     0.000     1.000     0.000    -0.881     1.000     2.000     0.000     3.000     6.000    13.000    16.000    19.000     1.652     0.197    -0.050     0.014    48.415     5.810    -1.512     0.481
         *     2.900     2.900     2.260         *         *    42.000    55.000    21.000         *         *         *     0.000     0.000     0.000    -2.070     0.000     5.000     0.000     3.000     6.000    13.000    16.000    19.000     2.994     0.182    -0.046     0.013    44.838     5.811    -1.360     0.479
     3.100     3.050     2.600     2.470     2.760         *    35.000    50.000    39.000    25.000         *         *     0.000     1.000     0.000    -2.070     0.000    -3.000     0.000     3.000     6.000    13.000    16.000    19.000     3.017     0.152    -0.034     0.012    45.066     5.491    -1.268     0.445
         *     2.650     2.000     2.140         *         *    78.000    48.000    51.000         *     6.000         *     0.000     0.000     0.000    -0.262     1.000     7.000     0.000     3.000     6.000    13.000    16.000    19.000     2.636     0.182    -0.049     0.013    58.143     5.573    -2.018     0.426
     2.600     2.450     2.330     1.610         *         *    60.000    57.000    60.000     7.000         *         *     0.000     1.000     0.000    -0.914     0.000     1.000     0.000     3.000     6.000    13.000    16.000    19.000     2.526     0.156    -0.052     0.013    55.603     5.492    -1.851     0.446
     2.600     2.800     2.650         *         *         *    40.000    43.000    35.000         *         *         *     0.000     1.000     0.000    -1.359     2.000     5.000     0.000     3.000     6.000    13.000    16.000    19.000     2.795     0.166    -0.041     0.014    44.677     5.810    -1.085     0.480
     2.900     2.850     2.670     2.250         *         *    56.000    66.000    54.000    60.000         *         *     0.000     0.000     0.000    -0.556     0.000     3.000     0.000     3.000     6.000    13.000    16.000    19.000     2.918     0.156    -0.047     0.013    63.705     5.492    -1.162     0.446
     2.300         *     1.760         *         *         *    64.000    35.000    32.000         *         *         *     0.000     0.000     0.000    -0.822     0.000     0.000     0.000     3.000     6.000    13.000    16.000    19.000     2.231     0.197    -0.051     0.014    48.987     5.810    -1.750     0.481
         *         *         *         *         *         *    65.000         *         *         *         *         *     0.000     1.000     0.000    -0.822     0.000     1.000     0.000     3.000     6.000    13.000    16.000    19.000     2.585     0.513    -0.046     0.015    59.536     8.618    -1.415     0.498
     1.900         *         *         *         *         *   109.000         *         *         *         *         *     0.000     1.000     0.000    -1.150     3.000    -2.000     0.000     3.000     6.000    13.000    16.000    19.000     2.111     0.259    -0.051     0.015    92.105     8.585    -1.550     0.489
     3.800         *         *         *         *         *    47.000         *         *         *         *         *     0.000     0.000     0.000    -1.536     0.000    16.000     0.000     3.000     6.000    13.000    16.000    19.000     3.637     0.259    -0.045     0.015    49.602     8.585    -0.924     0.489
     2.400     2.080     2.410     1.950     2.050     1.850    37.000    44.000    41.000    30.000         *         *     0.000     1.000     0.000    -1.538     0.000     0.000     0.000     3.000     6.000    13.000    16.000    19.000     2.476     0.151    -0.037     0.011    45.134     5.490    -1.241     0.445
     1.300         *         *         *         *         *    24.000         *         *         *         *         *     0.000     0.000     1.000    -2.167     0.000     6.000     0.000     3.000     6.000    13.000    16.000    19.000     1.598     0.259    -0.046     0.015    31.857     8.585    -1.398     0.489
     2.500     2.820     2.860     2.310     2.260         *    35.000    39.000    44.000    14.000    16.000         *     0.000     0.000     1.000    -2.167     0.000    -2.000     0.000     3.000     6.000    13.000    16.000    19.000     2.759     0.152    -0.032     0.012    42.282     5.390    -1.510     0.412
     1.700     1.570     1.520         *         *         *    50.000    43.000    45.000         *         *         *     0.000     1.000     0.000    -2.481     0.000    -8.000     0.000     3.000     6.000    13.000    16.000    19.000     1.792     0.166    -0.047     0.014    50.207     5.810    -1.608     0.480
     1.900     2.020     2.150     1.900     1.510         *    76.000    91.000    85.000    49.000    36.000         *     0.000     1.000     1.000    -2.505     0.000    12.000     0.000     3.000     6.000    13.000    16.000    19.000     2.264     0.152    -0.044     0.012    76.647     5.390    -1.563     0.412
     2.400         *     2.570     1.680         *         *    50.000         *    28.000         *         *         *     0.000     1.000     0.000    -2.505     0.000     9.000     0.000     3.000     6.000    13.000    16.000    19.000     2.560     0.177    -0.050     0.013    44.030     6.813    -1.211     0.479
     3.000     3.000     3.090     2.490     2.870     2.180    89.000    70.000    94.000    78.000    81.000    64.000     0.000     0.000     0.000    -3.381     1.000     5.000     0.000     3.000     6.000    13.000    16.000    19.000     3.179     0.151    -0.043     0.011    85.479     5.371    -0.900     0.380
         *         *     2.190         *         *         *    31.000         *    13.000         *         *         *     0.000     0.000     0.000    -1.962     0.000     3.000     0.000     3.000     6.000    13.000    16.000    19.000     2.495     0.261    -0.046     0.015    31.305     6.815    -1.459     0.481
     2.700         *     2.600         *         *         *    75.000         *    88.000         *         *         *     0.000     0.000     0.000    -1.464     0.000    -1.000     0.000     3.000     6.000    13.000    16.000    19.000     2.790     0.197    -0.046     0.014    78.707     6.813    -1.391     0.481
     1.700     1.580         *         *         *         *    31.000    49.000         *         *         *         *     0.000     1.000     1.000    -2.745     0.000     1.000     0.000     3.000     6.000    13.000    16.000    19.000     1.791     0.196    -0.044     0.015    43.065     6.705    -1.281     0.487
     0.900         *         *         *         *         *    49.000    41.000    32.000         *         *         *     0.000     1.000     0.000    -2.745     0.000     7.000     0.000     3.000     6.000    13.000    16.000    19.000     1.375     0.259    -0.054     0.015    44.792     5.811    -1.439     0.482
     1.700     2.000     1.250     1.350         *         *    46.000    36.000    40.000    32.000         *         *     0.000     0.000     0.000    -4.216     0.000    -5.000     0.000     3.000     6.000    13.000    16.000    19.000     1.893     0.156    -0.048     0.013    47.048     5.492    -1.499     0.446
     2.500     2.650     2.490         *         *         *    44.000    51.000    42.000         *         *         *     0.000     0.000     1.000    -4.213     0.000    -7.000     0.000     3.000     6.000    13.000    16.000    19.000     2.605     0.166    -0.034     0.014    50.611     5.810    -1.400     0.480
     2.400     2.500     2.650         *         *         *    30.000    47.000    34.000         *         *         *     0.000     1.000     0.000    -4.467     0.000     1.000     0.000     3.000     6.000    13.000    16.000    19.000     2.636     0.166    -0.040     0.014    41.795     5.810    -1.082     0.480
     2.400     1.900     2.100         *     2.080     1.440    54.000         *    52.000    19.000    33.000         *     0.000     1.000     0.000    -3.750     0.000    -4.000     0.000     3.000     6.000    13.000    16.000    19.000     2.341     0.156    -0.040     0.011    52.202     6.034    -1.492     0.420
         *     2.050     1.520         *         *         *    43.000    43.000    36.000         *         *         *     0.000     1.000     0.000    -2.839     0.000     0.000     0.000     3.000     6.000    13.000    16.000    19.000     2.083     0.200    -0.050     0.014    45.271     5.811    -1.381     0.480
     3.000     3.000     2.760         *         *         *    48.000    30.000    27.000         *         *         *     0.000     1.000     0.000    -2.842     0.000     9.000     0.000     3.000     6.000    13.000    16.000    19.000     3.024     0.166    -0.044     0.014    40.227     5.810    -1.078     0.480
     3.000         *         *         *     2.680     2.120    54.000         *         *         *    43.000         *     1.000     1.000     0.000    -4.333     2.000     8.000     0.000     3.000     6.000    13.000    16.000    19.000     2.888     0.198    -0.028     0.011    56.244     7.328    -0.943     0.430
         *     2.800     2.800         *         *         *    57.000    60.000    37.000         *         *         *     0.000     0.000     0.000    -5.003     1.000    10.000     0.000     3.000     6.000    13.000    16.000    19.000     3.023     0.200    -0.046     0.014    55.224     5.811    -1.075     0.480
         *     2.650     2.700     2.380         *         *         *    31.000         *    39.000         *         *     0.000     1.000     0.000     0.800     1.000    -5.000     0.000     3.000     6.000    13.000    16.000    19.000     2.794     0.182    -0.037     0.013    46.413     7.432    -1.265     0.462
         *         *         *         *     2.190     2.030    47.000         *         *         *    40.000    32.000     0.000     0.000     0.000    -4.027     0.000    -4.000     0.000     3.000     6.000    13.000    16.000    19.000     2.791     0.262    -0.040     0.013    53.395     7.022    -1.184     0.398
     3.000     2.800     2.830         *     2.630     2.810    51.000    51.000    40.000         *         *         *     0.000     1.000     0.000    -3.777     0.000     0.000     0.000     3.000     6.000    13.000    16.000    19.000     3.035     0.156    -0.028     0.011    50.932     5.808    -1.130     0.478
     2.000     1.950     2.830         *         *         *    51.000    47.000    49.000         *         *         *     0.000     1.000     0.000    -3.844     3.000     7.000     0.000     3.000     6.000    13.000    16.000    19.000     2.439     0.166    -0.040     0.014    53.044     5.810    -0.938     0.480
     2.200     2.200     2.110     1.790         *         *    56.000    47.000    63.000    43.000         *         *     0.000     1.000     1.000    -4.372     1.000    11.000     0.000     3.000     6.000    13.000    16.000    19.000     2.354     0.156    -0.044     0.013    56.908     5.492    -0.894     0.446
     3.200         *         *         *         *         *    48.000         *         *         *         *         *     0.000     1.000     0.000    -5.220     2.000     8.000     0.000     3.000     6.000    13.000    16.000    19.000     3.141     0.259    -0.043     0.015    52.645     8.585    -0.762     0.489
     2.500     2.370         *         *         *         *    54.000    54.000         *         *         *         *     0.000     0.000     0.000    -3.258     0.000   -10.000     0.000     3.000     6.000    13.000    16.000    19.000     2.479     0.196    -0.043     0.015    55.664     6.705    -1.646     0.487
     2.200         *         *         *         *         *    76.000         *         *         *         *         *     0.000     1.000     0.000    -3.872     0.000     0.000     0.000     3.000     6.000    13.000    16.000    19.000     2.327     0.259    -0.048     0.015    67.275     8.585    -1.376     0.489
     2.700     2.650     2.850         *         *         *    83.000    90.000    74.000         *         *         *     0.000     0.000     0.000    -5.556     3.000     0.000     0.000     3.000     6.000    13.000    16.000    19.000     2.879     0.166    -0.043     0.014    83.076     5.810    -1.161     0.480
     2.300     2.550     2.000         *         *         *    59.000    68.000    63.000         *         *         *     0.000     0.000     0.000    -5.556     0.000     5.000     0.000     3.000     6.000    13.000    16.000    19.000     2.496     0.166    -0.050     0.014    64.855     5.810    -1.174     0.480
     3.400     2.600     2.650     2.390     1.560         *    95.000    58.000    50.000    39.000    37.000         *     0.000     1.000     1.000    -5.892     0.000     4.000     0.000     3.000     6.000    13.000    16.000    19.000     2.895     0.152    -0.054     0.012    66.731     5.390    -1.532     0.412
     2.800         *         *         *         *         *    61.000         *         *         *         *         *     0.000     0.000     0.000    -5.908     0.000    -1.000     0.000     3.000     6.000    13.000    16.000    19.000     2.795     0.259    -0.044     0.015    59.165     8.585    -1.290     0.489
     2.300     2.470     2.230     1.900         *         *    36.000    58.000    57.000    28.000         *         *     0.000     1.000     0.000    -4.172     1.000     2.000     0.000     3.000     6.000    13.000    16.000    19.000     2.489     0.156    -0.045     0.013    51.462     5.492    -1.152     0.446
     1.900     2.250     2.270         *         *         *    66.000    64.000    57.000         *         *         *     0.000     1.000     0.000    -4.172     0.000     1.000     0.000     3.000     6.000    13.000    16.000    19.000     2.322     0.166    -0.044     0.014    63.765     5.810    -1.278     0.480
     3.700     3.250         *     3.170     2.650         *    66.000    48.000         *    44.000    21.000         *     0.000     1.000     0.000    -3.470     2.000     7.000     0.000     3.000     6.000    13.000    16.000    19.000     3.466     0.165    -0.041     0.012    55.626     5.853    -1.228     0.413
     3.800     3.350     3.200     3.250     3.130     2.950    48.000    53.000    43.000    51.000    44.000    33.000     0.000     0.000     0.000    -6.056     2.000     1.000     0.000     3.000     6.000    13.000    16.000    19.000     3.558     0.151    -0.033     0.011    54.501     5.371    -0.864     0.380
     2.700         *         *         *         *         *    44.000         *         *         *         *         *     0.000     1.000     0.000    -4.866     0.000     0.000     0.000     3.000     6.000    13.000    16.000    19.000     2.677     0.259    -0.043     0.015    46.772     8.585    -1.143     0.489
     2.100         *         *         *         *         *    69.000         *         *         *         *         *     0.000     0.000     0.000    -4.866     0.000     0.000     0.000     3.000     6.000    13.000    16.000    19.000     2.281     0.259    -0.049     0.015    63.328     8.585    -1.460     0.489
     2.400     2.060     1.890         *         *         *    19.000         *         *         *         *         *     0.000     1.000     0.000    -4.430     0.000     1.000     0.000     3.000     6.000    13.000    16.000    19.000     2.282     0.167    -0.046     0.014    29.277     8.579    -1.152     0.486
     3.300     3.330     2.650         *         *         *    82.000    75.000    59.000         *         *         *     0.000     1.000     0.000    -3.928     3.000     3.000     0.000     3.000     6.000    13.000    16.000    19.000     3.191     0.166    -0.045     0.014    73.866     5.810    -1.053     0.480
     2.900     3.100     2.820         *         *         *    84.000    49.000    53.000         *         *         *     0.000     0.000     0.000    -4.833     0.000    -9.000     0.000     3.000     6.000    13.000    16.000    19.000     2.999     0.166    -0.039     0.014    65.344     5.810    -1.600     0.480
         *         *     2.730     1.890     1.270     1.590    61.000    54.000    57.000         *         *         *     0.000     1.000     0.000    -4.833     0.000    -7.000     0.000     3.000     6.000    13.000    16.000    19.000     2.563     0.204    -0.052     0.012    60.181     5.810    -1.364     0.478
     2.800     2.550         *         *         *         *    30.000    38.000         *         *         *         *     0.000     1.000     0.000    -4.736     0.000    -3.000     0.000     3.000     6.000    13.000    16.000    19.000     2.696     0.196    -0.041     0.015    39.083     6.705    -1.154     0.487
     2.800     2.550     2.740         *         *         *    47.000    69.000    42.000         *         *         *     0.000     1.000     0.000    -4.736     0.000    -4.000     0.000     3.000     6.000    13.000    16.000    19.000     2.789     0.166    -0.040     0.014    55.837     5.810    -1.225     0.480
     2.300     2.450     2.600         *         *         *    91.000    83.000    86.000         *         *         *     0.000     1.000     1.000    -5.777     1.000     2.000     0.000     3.000     6.000    13.000    16.000    19.000     2.584     0.166    -0.039     0.014    85.133     5.810    -1.034     0.480
     3.000     2.800     2.430     1.290         *         *    59.000    26.000         *         *         *         *     0.000     1.000     0.000    -5.683     0.000     6.000     0.000     3.000     6.000    13.000    16.000    19.000     2.720     0.156    -0.062     0.013    46.235     6.705    -1.119     0.485
     3.200     3.100     3.150     2.870     2.680     1.870    79.000    70.000    69.000    55.000    84.000         *     0.000     1.000     0.000    -4.358     0.000     6.000     0.000     3.000     6.000    13.000    16.000    19.000     3.260     0.151    -0.049     0.011    74.487     5.389    -0.694     0.412
     3.500     3.400     3.450     3.230     3.230         *    39.000    52.000    35.000    23.000    22.000         *     0.000     1.000     0.000    -6.656     0.000     7.000     0.000     3.000     6.000    13.000    16.000    19.000     3.549     0.152    -0.031     0.012    43.275     5.390    -1.002     0.412
     2.500         *         *         *         *         *    42.000         *         *         *         *         *     0.000     1.000     0.000    -5.473     3.000    10.000     0.000     3.000     6.000    13.000    16.000    19.000     2.639     0.259    -0.046     0.015    49.076     8.585    -0.741     0.489
         *     2.400     2.440         *         *         *    59.000    67.000    47.000         *         *         *     0.000     1.000     0.000    -5.761     0.000     2.000     0.000     3.000     6.000    13.000    16.000    19.000     2.649     0.200    -0.046     0.014    59.896     5.811    -1.138     0.480
     1.800     1.880     1.730         *         *         *         *    23.000    27.000         *         *         *     0.000     1.000     0.000    -5.761     0.000    12.000     0.000     3.000     6.000    13.000    16.000    19.000     2.058     0.166    -0.050     0.014    33.251     6.977    -0.972     0.488
     2.500     2.350     2.300     1.710         *         *    55.000    61.000    89.000    51.000         *         *     0.000     0.000     0.000    -6.973     2.000     8.000     0.000     3.000     6.000    13.000    16.000    19.000     2.566     0.156    -0.053     0.013    68.087     5.492    -0.883     0.446
     3.100     3.100     2.600     2.530     1.270     1.450    68.000    78.000    63.000    51.000         *    54.000     0.000     0.000     1.000    -7.570     3.000     2.000     0.000     3.000     6.000    13.000    16.000    19.000     2.910     0.151    -0.062     0.011    71.509     5.437    -1.049     0.394
     3.700         *     3.520     3.520         *     3.500    66.000    35.000    50.000    27.000    48.000         *     0.000     1.000     0.000    -4.978     0.000     4.000     0.000     3.000     6.000    13.000    16.000    19.000     3.720     0.172    -0.025     0.012    52.458     5.390    -0.904     0.412
     3.600     3.450     3.550     3.250     3.200     3.160    32.000    44.000    40.000    44.000    34.000    29.000     0.000     1.000     0.000    -4.978     0.000     2.000     0.000     3.000     6.000    13.000    16.000    19.000     3.590     0.151    -0.028     0.011    44.677     5.371    -0.700     0.380
         *     3.150     2.850     2.160     1.600         *         *    35.000    28.000         *         *         *     0.000     0.000     0.000    -3.816     0.000     3.000     0.000     3.000     6.000    13.000    16.000    19.000     2.949     0.177    -0.056     0.012    41.005     6.978    -1.307     0.486
         *     2.900     3.100     3.250     1.380     0.920    43.000    44.000    46.000    46.000    35.000    40.000     0.000     0.000     0.000    -6.917     1.000     3.000     0.000     3.000     6.000    13.000    16.000    19.000     3.048     0.175    -0.066     0.012    51.250     5.371    -0.837     0.380
     3.400     3.050     3.300     2.220     2.260         *    48.000         *    47.000    35.000    22.000    35.000     0.000     0.000     0.000    -6.917     1.000     2.000     0.000     3.000     6.000    13.000    16.000    19.000     3.207     0.152    -0.051     0.012    50.932     5.994    -1.135     0.391
     2.800     2.200     2.330     1.620     1.090     0.770    57.000    52.000    45.000    47.000    50.000         *     0.000     1.000     0.000    -6.092     0.000    -2.000     0.000     3.000     6.000    13.000    16.000    19.000     2.455     0.151    -0.068     0.011    57.505     5.389    -1.015     0.412
     2.100     1.500     1.400     1.140         *         *    44.000    43.000    39.000    19.000         *         *     0.000     1.000     0.000    -6.092     0.000    -3.000     0.000     3.000     6.000    13.000    16.000    19.000     1.874     0.156    -0.052     0.013    45.043     5.492    -1.468     0.446
     1.500     0.850     0.700     0.790     0.460         *    33.000    23.000         *    32.000         *         *     0.000     1.000     1.000    -6.716     0.000    -7.000     0.000     3.000     6.000    13.000    16.000    19.000     1.272     0.152    -0.047     0.012    37.515     6.062    -1.199     0.446
     1.800         *     1.650     0.990     0.950     1.110    40.000    48.000    26.000    22.000    15.000         *     0.000     1.000     0.000    -6.716     1.000    -2.000     0.000     3.000     6.000    13.000    16.000    19.000     1.886     0.168    -0.050     0.011    42.365     5.389    -1.428     0.412
         *     3.400     3.540         *         *         *    37.000         *         *         *         *         *     0.000     1.000     1.000    -7.611     1.000     2.000     0.000     3.000     6.000    13.000    16.000    19.000     3.441     0.200    -0.029     0.015    45.912     8.581    -0.641     0.487
     1.500     1.350     1.050     0.990         *         *    81.000    71.000    71.000         *         *         *     0.000     0.000     0.000    -8.361     0.000     8.000     0.000     3.000     6.000    13.000    16.000    19.000     1.681     0.156    -0.059     0.013    74.251     5.810    -1.251     0.479
     2.400     2.500     1.850         *         *         *    61.000    67.000    63.000         *         *         *     0.000     0.000     0.000    -8.138     1.000    -6.000     0.000     3.000     6.000    13.000    16.000    19.000     2.429     0.166    -0.047     0.014    66.332     5.810    -1.261     0.480
     2.000     2.300         *         *         *         *    51.000    55.000         *         *         *         *     0.000     0.000     1.000    -7.810     0.000    -3.000     0.000     3.000     6.000    13.000    16.000    19.000     2.251     0.196    -0.039     0.015    55.080     6.705    -1.239     0.487
     1.800     2.300     2.330     2.080         *         *    76.000    69.000    56.000    35.000         *         *     0.000     0.000     0.000    -7.325     1.000     2.000     0.000     3.000     6.000    13.000    16.000    19.000     2.396     0.156    -0.040     0.013    66.254     5.492    -1.496     0.446
     2.900     3.050     2.700     1.770     2.190     1.620    47.000    41.000    40.000    36.000    23.000         *     0.000     1.000     0.000    -8.939     0.000     0.000     0.000     3.000     6.000    13.000    16.000    19.000     2.867     0.151    -0.054     0.011    46.724     5.389    -1.075     0.412
     3.000         *     2.900     2.500     1.550         *    58.000    51.000    39.000    42.000    32.000         *     0.000     1.000     0.000    -8.908     0.000     2.000     0.000     3.000     6.000    13.000    16.000    19.000     2.930     0.170    -0.052     0.012    52.899     5.390    -1.045     0.412
     2.000     1.400     1.590     0.590     0.750         *    71.000    70.000    96.000    78.000    92.000         *     0.000     1.000     0.000    -7.710     2.000    18.000     0.000     3.000     6.000    13.000    16.000    19.000     1.924     0.152    -0.071     0.012    80.538     5.390    -0.213     0.412
     2.600     2.500     2.550     2.460         *     1.960    58.000    41.000    44.000    45.000         *         *     0.000     1.000     0.000    -7.209     0.000    -9.000     0.000     3.000     6.000    13.000    16.000    19.000     2.687     0.154    -0.035     0.011    53.349     5.490    -1.141     0.445
     2.000     1.880     1.990     1.610         *         *         *         *         *         *         *         *     0.000     0.000     0.000    -6.906     0.000     2.000     0.000     3.000     6.000    13.000    16.000    19.000     2.189     0.156    -0.047     0.013    52.484    14.885    -1.276     0.489
     2.200     2.180     2.410     1.760     1.710     1.320         *    64.000    85.000    87.000    56.000    33.000     0.000     0.000     0.000    -6.906     0.000    -4.000     0.000     3.000     6.000    13.000    16.000    19.000     2.423     0.151    -0.049     0.011    78.494     6.251    -1.396     0.407
     3.000     2.610     2.890         *         *         *    56.000    48.000    31.000         *         *         *     0.000     1.000     0.000    -7.500     0.000    -2.000     0.000     3.000     6.000    13.000    16.000    19.000     2.919     0.166    -0.040     0.014    49.542     5.810    -1.142     0.480
     3.400     2.980     3.230     2.620     2.790     2.390    91.000    81.000    94.000    59.000         *    45.000     0.000     0.000     0.000    -7.563     0.000    -5.000     0.000     3.000     6.000    13.000    16.000    19.000     3.272     0.151    -0.042     0.011    84.587     5.437    -1.579     0.394
         *         *     2.870     2.630     2.560     2.600         *         *    54.000    29.000    48.000    49.000     0.000     1.000     0.000    -0.861     2.000    -4.000     0.000     3.000     6.000    13.000    16.000    19.000     3.057     0.204    -0.032     0.012    59.442     7.304    -1.089     0.431
         *         *     2.980     2.260     1.820     3.050         *         *    43.000    28.000     7.000         *     0.000     1.000     0.000    -0.828     3.000    -2.000     0.000     3.000     6.000    13.000    16.000    19.000     2.926     0.204    -0.033     0.012    46.716     7.381    -1.531     0.452
     4.400     4.550     4.490     4.040     4.290         *   109.000   102.000   100.000    90.000    79.000         *     0.000     0.000     0.000    -7.908     1.000    19.000     0.000     3.000     6.000    13.000    16.000    19.000     4.566     0.152    -0.035     0.012    97.892     5.390    -0.645     0.412
     3.700     3.900     4.010     3.510     3.250         *    87.000    81.000    89.000    62.000    72.000         *     0.000     0.000     0.000    -7.895     3.000    12.000     0.000     3.000     6.000    13.000    16.000    19.000     3.939     0.152    -0.039     0.012    82.816     5.390    -0.731     0.412
     1.700     1.390     1.680     1.040         *         *    36.000    25.000         *    17.000         *         *     1.000     1.000     1.000    -7.145     1.000    12.000     0.000     3.000     6.000    13.000    16.000    19.000     1.685     0.156    -0.033     0.013    34.735     6.063    -1.077     0.446
     2.700     3.250     3.440     3.150     2.910     2.790    61.000    44.000         *    41.000    32.000         *     0.000     0.000     0.000    -6.911     1.000     6.000     0.000     3.000     6.000    13.000    16.000    19.000     3.292     0.151    -0.028     0.011    53.850     5.851    -1.049     0.413
         *     3.530     3.200     1.960         *         *    97.000    78.000    95.000    52.000         *         *     0.000     1.000     0.000    -7.683     0.000     6.000     0.000     3.000     6.000    13.000    16.000    19.000     3.292     0.182    -0.058     0.013    84.013     5.493    -1.190     0.446
     3.300     3.120     3.230     2.780     2.230     2.130    65.000    73.000    70.000    60.000    73.000    58.000     0.000     1.000     0.000    -8.208     1.000    -4.000     0.000     3.000     6.000    13.000    16.000    19.000     3.227     0.151    -0.048     0.011    72.208     5.371    -0.695     0.380
     3.400         *     2.740         *         *         *    63.000    68.000    75.000         *         *         *     0.000     1.000     0.000    -7.419     1.000     0.000     0.000     3.000     6.000    13.000    16.000    19.000     3.154     0.197    -0.044     0.014    69.595     5.810    -0.826     0.481
     2.900     2.750         *         *         *         *    53.000    63.000         *         *         *         *     0.000     1.000     0.000    -9.153     0.000    -1.000     0.000     3.000     6.000    13.000    16.000    19.000     2.877     0.196    -0.042     0.015    58.828     6.705    -0.915     0.487
         *     2.350     2.500         *     1.060     1.770    61.000    56.000    87.000         *    64.000    37.000     0.000     1.000     0.000    -9.156     0.000     3.000     0.000     3.000     6.000    13.000    16.000    19.000     2.561     0.182    -0.055     0.012    67.894     5.512    -0.924     0.384
     1.200     1.100         *         *         *         *    45.000    54.000         *         *         *         *     0.000     1.000     0.000    -8.202     0.000    -2.000     0.000     3.000     6.000    13.000    16.000    19.000     1.441     0.196    -0.051     0.015    50.890     6.705    -1.271     0.487
     3.100     3.300     3.490     2.890     2.630     2.510    39.000    43.000    41.000    40.000    32.000    45.000     0.000     1.000     0.000   -10.234     0.000    11.000     0.000     3.000     6.000    13.000    16.000    19.000     3.367     0.151    -0.041     0.011    44.957     5.371    -0.401     0.380
     3.000     3.100     3.310     2.830     2.440     2.420    68.000    53.000    52.000    32.000    40.000    51.000     0.000     1.000     0.000   -10.126     0.000    10.000     0.000     3.000     6.000    13.000    16.000    19.000     3.245     0.151    -0.042     0.011    57.025     5.371    -0.790     0.380
     3.100     2.900     2.700     2.680     1.800     2.080    31.000    52.000    59.000    40.000    30.000    32.000     0.000     1.000     0.000   -11.108     0.000     4.000     0.000     3.000     6.000    13.000    16.000    19.000     3.000     0.151    -0.049     0.011    48.774     5.371    -0.758     0.380
     3.400     3.800     3.780     3.080     2.410         *    37.000    48.000    46.000    37.000    41.000    46.000     0.000     1.000     0.000   -10.317     0.000     2.000     0.000     3.000     6.000    13.000    16.000    19.000     3.581     0.152    -0.044     0.012    48.005     5.372    -0.465     0.380
         *     1.750     2.280         *         *         *    67.000    72.000    57.000         *         *         *     1.000     1.000     0.000   -10.169     0.000     4.000     0.000     3.000     6.000    13.000    16.000    19.000     2.220     0.200    -0.030     0.014    66.079     5.811    -1.075     0.480
     2.600         *     2.300     1.540     1.730         *    56.000    64.000    56.000    47.000    38.000         *     0.000     1.000     0.000   -11.281     2.000     2.000     0.000     3.000     6.000    13.000    16.000    19.000     2.535     0.170    -0.052     0.012    60.012     5.390    -0.950     0.412
     4.000     4.000     3.990         *         *         *    47.000    25.000    27.000         *         *         *     0.000     1.000     0.000   -10.214     2.000    18.000     0.000     3.000     6.000    13.000    16.000    19.000     4.031     0.166    -0.036     0.014    38.915     5.810    -0.238     0.480
     3.200     3.350     2.760         *         *         *    36.000    42.000    26.000         *         *         *     0.000     1.000     0.000   -10.214     3.000    15.000     0.000     3.000     6.000    13.000    16.000    19.000     3.241     0.166    -0.044     0.014    40.706     5.810    -0.363     0.480
     2.700         *         *         *         *         *    68.000         *         *         *         *         *     0.000     1.000     0.000   -11.850     0.000     4.000     0.000     3.000     6.000    13.000    16.000    19.000     2.803     0.259    -0.045     0.015    64.734     8.585    -0.763     0.489
         *         *         *         *         *         *    59.000         *         *         *         *         *     0.000     1.000     0.000   -11.850     0.000     1.000     0.000     3.000     6.000    13.000    16.000    19.000     2.963     0.513    -0.042     0.015    59.085     8.618    -0.761     0.498
     3.900     3.500     3.420     3.250     3.380     3.240    54.000    81.000    75.000    82.000    90.000    65.000     0.000     0.000     0.000   -10.578     2.000    12.000     0.000     3.000     6.000    13.000    16.000    19.000     3.779     0.151    -0.035     0.011    74.161     5.371    -0.020     0.380
     3.100     3.000     2.750     2.900     2.780     2.420    43.000    60.000    43.000    20.000    43.000    50.000     0.000     1.000     0.000   -10.526     2.000    19.000     0.000     3.000     6.000    13.000    16.000    19.000     3.210     0.151    -0.039     0.011    48.396     5.371    -0.400     0.380
     3.600     3.500     3.100     3.440     3.390     2.420    84.000   102.000    93.000    95.000    83.000    83.000     0.000     1.000     1.000   -13.750     1.000     8.000     0.000     3.000     6.000    13.000    16.000    19.000     3.569     0.151    -0.036     0.011    90.736     5.371    -0.276     0.380
         *     2.350     2.650     1.870     1.920         *    93.000    90.000    76.000    78.000         *         *     0.000     1.000     1.000   -13.578     1.000    12.000     0.000     3.000     6.000    13.000    16.000    19.000     2.715     0.176    -0.049     0.012    84.674     5.492    -0.529     0.445
     2.800     2.500     2.540     2.260     2.210     2.110    87.000    51.000    68.000    73.000    76.000    60.000     0.000     0.000     0.000   -11.089     3.000     0.000     0.000     3.000     6.000    13.000    16.000    19.000     2.816     0.151    -0.041     0.011    74.626     5.371    -0.619     0.380
     3.100     3.000     2.800         *         *         *    71.000    72.000    79.000         *         *         *     0.000     1.000     0.000   -13.100     1.000     2.000     0.000     3.000     6.000    13.000    16.000    19.000     3.104     0.166    -0.043     0.014    74.050     5.810    -0.556     0.480
     3.900     3.900         *     3.540     2.970     2.840    85.000    71.000    61.000    55.000    61.000    52.000     0.000     0.000     0.000   -13.384     0.000    10.000     0.000     3.000     6.000    13.000    16.000    19.000     3.870     0.163    -0.046     0.011    71.584     5.371    -0.814     0.380
     3.300     2.850     2.910     2.630     2.760     2.750    61.000    49.000    25.000    28.000    44.000    24.000     0.000     1.000     0.000   -11.892     0.000    -2.000     0.000     3.000     6.000    13.000    16.000    19.000     3.142     0.151    -0.031     0.011    49.029     5.371    -1.005     0.380
     3.200     2.800     3.170     2.240         *         *    63.000    44.000    35.000    29.000         *         *     0.000     0.000     0.000   -11.892     0.000     0.000     0.000     3.000     6.000    13.000    16.000    19.000     3.086     0.156    -0.046     0.013    50.797     5.492    -1.175     0.446
     3.400         *     2.890         *         *         *    62.000         *    47.000         *         *         *     0.000     1.000     0.000   -11.624     1.000     6.000     0.000     3.000     6.000    13.000    16.000    19.000     3.251     0.197    -0.044     0.014    58.023     6.813    -0.633     0.481
     2.200     2.200     1.900     1.860     1.760         *    83.000    87.000    73.000    81.000    65.000         *     0.000     1.000     0.000   -14.545     2.000    13.000     0.000     3.000     6.000    13.000    16.000    19.000     2.440     0.152    -0.049     0.012    80.166     5.390    -0.506     0.412
     2.400         *         *         *         *         *    60.000         *         *         *         *         *     0.000     0.000     0.000   -12.689     1.000    -3.000     0.000     3.000     6.000    13.000    16.000    19.000     2.549     0.259    -0.044     0.015    61.205     8.585    -0.988     0.489
     2.900         *         *         *         *         *    39.000         *         *         *         *         *     0.000     1.000     1.000   -13.725     0.000     4.000     0.000     3.000     6.000    13.000    16.000    19.000     2.871     0.259    -0.036     0.015    46.597     8.585    -0.489     0.489
     3.000         *         *         *         *         *    37.000         *         *         *         *         *     0.000     1.000     0.000   -13.725     0.000     2.000     0.000     3.000     6.000    13.000    16.000    19.000     2.996     0.259    -0.040     0.015    44.922     8.585    -0.565     0.489
     3.100     3.120     3.120         *         *         *    70.000    72.000    40.000         *         *         *     1.000     0.000     1.000   -13.124     0.000     8.000     0.000     3.000     6.000    13.000    16.000    19.000     3.117     0.166    -0.019     0.014    63.074     5.810    -0.872     0.480
     3.600     3.400     3.630         *         *         *    88.000    65.000    69.000         *         *         *     0.000     0.000     0.000   -12.884     0.000    10.000     0.000     3.000     6.000    13.000    16.000    19.000     3.651     0.166    -0.042     0.014    74.300     5.810    -0.646     0.480
     4.000     3.600     3.700     3.440     3.500     3.110    87.000    93.000    95.000    56.000    71.000    75.000     0.000     0.000     1.000   -15.213     0.000    13.000     0.000     3.000     6.000    13.000    16.000    19.000     3.870     0.151    -0.036     0.011    84.283     5.371    -0.629     0.380
     3.900     3.500     3.650     3.540     2.500     3.020    78.000    62.000    95.000    67.000    84.000    72.000     0.000     0.000     0.000   -15.210     1.000    10.000     0.000     3.000     6.000    13.000    16.000    19.000     3.781     0.151    -0.046     0.011    77.790     5.371    -0.218     0.380
     3.100     3.000     3.100     2.780     1.740     2.360    54.000    99.000    73.000    63.000    87.000    72.000     0.000     1.000     0.000   -16.081     1.000     9.000     0.000     3.000     6.000    13.000    16.000    19.000     3.182     0.151    -0.051     0.011    74.868     5.371    -0.095     0.380
     3.100     3.220     3.200         *         *         *    63.000    64.000    82.000         *         *         *     0.000     1.000     0.000   -15.059     0.000     0.000     0.000     3.000     6.000    13.000    16.000    19.000     3.274     0.166    -0.038     0.014    69.750     5.810    -0.433     0.480
     2.800     3.000     3.040     3.410     3.360         *    66.000    76.000    54.000    53.000    40.000         *     0.000     1.000     1.000   -15.059     0.000    -7.000     0.000     3.000     6.000    13.000    16.000    19.000     3.157     0.152    -0.009     0.012    64.773     5.390    -0.929     0.412
     3.000     3.150         *     3.090     2.900     2.750    39.000    59.000         *    52.000    24.000    44.000     0.000     0.000     0.000   -16.732     0.000     1.000     0.000     3.000     6.000    13.000    16.000    19.000     3.270     0.163    -0.029     0.011    51.406     5.800    -0.627     0.383
     2.800     2.900     2.500     2.650     1.760     1.200    35.000    56.000    35.000    47.000    34.000    43.000     0.000     1.000     1.000   -16.721     1.000     1.000     0.000     3.000     6.000    13.000    16.000    19.000     2.788     0.151    -0.052     0.011    47.510     5.371    -0.419     0.380
     3.000     3.250     2.800     2.520     2.210     2.550    94.000    75.000    90.000    91.000    63.000    52.000     0.000     1.000     0.000   -17.606     1.000     2.000     0.000     3.000     6.000    13.000    16.000    19.000     3.143     0.151    -0.044     0.011    84.170     5.371    -0.825     0.380
     2.800     2.550     2.450     1.990     2.550     1.710    64.000    88.000    62.000    33.000    44.000    54.000     0.000     1.000     0.000   -17.381     1.000     3.000     0.000     3.000     6.000    13.000    16.000    19.000     2.790     0.151    -0.045     0.011    66.494     5.371    -0.928     0.380
     3.600     3.650     3.570     3.280     3.150     2.340    70.000         *    55.000    40.000    52.000         *     0.000     1.000     0.000   -15.594     1.000    13.000     0.000     3.000     6.000    13.000    16.000    19.000     3.692     0.151    -0.047     0.011    60.040     6.034    -0.511     0.420
     4.600     4.120     4.490     4.490     3.400     3.900    95.000    98.000   107.000    83.000   100.000   104.000     0.000     1.000     0.000   -15.538     0.000     7.000     0.000     3.000     6.000    13.000    16.000    19.000     4.452     0.151    -0.035     0.011    95.359     5.371     0.016     0.380
     3.200     3.500     3.620     3.440         *     3.100    57.000    86.000    77.000    68.000    72.000    77.000     0.000     1.000     0.000   -15.242     0.000    15.000     0.000     3.000     6.000    13.000    16.000    19.000     3.644     0.153    -0.032     0.011    71.642     5.371     0.039     0.380
     3.100     2.850     2.570         *         *         *    31.000    38.000    40.000         *         *         *     0.000     0.000     0.000   -15.605     0.000    10.000     0.000     3.000     6.000    13.000    16.000    19.000     3.020     0.166    -0.046     0.014    41.324     5.810    -0.425     0.480
     3.700     3.680     3.250         *         *         *    54.000    16.000    27.000         *         *         *     0.000     0.000     0.000   -15.603     0.000    11.000     0.000     3.000     6.000    13.000    16.000    19.000     3.635     0.166    -0.041     0.014    38.638     5.810    -0.496     0.480
     3.300     3.250     3.330     2.570     2.240     2.430    78.000    70.000    72.000    73.000    81.000         *     0.000     1.000     0.000   -18.250     0.000    12.000     0.000     3.000     6.000    13.000    16.000    19.000     3.367     0.151    -0.052     0.011    74.175     5.389    -0.030     0.412
         *         *     2.980     2.310     2.070     1.950         *         *    89.000    79.000    59.000         *     0.000     1.000     0.000   -11.721     2.000    -2.000     0.000     3.000     6.000    13.000    16.000    19.000     3.001     0.204    -0.050     0.012    83.202     7.381    -0.861     0.452
         *         *     3.170     2.910     2.780     2.760         *         *    58.000    61.000    47.000    61.000     0.000     1.000     1.000   -11.721     0.000    -3.000     0.000     3.000     6.000    13.000    16.000    19.000     3.237     0.204    -0.028     0.012    64.456     7.304    -0.599     0.431
         *         *         *     2.020     1.760         *         *         *         *         *         *         *     0.000     0.000     1.000    -4.306     0.000     6.000     0.000     3.000     6.000    13.000    16.000    19.000     2.550     0.248    -0.044     0.013    54.345    14.994    -1.192     0.489
         *         *         *     3.230     2.060     2.510         *         *         *    40.000    25.000         *     0.000     1.000     0.000    -3.381     1.000     6.000     0.000     3.000     6.000    13.000    16.000    19.000     3.202     0.237    -0.041     0.013    50.061     8.812    -1.080     0.465
         *         *         *         *     1.920     2.720         *         *         *    38.000    37.000    49.000     0.000     1.000     0.000    -3.475     1.000     6.000     0.000     3.000     6.000    13.000    16.000    19.000     2.991     0.262    -0.039     0.013    55.392     8.566    -0.882     0.452
         *     3.200     3.330     3.100     2.990     2.450         *    51.000    50.000    55.000    38.000         *     0.000     0.000     0.000   -13.600     1.000     0.000     0.000     3.000     6.000    13.000    16.000    19.000     3.421     0.175    -0.038     0.012    57.027     6.282    -0.748     0.435
         *     2.950         *     1.630         *         *         *    50.000    52.000    28.000         *         *     0.000     0.000     0.000   -13.600     1.000     6.000     0.000     3.000     6.000    13.000    16.000    19.000     2.801     0.210    -0.057     0.013    52.795     6.447    -0.958     0.462
         *     3.200         *         *         *         *         *    40.000         *         *         *         *     0.000     0.000     0.000   -14.078     1.000     1.000     0.000     3.000     6.000    13.000    16.000    19.000     3.261     0.258    -0.039     0.015    50.734     8.723    -0.675     0.491
         *     3.250         *     2.140         *         *         *    39.000         *    36.000         *         *     0.000     1.000     0.000   -14.150     1.000     0.000     0.000     3.000     6.000    13.000    16.000    19.000     3.039     0.211    -0.046     0.013    47.604     7.432    -0.666     0.462
         *     2.750         *         *         *         *         *    99.000         *         *         *         *     0.000     0.000     0.000   -15.374     0.000     8.000     0.000     3.000     6.000    13.000    16.000    19.000     3.081     0.258    -0.049     0.015    88.433     8.723    -0.623     0.491
         *     2.700     2.650     2.360     2.360     2.000         *    26.000    38.000    43.000    29.000    49.000     0.000     1.000     1.000   -16.471     0.000    10.000     0.000     3.000     6.000    13.000    16.000    19.000     2.874     0.175    -0.039     0.012    40.519     6.253    -0.109     0.407
         *         *         *     2.570     2.220     1.950         *         *         *    40.000    21.000    48.000     0.000     1.000     0.000    -6.400     1.000    -5.000     0.000     3.000     6.000    13.000    16.000    19.000     2.847     0.237    -0.040     0.013    54.339     8.566    -1.082     0.452
         *         *         *     2.910     2.370     2.480         *         *         *     9.000    25.000    48.000     0.000     1.000     0.000    -6.406     0.000     2.000     0.000     3.000     6.000    13.000    16.000    19.000     3.132     0.237    -0.037     0.013    42.531     8.566    -0.821     0.452
         *         *         *     3.020     3.170     2.880         *         *         *    76.000   101.000    97.000     0.000     0.000     0.000    -4.598     0.000    11.000     0.000     3.000     6.000    13.000    16.000    19.000     3.695     0.237    -0.043     0.013    90.161     8.566    -0.300     0.452
         *         *         *     3.420     2.590     2.140         *         *         *    97.000    84.000   104.000     0.000     0.000     0.000    -4.542     0.000     2.000     0.000     3.000     6.000    13.000    16.000    19.000     3.471     0.237    -0.049     0.013    96.907     8.566    -0.560     0.452
         *         *         *     3.900     1.930     3.600         *         *         *    35.000    49.000    37.000     0.000     1.000     0.000    -4.589     1.000    13.000     0.000     3.000     6.000    13.000    16.000    19.000     3.660     0.237    -0.036     0.013    52.597     8.566    -0.696     0.452
         *     4.000         *     3.070     3.640     3.500         *    72.000         *    52.000    56.000    56.000     0.000     1.000     0.000   -14.570     1.000    15.000     0.000     3.000     6.000    13.000    16.000    19.000     3.973     0.195    -0.036     0.012    64.224     6.962    -0.355     0.415
         *     3.900     4.150     2.930     3.710     3.330         *    88.000    86.000    71.000    85.000   102.000     0.000     1.000     0.000   -16.377     0.000     6.000     0.000     3.000     6.000    13.000    16.000    19.000     4.006     0.175    -0.038     0.012    84.026     6.253     0.050     0.407
         *         *     3.100     2.520     2.930     2.810         *    32.000    23.000    36.000    29.000    47.000     0.000     1.000     0.000   -15.978     0.000    -5.000     0.000     3.000     6.000    13.000    16.000    19.000     3.202     0.203    -0.029     0.012    39.480     6.253    -0.330     0.407
         *     3.400     2.220         *         *         *         *    76.000    82.000         *         *         *     0.000     1.000     0.000   -14.936     1.000     4.000     0.000     3.000     6.000    13.000    16.000    19.000     3.068     0.200    -0.049     0.015    78.137     6.980    -0.480     0.488
         *     3.000     1.750     1.770     1.990     2.840         *    87.000    70.000    73.000    56.000    75.000     0.000     1.000     0.000   -14.936     0.000     4.000     0.000     3.000     6.000    13.000    16.000    19.000     2.744     0.175    -0.038     0.012    76.933     6.253    -0.572     0.407
     2.400     2.650     2.200     2.280     2.600     2.340    56.000    42.000    34.000    42.000    62.000    53.000     0.000     1.000     0.000   -21.172     0.000     2.000     0.000     3.000     6.000    13.000    16.000    19.000     2.717     0.151    -0.028     0.011    49.829     5.371    -0.060     0.380
     2.700     2.600     2.700     2.740     2.240     2.440    31.000    45.000    48.000    54.000    50.000    40.000     0.000     1.000     0.000   -21.153     0.000    -2.000     0.000     3.000     6.000    13.000    16.000    19.000     2.880     0.151    -0.031     0.011    47.117     5.371    -0.104     0.380
         *         *     3.580     2.760     2.310     1.930         *         *    48.000    49.000    45.000    47.000     0.000     1.000     0.000   -13.511     0.000     2.000     0.000     3.000     6.000    13.000    16.000    19.000     3.326     0.204    -0.053     0.012    56.357     7.304    -0.605     0.431
         *         *     3.520     3.490     3.470     3.320         *         *    64.000    60.000    55.000    68.000     0.000     0.000     0.000   -13.511     0.000     0.000     0.000     3.000     6.000    13.000    16.000    19.000     3.790     0.204    -0.029     0.012    68.309     7.304    -0.520     0.431
         *         *         *     2.640     1.160     2.440         *         *         *    55.000    67.000    52.000     0.000     0.000     1.000    -5.653     0.000    -5.000     0.000     3.000     6.000    13.000    16.000    19.000     2.661     0.237    -0.037     0.013    72.554     8.566    -1.091     0.452
         *         *         *     4.180     3.500     3.300         *         *         *    48.000    59.000         *     0.000     0.000     0.000    -5.650     0.000     3.000     0.000     3.000     6.000    13.000    16.000    19.000     4.034     0.237    -0.031     0.013    64.394     8.812    -0.835     0.465
         *     4.100     3.900     3.880     3.590     3.360         *    58.000    63.000    52.000    76.000    80.000     0.000     1.000     0.000   -15.495     0.000    17.000     0.000     3.000     6.000    13.000    16.000    19.000     4.165     0.175    -0.037     0.012    62.454     6.253     0.317     0.407
         *     4.050     4.530     2.680     3.800     3.850         *    49.000    68.000    54.000    70.000    83.000     0.000     1.000     0.000   -15.495     0.000    21.000     0.000     3.000     6.000    13.000    16.000    19.000     4.205     0.175    -0.039     0.012    60.204     6.253     0.445     0.407
         *     2.500     2.050     1.320     1.970     2.030         *    34.000    41.000    41.000    12.000    25.000     0.000     1.000     0.000   -17.758     1.000     1.000     0.000     3.000     6.000    13.000    16.000    19.000     2.488     0.175    -0.042     0.012    42.398     6.253    -0.818     0.407
     3.800     3.800     3.700     2.970     2.600     2.780    47.000    53.000    49.000    45.000    29.000    39.000     0.000     1.000     0.000   -21.450     0.000     5.000     0.000     3.000     6.000    13.000    16.000    19.000     3.706     0.151    -0.048     0.011    50.079     5.371    -0.468     0.380
     2.900     2.850     2.400     2.440     1.560     2.290    72.000    87.000    91.000    84.000    66.000    66.000     0.000     1.000     0.000   -21.450     2.000     0.000     0.000     3.000     6.000    13.000    16.000    19.000     2.885     0.151    -0.047     0.011    81.348     5.371    -0.439     0.380
         *         *         *         *     1.210         *         *         *         *    40.000    23.000         *     0.000     1.000     0.000    -8.367     0.000     0.000     0.000     3.000     6.000    13.000    16.000    19.000     2.214     0.289    -0.052     0.013    49.941     8.814    -1.202     0.466
     3.800     3.900         *     3.330     3.360     2.860   107.000    73.000         *    68.000    59.000         *     0.000     1.000     0.000   -21.525     0.000    10.000     0.000     3.000     6.000    13.000    16.000    19.000     3.868     0.163    -0.043     0.011    80.467     5.851    -0.576     0.413
     3.500     3.100         *     2.690     2.220     2.620    62.000    78.000         *    86.000    88.000    74.000     0.000     0.000     0.000   -21.522     3.000     4.000     0.000     3.000     6.000    13.000    16.000    19.000     3.334     0.163    -0.047     0.011    76.669     5.800     0.134     0.383
         *         *         *     2.190         *         *         *         *         *         *         *         *     0.000     0.000     0.000    -6.025     0.000    -7.000     0.000     3.000     6.000    13.000    16.000    19.000     2.684     0.282    -0.041     0.014    55.421    14.999    -1.411     0.490
         *     2.800     2.800     2.080     1.110     1.870         *    84.000    73.000    51.000    31.000    85.000     0.000     1.000     0.000   -18.745     0.000     7.000     0.000     3.000     6.000    13.000    16.000    19.000     2.870     0.175    -0.062     0.012    71.182     6.253    -0.600     0.407
         *     2.750     2.810     2.410     2.570     2.370         *    86.000    72.000    80.000    56.000    83.000     0.000     1.000     1.000   -18.691     2.000     5.000     0.000     3.000     6.000    13.000    16.000    19.000     3.003     0.175    -0.036     0.012    78.023     6.253    -0.265     0.407
         *     3.450     3.170     3.500     2.190     2.710         *    73.000    72.000    72.000    51.000    58.000     0.000     0.000     0.000   -19.009     2.000     6.000     0.000     3.000     6.000    13.000    16.000    19.000     3.521     0.175    -0.045     0.012    72.275     6.253    -0.566     0.407
         *     3.350     3.360     3.040     2.180     2.600         *    66.000    72.000    70.000    75.000    80.000     0.000     1.000     0.000   -18.854     0.000     3.000     0.000     3.000     6.000    13.000    16.000    19.000     3.440     0.175    -0.047     0.012    72.081     6.253    -0.004     0.407
         *     3.060     3.090     2.650     2.520     2.350         *    54.000    41.000    37.000    19.000    56.000     0.000     0.000     0.000   -18.138     1.000     6.000     0.000     3.000     6.000    13.000    16.000    19.000     3.242     0.175    -0.044     0.012    50.176     6.253    -0.577     0.407
         *     3.300         *         *         *         *         *    71.000         *         *         *         *     0.000     1.000     0.000   -17.327     3.000     8.000     0.000     3.000     6.000    13.000    16.000    19.000     3.451     0.258    -0.042     0.015    73.275     8.723    -0.125     0.491
         *     2.100     2.570     2.300     1.900     1.630         *    22.000         *         *    20.000    33.000     0.000     0.000     0.000   -17.250     0.000    -4.000     0.000     3.000     6.000    13.000    16.000    19.000     2.597     0.175    -0.041     0.012    38.289     7.357    -0.706     0.416
         *     4.100     3.750     3.940     4.040     2.970         *    75.000    71.000    61.000    74.000    88.000     0.000     1.000     0.000   -18.731     1.000     7.000     0.000     3.000     6.000    13.000    16.000    19.000     4.115     0.175    -0.035     0.012    72.445     6.253     0.123     0.407
         *     3.780     4.290     3.980     3.140     3.650         *    97.000    95.000    91.000    97.000    71.000     0.000     1.000     0.000   -18.734     1.000     8.000     0.000     3.000     6.000    13.000    16.000    19.000     4.140     0.175    -0.036     0.012    90.958     6.253    -0.215     0.407
         *     3.550     3.540     2.360         *     3.100         *    90.000    64.000    67.000         *    73.000     0.000     0.000     0.000   -19.008     3.000     2.000     0.000     3.000     6.000    13.000    16.000    19.000     3.553     0.179    -0.041     0.012    78.201     6.359    -0.416     0.417
         *     3.500     3.310     3.280     3.020     2.730         *    78.000    55.000    56.000    89.000    59.000     0.000     0.000     0.000   -19.083     1.000     8.000     0.000     3.000     6.000    13.000    16.000    19.000     3.639     0.175    -0.041     0.012    69.997     6.253    -0.200     0.407
         *     3.200     3.400     2.670     3.390     3.090         *    69.000    58.000    29.000    35.000    37.000     0.000     0.000     0.000   -20.108     1.000    12.000     0.000     3.000     6.000    13.000    16.000    19.000     3.538     0.175    -0.034     0.012    56.679     6.253    -0.806     0.407
         *     2.800     2.980     2.520         *     2.220         *    78.000    70.000    80.000         *    66.000     0.000     1.000     0.000   -19.863     2.000     7.000     0.000     3.000     6.000    13.000    16.000    19.000     3.135     0.179    -0.046     0.012    75.479     6.359    -0.208     0.417
         *     3.700     3.820     3.670     3.300     3.190         *    88.000    99.000    81.000    94.000    88.000     0.000     1.000     0.000   -19.922     1.000    13.000     0.000     3.000     6.000    13.000    16.000    19.000     3.979     0.175    -0.039     0.012    87.437     6.253     0.100     0.407
         *         *     3.520     2.850     3.440     3.320         *         *    66.000    67.000    66.000    68.000     0.000     0.000     0.000   -17.365     1.000     5.000     0.000     3.000     6.000    13.000    16.000    19.000     3.713     0.204    -0.033     0.012    70.670     7.304    -0.283     0.431
         *         *         *     3.150     3.490     3.010         *         *         *    95.000    52.000    64.000     0.000     1.000     0.000   -10.376     1.000     3.000     0.000     3.000     6.000    13.000    16.000    19.000     3.688     0.237    -0.033     0.013    77.670     8.566    -0.597     0.452
     3.000     2.950     2.800     2.730     2.900     2.940    76.000   108.000   101.000   100.000    95.000   104.000     0.000     1.000     0.000   -24.467     0.000     4.000     0.000     3.000     6.000    13.000    16.000    19.000     3.211     0.151    -0.030     0.011    92.254     5.371     0.311     0.380
     2.900     2.900     2.700     2.390     2.370     2.120    64.000    73.000    60.000    75.000    84.000    94.000     0.000     0.000     1.000   -24.239     3.000     1.000     0.000     3.000     6.000    13.000    16.000    19.000     2.966     0.151    -0.039     0.011    71.903     5.371     0.417     0.380
         *     3.500     3.810     3.540     3.330     2.900         *    90.000    89.000    75.000    69.000    77.000     0.000     1.000     0.000   -20.433     3.000    -5.000     0.000     3.000     6.000    13.000    16.000    19.000     3.758     0.175    -0.033     0.012    85.037     6.253    -0.460     0.407
         *     3.600     3.710     3.960     3.750     3.570         *    79.000    92.000    68.000    63.000    87.000     0.000     1.000     0.000   -20.377     3.000    -5.000     0.000     3.000     6.000    13.000    16.000    19.000     3.896     0.175    -0.019     0.012    80.787     6.253    -0.255     0.407
         *         *     3.060     2.470     1.320     1.470         *    84.000    81.000    78.000    89.000    63.000     0.000     1.000     0.000   -20.299     0.000     6.000     0.000     3.000     6.000    13.000    16.000    19.000     3.013     0.203    -0.066     0.012    81.654     6.253    -0.351     0.407
         *     2.550     2.780     2.120     2.570     2.340         *    96.000    74.000    95.000    86.000    69.000     0.000     1.000     1.000   -20.286     1.000     0.000     0.000     3.000     6.000    13.000    16.000    19.000     2.880     0.175    -0.034     0.012    86.237     6.253    -0.332     0.407
         *         *     3.860     3.250     3.310     3.350         *         *    33.000    30.000    26.000    37.000     0.000     0.000     0.000   -19.303     1.000    10.000     0.000     3.000     6.000    13.000    16.000    19.000     3.878     0.204    -0.035     0.012    41.017     7.304    -0.382     0.431
         *         *     3.310     3.460         *     3.140         *         *    83.000    61.000         *    64.000     0.000     0.000     0.000   -19.303     0.000    10.000     0.000     3.000     6.000    13.000    16.000    19.000     3.766     0.210    -0.037     0.012    73.507     7.520    -0.373     0.437
         *         *         *     2.060     2.770     3.670         *         *         *    79.000    77.000    83.000     0.000     1.000     0.000   -11.224     3.000    10.000     0.000     3.000     6.000    13.000    16.000    19.000     3.381     0.237    -0.033     0.013    80.762     8.566    -0.187     0.452
         *         *         *     4.180     2.690     3.830         *         *         *    69.000    76.000    89.000     0.000     1.000     0.000   -11.055     3.000    12.000     0.000     3.000     6.000    13.000    16.000    19.000     4.063     0.237    -0.035     0.013    77.598     8.566    -0.021     0.452
     4.600         *         *         *         *         *    68.000         *         *         *         *         *     0.000     1.000     0.000   -27.605     0.000    13.000     0.000     3.000     6.000    13.000    16.000    19.000     4.449     0.259    -0.037     0.015    71.426     8.585     0.571     0.489
         *         *         *     3.140     2.620     2.620         *         *         *    33.000    35.000         *     0.000     1.000     0.000   -11.892     0.000     4.000     0.000     3.000     6.000    13.000    16.000    19.000     3.348     0.237    -0.037     0.013    48.088     8.812    -0.741     0.465
         *         *         *     2.240     2.890     3.080         *         *         *    82.000    41.000    63.000     0.000     0.000     0.000   -11.854     2.000    10.000     0.000     3.000     6.000    13.000    16.000    19.000     3.370     0.237    -0.039     0.013    71.504     8.566    -0.615     0.452
         *         *         *     2.390     2.650     2.470         *         *         *    58.000    38.000    57.000     0.000     1.000     0.000   -14.597     0.000     0.000     0.000     3.000     6.000    13.000    16.000    19.000     3.105     0.237    -0.038     0.013    60.930     8.566    -0.611     0.452
         *         *         *     2.260         *     1.930         *         *         *    96.000         *    95.000     0.000     1.000     0.000   -13.633     3.000     8.000     0.000     3.000     6.000    13.000    16.000    19.000     3.035     0.253    -0.053     0.013    92.532     9.078    -0.148     0.454
         *         *     3.670     3.330     2.790         *         *         *   112.000   109.000   107.000         *     0.000     1.000     0.000   -19.333     0.000    16.000     0.000     3.000     6.000    13.000    16.000    19.000     3.878     0.206    -0.051     0.013   100.934     7.383     0.247     0.453
         *         *     3.390     3.100     3.310     2.290         *         *    71.000    71.000    72.000         *     0.000     1.000     0.000   -19.275     1.000     8.000     0.000     3.000     6.000    13.000    16.000    19.000     3.620     0.204    -0.045     0.012    72.203     7.381    -0.085     0.452
         *         *         *     1.920     2.340     2.370         *         *         *    69.000    62.000    41.000     0.000     1.000     0.000   -12.616     0.000    -4.000     0.000     3.000     6.000    13.000    16.000    19.000     2.833     0.237    -0.038     0.013    69.466     8.566    -0.867     0.452
         *         *         *     2.170     3.020         *         *         *         *    78.000    87.000    86.000     0.000     1.000     0.000   -12.560     0.000    -2.000     0.000     3.000     6.000    13.000    16.000    19.000     3.162     0.245    -0.039     0.013    84.873     8.569    -0.351     0.452
         *         *         *     2.520     2.050     2.000         *         *         *    58.000    70.000    82.000     0.000     1.000     0.000   -14.828     1.000    10.000     0.000     3.000     6.000    13.000    16.000    19.000     3.071     0.237    -0.052     0.013    71.262     8.566    -0.145     0.452
         *         *         *     3.620     3.660     2.930         *         *         *    47.000    51.000    55.000     0.000     1.000     0.000   -15.194     2.000     8.000     0.000     3.000     6.000    13.000    16.000    19.000     3.887     0.237    -0.034     0.013    58.478     8.566    -0.305     0.452
         *         *         *     3.380     2.440     3.290         *         *         *    79.000    63.000    82.000     0.000     1.000     0.000   -15.299     1.000    10.000     0.000     3.000     6.000    13.000    16.000    19.000     3.660     0.237    -0.040     0.013    75.098     8.566    -0.104     0.452
         *         *         *     2.850     1.650     1.340         *         *         *    79.000    75.000    86.000     0.000     0.000     0.000   -13.798     3.000    13.000     0.000     3.000     6.000    13.000    16.000    19.000     3.052     0.237    -0.065     0.013    83.367     8.566    -0.304     0.452
         *         *         *     3.460         *         *         *         *         *   110.000         *         *     0.000     1.000     0.000   -14.888     2.000    10.000     0.000     3.000     6.000    13.000    16.000    19.000     3.920     0.279    -0.040     0.014    96.563     9.822     0.078     0.477
         *         *         *     3.790     3.760     4.130         *         *         *   112.000   109.000   112.000     0.000     1.000     0.000   -15.466     2.000    17.000     0.000     3.000     6.000    13.000    16.000    19.000     4.398     0.237    -0.034     0.013    99.364     8.566     0.451     0.452
         *         *         *     2.190     1.610         *         *         *         *    45.000    66.000         *     0.000     1.000     1.000   -16.480     0.000     1.000     0.000     3.000     6.000    13.000    16.000    19.000     2.579     0.245    -0.044     0.013    62.833     8.814    -0.501     0.466
         *         *         *     3.660         *     3.440         *         *         *         *         *         *     0.000     1.000     0.000   -16.917     2.000     1.000     0.000     3.000     6.000    13.000    16.000    19.000     3.914     0.256    -0.029     0.013    75.147    14.999    -0.224     0.489
         *         *         *     3.330     3.830     3.670         *         *         *    41.000    43.000         *     0.000     1.000     0.000   -16.869     2.000     7.000     0.000     3.000     6.000    13.000    16.000    19.000     3.940     0.237    -0.025     0.013    52.469     8.812    -0.320     0.465
         *         *         *     3.860     3.250     3.480         *         *         *    80.000    74.000    85.000     0.000     1.000     1.000   -18.436     0.000     2.000     0.000     3.000     6.000    13.000    16.000    19.000     3.852     0.237    -0.025     0.013    78.410     8.566    -0.019     0.452
         *         *         *     2.050     1.730     2.110         *         *         *    84.000   100.000    87.000     0.000     1.000     0.000   -18.800     2.000     2.000     0.000     3.000     6.000    13.000    16.000    19.000     2.844     0.237    -0.050     0.013    89.223     8.566    -0.120     0.452
         *         *         *     3.510     3.410     3.390         *         *         *    76.000    78.000   107.000     0.000     1.000     1.000   -18.527     1.000    19.000     0.000     3.000     6.000    13.000    16.000    19.000     3.962     0.237    -0.034     0.013    77.980     8.566     0.503     0.452
         *         *         *     3.310     3.390     2.040         *         *         *    79.000    75.000    92.000     0.000     1.000     0.000   -18.645     1.000    22.000     0.000     3.000     6.000    13.000    16.000    19.000     3.815     0.237    -0.055     0.013    76.116     8.566     0.320     0.452
         *         *         *     2.680         *         *         *         *         *    52.000         *         *     0.000     1.000     0.000   -17.059     1.000    18.000     0.000     3.000     6.000    13.000    16.000    19.000     3.405     0.279    -0.048     0.014    58.760     9.822    -0.126     0.477
         *         *         *     3.880     3.490     3.360         *         *         *    44.000    52.000    71.000     0.000     1.000     0.000   -16.867     0.000    11.000     0.000     3.000     6.000    13.000    16.000    19.000     4.052     0.237    -0.034     0.013    57.628     8.566    -0.022     0.452
