     0.700         *         *         *         *         *         *         *         *         *         *         *     0.000     0.000     0.000    17.816     0.000    -8.000     0.000     3.000     6.000    13.000    16.000    19.000     0.910     0.260    -0.053     0.015    12.284     4.506    -0.188     0.085
         *         *         *         *         *         *    12.000         *         *         *         *         *     0.000     1.000     0.000    16.108     0.000    -1.000     0.000     3.000     6.000    13.000    16.000    19.000     1.703     0.515    -0.049     0.015    12.561     1.830    -0.179     0.085
     1.600         *         *         *         *         *    13.000         *         *         *         *         *     0.000     0.000     1.000    16.108     0.000    -2.000     0.000     3.000     6.000    13.000    16.000    19.000     1.589     0.260    -0.046     0.015    12.841     1.830    -0.131     0.084
     3.700     3.810     3.990     3.540     2.940         *    14.000    12.000     8.000     9.000    15.000         *     0.000     1.000     0.000    -8.223     0.000    15.000     0.000     3.000     6.000    13.000    16.000    19.000     3.843     0.153    -0.038     0.012    12.155     1.042    -0.029     0.074
     3.100     2.900     3.100     2.650         *         *    12.000    12.000    13.000    11.000         *         *     0.000     1.000     0.000    -8.223     0.000    17.000     0.000     3.000     6.000    13.000    16.000    19.000     3.176     0.156    -0.042     0.013    12.682     1.072    -0.055     0.078
     2.200     1.900     1.350     1.150         *         *    27.000         *         *         *         *         *     0.000     1.000     0.000    -8.650     0.000    11.000     0.000     3.000     6.000    13.000    16.000    19.000     2.089     0.156    -0.063     0.013    25.615     1.828    -0.099     0.084
     2.400     1.900     1.750         *         *         *    23.000    23.000    23.000         *         *         *     0.000     1.000     0.000    -8.997     0.000     0.000     0.000     3.000     6.000    13.000    16.000    19.000     2.241     0.167    -0.052     0.015    22.853     1.152    -0.063     0.083
     4.000     4.100     4.150     3.540     3.490     2.830    23.000    23.000    22.000    20.000    22.000    21.000     0.000     0.000     0.000   -10.008     0.000     8.000     0.000     3.000     6.000    13.000    16.000    19.000     4.066     0.152    -0.045     0.011    22.131     1.034    -0.042     0.069
     3.400     3.600     3.400     2.520     3.060     2.490    24.000    29.000    27.000    27.000    27.000    27.000     0.000     1.000     0.000   -10.005     0.000     6.000     0.000     3.000     6.000    13.000    16.000    19.000     3.499     0.152    -0.046     0.011    26.591     1.034    -0.001     0.069
         *         *         *         *         *         *     6.000         *         *         *         *         *     0.000     0.000     0.000    12.623     0.000    -7.000     0.000     3.000     6.000    13.000    16.000    19.000     1.690     0.515    -0.046     0.015     7.242     1.830    -0.127     0.085
         *         *         *         *         *         *    14.000    13.000         *         *         *         *     0.000     1.000     1.000     7.288     0.000     5.000     0.000     3.000     6.000    13.000    16.000    19.000     2.026     0.514    -0.043     0.015    13.781     1.361    -0.098     0.084
         *     1.300     0.800         *         *         *    20.000    23.000    23.000         *         *         *     0.000     0.000     0.000     7.288     2.000    -6.000     0.000     3.000     6.000    13.000    16.000    19.000     1.416     0.200    -0.056     0.015    22.299     1.152    -0.183     0.083
     3.100     2.900         *         *         *         *    18.000         *         *         *         *         *     0.000     0.000     0.000     7.122     0.000     1.000     0.000     3.000     6.000    13.000    16.000    19.000     2.958     0.196    -0.045     0.015    17.648     1.829    -0.111     0.084
     2.000     2.000         *         *         *         *     3.000         *         *         *         *         *     0.000     0.000     1.000     7.221     0.000    -2.000     0.000     3.000     6.000    13.000    16.000    19.000     2.024     0.196    -0.038     0.015     4.645     1.829    -0.047     0.084
     2.900     2.750     2.810         *         *         *    30.000    28.000    28.000         *         *         *     0.000     0.000     0.000     8.436     3.000     1.000     0.000     3.000     6.000    13.000    16.000    19.000     2.903     0.167    -0.045     0.015    28.937     1.152    -0.230     0.083
     2.100         *         *         *         *         *    26.000         *         *         *         *         *     0.000     0.000     0.000     6.127     3.000     1.000     0.000     3.000     6.000    13.000    16.000    19.000     2.197     0.260    -0.050     0.015    25.408     1.830    -0.226     0.084
     3.200         *         *         *         *         *    24.000         *         *         *         *         *     0.000     0.000     0.000     6.922     3.000     5.000     0.000     3.000     6.000    13.000    16.000    19.000     3.040     0.260    -0.045     0.015    23.897     1.830    -0.210     0.084
     2.900         *         *         *         *         *    25.000         *         *         *         *         *     1.000     0.000     0.000     6.859     3.000     5.000     0.000     3.000     6.000    13.000    16.000    19.000     2.702     0.260    -0.028     0.015    24.598     1.830    -0.115     0.084
     1.600     2.000     1.650         *         *         *    16.000    13.000    14.000         *         *         *     0.000     0.000     0.000     5.583     0.000    -5.000     0.000     3.000     6.000    13.000    16.000    19.000     1.914     0.167    -0.046     0.015    14.672     1.152    -0.118     0.083
     1.900     2.000     1.650         *         *         *     7.000         *    14.000         *         *         *     0.000     0.000     1.000     5.581     0.000     2.000     0.000     3.000     6.000    13.000    16.000    19.000     1.993     0.167    -0.043     0.015    10.841     1.379    -0.029     0.083
     2.100     1.770     1.300         *         *         *    18.000    24.000         *         *         *         *     0.000     1.000     0.000     7.339     1.000     8.000     0.000     3.000     6.000    13.000    16.000    19.000     1.951     0.167    -0.057     0.015    21.081     1.360    -0.174     0.084
         *     1.590         *         *         *         *     9.000    11.000         *         *         *         *     1.000     1.000     1.000     7.339     0.000     2.000     0.000     3.000     6.000    13.000    16.000    19.000     1.596     0.258    -0.023     0.015    10.316     1.361     0.018     0.084
     3.100     2.900     2.900         *         *         *    11.000     9.000    11.000         *         *         *     0.000     0.000     0.000     5.217     0.000     6.000     0.000     3.000     6.000    13.000    16.000    19.000     3.030     0.167    -0.041     0.015    10.957     1.152    -0.086     0.083
         *     2.500     2.100         *         *         *         *    15.000    17.000         *         *         *     0.000     0.000     0.000     8.511     0.000     6.000     0.000     3.000     6.000    13.000    16.000    19.000     2.507     0.200    -0.049     0.015    16.508     1.410    -0.124     0.084
         *     2.350         *         *         *         *         *    12.000         *         *         *         *     0.000     0.000     1.000     8.511     0.000     8.000     0.000     3.000     6.000    13.000    16.000    19.000     2.407     0.259    -0.043     0.015    12.597     1.856    -0.083     0.084
     2.400     2.600     2.460     1.550     1.310         *    28.000    28.000    27.000    25.000    23.000         *     0.000     1.000     0.000     4.945     1.000    -1.000     0.000     3.000     6.000    13.000    16.000    19.000     2.489     0.153    -0.058     0.012    27.367     1.042    -0.194     0.074
     2.300     2.180     2.140         *         *         *    26.000    28.000    27.000         *         *         *     0.000     1.000     0.000     5.045     2.000    -1.000     0.000     3.000     6.000    13.000    16.000    19.000     2.350     0.167    -0.047     0.015    27.165     1.152    -0.188     0.083
     2.100     2.350     2.570         *         *         *    15.000    14.000    15.000         *         *         *     1.000     1.000     1.000     3.739     1.000     2.000     0.000     3.000     6.000    13.000    16.000    19.000     2.310     0.167    -0.014     0.015    14.768     1.152     0.008     0.083
     2.000         *         *         *         *         *    12.000         *         *         *         *         *     0.000     1.000     0.000     5.531     0.000    -4.000     0.000     3.000     6.000    13.000    16.000    19.000     2.009     0.260    -0.045     0.015    12.647     1.830    -0.114     0.084
         *         *         *         *         *         *    11.000         *         *         *         *         *     0.000     1.000     1.000     5.531     0.000    -3.000     0.000     3.000     6.000    13.000    16.000    19.000     1.799     0.515    -0.041     0.015    11.502     1.830    -0.075     0.085
     2.400         *         *         *         *         *    22.000         *         *         *         *         *     0.000     1.000     0.000     2.030     2.000     9.000     0.000     3.000     6.000    13.000    16.000    19.000     2.488     0.260    -0.048     0.015    22.142     1.830    -0.181     0.084
     3.600     3.700     3.520         *         *         *    18.000    22.000    21.000         *         *         *     0.000     0.000     0.000     2.930     1.000     6.000     0.000     3.000     6.000    13.000    16.000    19.000     3.624     0.167    -0.039     0.015    20.524     1.152    -0.093     0.083
     3.400     3.150     3.060         *         *         *    17.000    13.000    12.000         *         *         *     0.000     1.000     0.000     2.930     0.000     8.000     0.000     3.000     6.000    13.000    16.000    19.000     3.248     0.167    -0.041     0.015    14.614     1.152    -0.117     0.083
         *     1.700         *         *         *         *    16.000    16.000         *         *         *         *     0.000     1.000     0.000     2.982     1.000    -2.000     0.000     3.000     6.000    13.000    16.000    19.000     1.944     0.258    -0.047     0.015    16.437     1.361    -0.142     0.084
     2.100     2.120     2.140     1.810         *         *    18.000    21.000    19.000    14.000         *         *     0.000     1.000     0.000     3.127     0.000    -6.000     0.000     3.000     6.000    13.000    16.000    19.000     2.257     0.156    -0.041     0.013    18.690     1.072    -0.148     0.078
         *     2.620     2.870     2.170         *         *    17.000    17.000    15.000         *         *         *     0.000     0.000     0.000     3.127     0.000     2.000     0.000     3.000     6.000    13.000    16.000    19.000     2.841     0.182    -0.044     0.014    16.588     1.152    -0.098     0.083
     3.000     2.870     2.540         *         *         *    26.000    26.000    27.000         *         *         *     0.000     0.000     0.000     3.597     1.000     1.000     0.000     3.000     6.000    13.000    16.000    19.000     2.910     0.167    -0.048     0.015    26.198     1.152    -0.130     0.083
     2.600         *     2.250         *         *         *    17.000         *         *         *         *         *     0.000     1.000     0.000     2.597     0.000    -4.000     0.000     3.000     6.000    13.000    16.000    19.000     2.505     0.197    -0.044     0.015    16.910     1.829    -0.101     0.084
         *         *         *         *         *         *    22.000         *         *         *         *         *     0.000     1.000     0.000     1.161     0.000    -2.000     0.000     3.000     6.000    13.000    16.000    19.000     2.386     0.515    -0.047     0.015    21.136     1.830    -0.112     0.085
     2.700     2.700         *         *         *         *    21.000    23.000         *         *         *         *     0.000     1.000     0.000     1.919     0.000    10.000     0.000     3.000     6.000    13.000    16.000    19.000     2.771     0.196    -0.048     0.015    21.834     1.360    -0.114     0.084
     2.800     2.750     3.020     2.210     2.090         *    28.000    29.000    29.000    27.000    26.000    23.000     0.000     0.000     0.000     2.048     0.000     7.000     0.000     3.000     6.000    13.000    16.000    19.000     2.948     0.153    -0.051     0.012    28.020     1.034    -0.145     0.069
     2.200     2.320     1.940         *         *         *    14.000    14.000    10.000         *         *         *     0.000     1.000     0.000     2.303     0.000     1.000     0.000     3.000     6.000    13.000    16.000    19.000     2.292     0.167    -0.045     0.015    13.279     1.152    -0.119     0.083
         *         *         *         *         *         *     8.000         *         *         *         *         *     1.000     0.000     0.000     2.303     0.000    -2.000     0.000     3.000     6.000    13.000    16.000    19.000     1.834     0.515    -0.026     0.015     9.051     1.830     0.024     0.085
     2.300     2.500         *         *         *         *     8.000         *         *         *         *         *     0.000     0.000     0.000     1.484     0.000    11.000     0.000     3.000     6.000    13.000    16.000    19.000     2.516     0.196    -0.046     0.015     9.536     1.829    -0.076     0.084
     2.200     2.300     2.100     1.320     1.520     1.690     6.000         *     7.000     5.000     6.000     6.000     0.000     0.000     0.000     1.481     0.000     9.000     0.000     3.000     6.000    13.000    16.000    19.000     2.320     0.152    -0.047     0.011     7.300     1.160    -0.085     0.071
     3.000         *         *         *         *         *    24.000         *         *         *         *         *     0.000     1.000     0.000    -0.223     3.000    13.000     0.000     3.000     6.000    13.000    16.000    19.000     3.002     0.260    -0.046     0.015    24.361     1.830    -0.194     0.084
     2.600         *         *         *         *         *    23.000         *         *         *         *         *     0.000     1.000     0.000    -0.072     3.000    14.000     0.000     3.000     6.000    13.000    16.000    19.000     2.708     0.260    -0.048     0.015    23.516     1.830    -0.200     0.084
     2.000         *         *         *         *         *    18.000         *         *         *         *         *     0.000     0.000     0.000     0.141     0.000     1.000     0.000     3.000     6.000    13.000    16.000    19.000     2.151     0.260    -0.049     0.015    17.633     1.830    -0.094     0.084
         *     1.800     1.700         *         *         *    11.000    10.000    13.000         *         *         *     0.000     0.000     1.000     0.135     0.000    -2.000     0.000     3.000     6.000    13.000    16.000    19.000     1.973     0.200    -0.042     0.015    11.524     1.152    -0.025     0.083
     1.700         *         *         *         *         *     4.000         *         *         *         *         *     0.000     1.000     1.000     1.836     0.000    -6.000     0.000     3.000     6.000    13.000    16.000    19.000     1.723     0.260    -0.038     0.015     5.621     1.830    -0.035     0.084
     2.100         *         *         *         *         *    16.000         *         *         *         *         *     0.000     1.000     1.000     1.836     0.000    -7.000     0.000     3.000     6.000    13.000    16.000    19.000     2.040     0.260    -0.040     0.015    15.661     1.830    -0.060     0.084
     2.100     2.300     2.570         *         *         *    19.000    14.000    11.000         *         *         *     0.000     1.000     0.000     1.156     0.000     1.000     0.000     3.000     6.000    13.000    16.000    19.000     2.439     0.167    -0.040     0.015    15.206     1.152    -0.134     0.083
     2.900     2.920     2.860     2.530     2.870     2.450    14.000    18.000    17.000    15.000         *    16.000     0.000     1.000     0.000     1.156     0.000     1.000     0.000     3.000     6.000    13.000    16.000    19.000     3.016     0.152    -0.030     0.011    16.528     1.053    -0.060     0.071
     2.500     2.400     2.410     1.590     1.460     1.400    25.000    25.000    26.000    23.000    24.000     4.000     0.000     1.000     0.000     0.575     3.000     6.000     0.000     3.000     6.000    13.000    16.000    19.000     2.494     0.152    -0.056     0.011    24.946     1.034    -0.391     0.069
     2.600     2.550     2.230     1.600     1.240     1.410    20.000    24.000    22.000    23.000    22.000    23.000     0.000     1.000     0.000     0.575     2.000     2.000     0.000     3.000     6.000    13.000    16.000    19.000     2.502     0.152    -0.059     0.011    23.127     1.034    -0.088     0.069
     1.200     0.850     1.020         *         *         *    17.000         *    20.000         *         *         *     0.000     1.000     0.000    -0.200     0.000     1.000     0.000     3.000     6.000    13.000    16.000    19.000     1.321     0.167    -0.054     0.015    18.561     1.379    -0.104     0.083
     1.500     1.300     1.810         *         *         *    23.000         *    22.000         *         *         *     0.000     0.000     0.000    -0.200     0.000     1.000     0.000     3.000     6.000    13.000    16.000    19.000     1.789     0.167    -0.051     0.015    22.123     1.379    -0.110     0.083
     3.000     2.650         *         *         *         *    22.000    20.000         *         *         *         *     0.000     0.000     1.000     0.964     0.000     7.000     0.000     3.000     6.000    13.000    16.000    19.000     2.840     0.196    -0.044     0.015    20.549     1.360    -0.059     0.084
     3.000     3.150         *         *         *         *    23.000    22.000         *         *         *         *     0.000     0.000     0.000     0.997     0.000     8.000     0.000     3.000     6.000    13.000    16.000    19.000     3.103     0.196    -0.046     0.015    22.153     1.360    -0.097     0.084
     2.500     2.150     1.750         *         *         *     7.000     9.000     6.000     3.000         *         *     0.000     0.000     1.000    -1.358     0.000     0.000     0.000     3.000     6.000    13.000    16.000    19.000     2.246     0.167    -0.042     0.015     7.018     1.072    -0.072     0.078
         *     1.850     1.550         *         *         *    20.000    19.000    25.000         *         *         *     0.000     1.000     0.000    -1.358     0.000    -4.000     0.000     3.000     6.000    13.000    16.000    19.000     1.994     0.200    -0.050     0.015    21.223     1.152    -0.073     0.083
     3.100         *         *         *         *         *    22.000         *         *         *         *         *     0.000     1.000     0.000    -0.183     2.000     2.000     0.000     3.000     6.000    13.000    16.000    19.000     2.972     0.260    -0.043     0.015    22.064     1.830    -0.150     0.084
     2.800     2.800         *         *         *         *     9.000     8.000         *         *         *         *     0.000     0.000     1.000    -0.183     1.000     8.000     0.000     3.000     6.000    13.000    16.000    19.000     2.807     0.196    -0.037     0.015     9.378     1.360    -0.048     0.084
         *     0.570     2.300     0.440         *         *    15.000    11.000    17.000         *         *         *     0.000     0.000     0.000    -0.339     0.000    -6.000     0.000     3.000     6.000    13.000    16.000    19.000     1.583     0.182    -0.054     0.014    14.527     1.152    -0.077     0.083
         *     1.300     0.860         *         *         *    16.000    13.000    15.000         *         *         *     0.000     0.000     0.000    -0.339     0.000    -3.000     0.000     3.000     6.000    13.000    16.000    19.000     1.489     0.200    -0.055     0.015    14.962     1.152    -0.097     0.083
         *     1.500     1.510         *         *         *    23.000    24.000    23.000         *         *         *     0.000     1.000     0.000    -0.460     0.000     1.000     0.000     3.000     6.000    13.000    16.000    19.000     1.863     0.200    -0.054     0.015    23.266     1.152    -0.116     0.083
     1.500         *         *         *         *         *    14.000         *         *         *         *         *     0.000     1.000     0.000    -0.447     1.000    -2.000     0.000     3.000     6.000    13.000    16.000    19.000     1.723     0.260    -0.047     0.015    14.786     1.830    -0.124     0.084
     1.000     1.000     0.900         *         *         *    17.000    15.000    14.000         *         *         *     1.000     0.000     1.000    -1.575     0.000    11.000     0.000     3.000     6.000    13.000    16.000    19.000     1.186     0.167    -0.033     0.015    15.213     1.152     0.020     0.083
         *         *     2.810     1.170     1.900     1.680    12.000    15.000    15.000    16.000    16.000         *     0.000     0.000     0.000    -0.167     0.000    -2.000     0.000     3.000     6.000    13.000    16.000    19.000     2.561     0.205    -0.050     0.012    14.865     1.042    -0.006     0.074
     2.900     3.200     3.580     3.230     2.930         *    19.000    17.000    13.000    18.000    10.000         *     0.000     0.000     0.000    -1.277     2.000    16.000     0.000     3.000     6.000    13.000    16.000    19.000     3.386     0.153    -0.030     0.012    17.065     1.042    -0.187     0.074
     2.300         *     2.700         *         *         *     5.000         *         *         *         *         *     0.000     1.000     0.000    -0.011     0.000    -2.000     0.000     3.000     6.000    13.000    16.000    19.000     2.559     0.197    -0.034     0.015     7.012     1.829    -0.054     0.084
     1.900     1.600     1.700         *         *         *    15.000    11.000    16.000         *         *         *     0.000     1.000     1.000    -0.783     0.000    -4.000     0.000     3.000     6.000    13.000    16.000    19.000     1.877     0.167    -0.041     0.015    14.140     1.152    -0.042     0.083
     3.400     3.030     3.060     2.380         *         *    21.000    18.000    16.000     7.000         *         *     0.000     1.000     0.000    -0.247     0.000    -5.000     0.000     3.000     6.000    13.000    16.000    19.000     3.120     0.156    -0.043     0.013    16.742     1.072    -0.212     0.078
     3.000     3.100     3.090     2.600     2.650     1.940    21.000    28.000    26.000    25.000    24.000    29.000     0.000     1.000     0.000    -1.146     1.000     4.000     0.000     3.000     6.000    13.000    16.000    19.000     3.146     0.152    -0.046     0.011    25.484     1.034    -0.019     0.069
     2.800         *         *         *         *         *    21.000         *         *         *         *         *     0.000     1.000     0.000    -0.895     2.000     8.000     0.000     3.000     6.000    13.000    16.000    19.000     2.805     0.260    -0.045     0.015    21.349     1.830    -0.154     0.084
     1.300         *     1.390         *         *         *    25.000    23.000    18.000         *         *         *     0.000     1.000     0.000    -0.881     1.000     2.000     0.000     3.000     6.000    13.000    16.000    19.000     1.660     0.197    -0.051     0.015    22.356     1.152    -0.180     0.083
         *     2.900     2.900     2.260         *         *     7.000     9.000    14.000    16.000         *         *     0.000     0.000     0.000    -2.070     0.000     5.000     0.000     3.000     6.000    13.000    16.000    19.000     2.982     0.182    -0.044     0.014    11.449     1.072     0.051     0.078
     3.100     3.050     2.600     2.470     2.760         *     6.000    11.000     8.000     6.000     6.000         *     0.000     1.000     0.000    -2.070     0.000    -3.000     0.000     3.000     6.000    13.000    16.000    19.000     2.992     0.153    -0.032     0.012     8.368     1.042    -0.081     0.074
         *     2.650     2.000     2.140         *         *    21.000    22.000    20.000    20.000    21.000         *     0.000     0.000     0.000    -0.262     1.000     7.000     0.000     3.000     6.000    13.000    16.000    19.000     2.648     0.182    -0.048     0.014    21.469     1.042    -0.101     0.074
     2.600     2.450     2.330     1.610         *         *    26.000    25.000    19.000    19.000         *         *     0.000     1.000     0.000    -0.914     0.000     1.000     0.000     3.000     6.000    13.000    16.000    19.000     2.536     0.156    -0.053     0.013    22.917     1.072    -0.165     0.078
     2.600     2.800     2.650         *         *         *    13.000    14.000    16.000         *         *         *     0.000     1.000     0.000    -1.359     2.000     5.000     0.000     3.000     6.000    13.000    16.000    19.000     2.791     0.167    -0.039     0.015    15.168     1.152    -0.117     0.083
     2.900     2.850     2.670     2.250         *         *    23.000    19.000    20.000    18.000         *         *     0.000     0.000     0.000    -0.556     0.000     3.000     0.000     3.000     6.000    13.000    16.000    19.000     2.907     0.156    -0.047     0.013    20.421     1.072    -0.109     0.078
     2.300         *     1.760         *         *         *    14.000    13.000    13.000         *         *         *     0.000     0.000     0.000    -0.822     0.000     0.000     0.000     3.000     6.000    13.000    16.000    19.000     2.228     0.197    -0.049     0.015    13.710     1.152    -0.078     0.083
         *         *         *         *         *         *    19.000         *         *         *         *         *     0.000     1.000     0.000    -0.822     0.000     1.000     0.000     3.000     6.000    13.000    16.000    19.000     2.529     0.515    -0.046     0.015    18.730     1.830    -0.094     0.085
     1.900         *         *         *         *         *    26.000         *         *         *         *         *     0.000     1.000     0.000    -1.150     3.000    -2.000     0.000     3.000     6.000    13.000    16.000    19.000     2.065     0.260    -0.047     0.015    25.626     1.830    -0.199     0.084
     3.800         *         *         *         *         *    19.000         *         *         *         *         *     0.000     0.000     0.000    -1.536     0.000    16.000     0.000     3.000     6.000    13.000    16.000    19.000     3.644     0.260    -0.045     0.015    18.960     1.830    -0.070     0.084
     2.400     2.080     2.410     1.950     2.050     1.850    11.000     9.000    11.000     8.000     9.000         *     0.000     1.000     0.000    -1.538     0.000     0.000     0.000     3.000     6.000    13.000    16.000    19.000     2.453     0.152    -0.035     0.011    10.566     1.042    -0.092     0.074
     1.300         *         *         *         *         *    10.000         *         *         *         *         *     0.000     0.000     1.000    -2.167     0.000     6.000     0.000     3.000     6.000    13.000    16.000    19.000     1.613     0.260    -0.045     0.015    10.717     1.830    -0.036     0.084
     2.500     2.820     2.860     2.310     2.260         *    15.000    20.000    18.000    17.000    14.000    13.000     0.000     0.000     1.000    -2.167     0.000    -2.000     0.000     3.000     6.000    13.000    16.000    19.000     2.773     0.153    -0.034     0.012    16.835     1.034    -0.079     0.069
     1.700     1.570     1.520         *         *         *    13.000    13.000    14.000         *         *         *     0.000     1.000     0.000    -2.481     0.000    -8.000     0.000     3.000     6.000    13.000    16.000    19.000     1.784     0.167    -0.045     0.015    13.686     1.152    -0.071     0.083
     1.900     2.020     2.150     1.900     1.510         *    23.000    24.000    23.000    24.000    23.000         *     0.000     1.000     1.000    -2.505     0.000    12.000     0.000     3.000     6.000    13.000    16.000    19.000     2.257     0.153    -0.042     0.012    23.454     1.042    -0.044     0.074
     2.400         *     2.570     1.680         *         *    19.000         *    17.000         *         *         *     0.000     1.000     0.000    -2.505     0.000     9.000     0.000     3.000     6.000    13.000    16.000    19.000     2.567     0.177    -0.050     0.013    18.308     1.380    -0.100     0.083
     3.000     3.000     3.090     2.490     2.870     2.180    27.000    26.000    24.000    26.000    23.000    24.000     0.000     0.000     0.000    -3.381     1.000     5.000     0.000     3.000     6.000    13.000    16.000    19.000     3.161     0.152    -0.042     0.011    25.783     1.034    -0.105     0.069
         *         *     2.190         *         *         *    18.000    12.000    18.000         *         *         *     0.000     0.000     0.000    -1.962     0.000     3.000     0.000     3.000     6.000    13.000    16.000    19.000     2.528     0.261    -0.048     0.015    16.221     1.152    -0.069     0.083
     2.700         *     2.600         *         *         *    20.000         *    18.000         *         *         *     0.000     0.000     0.000    -1.464     0.000    -1.000     0.000     3.000     6.000    13.000    16.000    19.000     2.757     0.197    -0.044     0.015    18.941     1.380    -0.078     0.083
     1.700     1.580         *         *         *         *    14.000     9.000         *         *         *         *     0.000     1.000     1.000    -2.745     0.000     1.000     0.000     3.000     6.000    13.000    16.000    19.000     1.785     0.196    -0.042     0.015    11.911     1.360    -0.053     0.084
     0.900         *         *         *         *         *    20.000    21.000    18.000         *         *         *     0.000     1.000     0.000    -2.745     0.000     7.000     0.000     3.000     6.000    13.000    16.000    19.000     1.387     0.259    -0.054     0.015    19.893     1.152    -0.125     0.083
     1.700     2.000     1.250     1.350         *         *     7.000    10.000     7.000     8.000         *         *     0.000     0.000     0.000    -4.216     0.000    -5.000     0.000     3.000     6.000    13.000    16.000    19.000     1.875     0.156    -0.045     0.013     8.580     1.072    -0.046     0.078
     2.500     2.650     2.490         *         *         *    12.000    13.000    13.000         *         *         *     0.000     0.000     1.000    -4.213     0.000    -7.000     0.000     3.000     6.000    13.000    16.000    19.000     2.604     0.167    -0.034     0.015    12.676     1.152     0.010     0.083
     2.400     2.500     2.650         *         *         *    20.000    21.000    21.000         *    23.000         *     0.000     1.000     0.000    -4.467     0.000     1.000     0.000     3.000     6.000    13.000    16.000    19.000     2.659     0.167    -0.042     0.015    21.173     1.088    -0.020     0.075
     2.400     1.900     2.100         *     2.080     1.440    22.000    22.000    19.000    23.000    25.000         *     0.000     1.000     0.000    -3.750     0.000    -4.000     0.000     3.000     6.000    13.000    16.000    19.000     2.361     0.156    -0.041     0.011    22.012     1.042    -0.008     0.074
         *     2.050     1.520         *         *         *    20.000    18.000    21.000         *         *         *     0.000     1.000     0.000    -2.839     0.000     0.000     0.000     3.000     6.000    13.000    16.000    19.000     2.097     0.200    -0.051     0.015    19.751     1.152    -0.085     0.083
     3.000     3.000     2.760         *         *         *    18.000    19.000    18.000         *         *         *     0.000     1.000     0.000    -2.842     0.000     9.000     0.000     3.000     6.000    13.000    16.000    19.000     3.036     0.167    -0.044     0.015    18.579     1.152    -0.077     0.083
     3.000         *         *         *     2.680     2.120    22.000    23.000         *         *    25.000    20.000     1.000     1.000     0.000    -4.333     2.000     8.000     0.000     3.000     6.000    13.000    16.000    19.000     2.875     0.198    -0.027     0.011    22.792     1.178    -0.031     0.070
         *     2.800     2.800         *         *         *    18.000    12.000    17.000         *         *         *     0.000     0.000     0.000    -5.003     1.000    10.000     0.000     3.000     6.000    13.000    16.000    19.000     3.020     0.200    -0.044     0.015    16.182     1.152    -0.083     0.083
         *     2.650     2.700     2.380         *         *         *    18.000    19.000    14.000         *         *     0.000     1.000     0.000     0.800     1.000    -5.000     0.000     3.000     6.000    13.000    16.000    19.000     2.790     0.183    -0.037     0.014    18.117     1.269    -0.144     0.081
         *         *         *         *     2.190     2.030    23.000         *         *         *    24.000    17.000     0.000     0.000     0.000    -4.027     0.000    -4.000     0.000     3.000     6.000    13.000    16.000    19.000     2.829     0.264    -0.043     0.013    21.873     1.391    -0.080     0.072
     3.000     2.800     2.830         *     2.630     2.810    21.000    25.000    23.000    21.000    21.000    20.000     0.000     1.000     0.000    -3.777     0.000     0.000     0.000     3.000     6.000    13.000    16.000    19.000     3.047     0.156    -0.029     0.011    22.502     1.034    -0.088     0.069
     2.000     1.950     2.830         *         *         *    28.000    23.000    24.000         *         *         *     0.000     1.000     0.000    -3.844     3.000     7.000     0.000     3.000     6.000    13.000    16.000    19.000     2.445     0.167    -0.041     0.015    25.574     1.152    -0.199     0.083
     2.200     2.200     2.110     1.790         *         *    21.000    20.000    18.000    20.000         *         *     0.000     1.000     1.000    -4.372     1.000    11.000     0.000     3.000     6.000    13.000    16.000    19.000     2.352     0.156    -0.044     0.013    20.127     1.072    -0.077     0.078
     3.200         *         *         *         *         *    26.000         *         *         *         *         *     0.000     1.000     0.000    -5.220     2.000     8.000     0.000     3.000     6.000    13.000    16.000    19.000     3.159     0.260    -0.045     0.015    25.613     1.830    -0.137     0.084
     2.500     2.370         *         *         *         *    17.000    16.000         *         *         *         *     0.000     0.000     0.000    -3.258     0.000   -10.000     0.000     3.000     6.000    13.000    16.000    19.000     2.477     0.196    -0.043     0.015    16.417     1.360    -0.054     0.084
     2.200         *         *         *         *         *    24.000         *         *         *         *         *     0.000     1.000     0.000    -3.872     0.000     0.000     0.000     3.000     6.000    13.000    16.000    19.000     2.316     0.260    -0.048     0.015    22.901     1.830    -0.095     0.084
     2.700     2.650     2.850         *         *         *    20.000    17.000    24.000         *         *         *     0.000     0.000     0.000    -5.556     3.000     0.000     0.000     3.000     6.000    13.000    16.000    19.000     2.857     0.167    -0.040     0.015    20.822     1.152    -0.111     0.083
     2.300     2.550     2.000         *         *         *    25.000    23.000    24.000         *         *         *     0.000     0.000     0.000    -5.556     0.000     5.000     0.000     3.000     6.000    13.000    16.000    19.000     2.497     0.167    -0.052     0.015    23.778     1.152    -0.076     0.083
     3.400     2.600     2.650     2.390     1.560         *    15.000    19.000    16.000    18.000    14.000         *     0.000     1.000     1.000    -5.892     0.000     4.000     0.000     3.000     6.000    13.000    16.000    19.000     2.887     0.153    -0.052     0.012    16.636     1.042    -0.029     0.074
     2.800         *         *         *         *         *    17.000         *         *         *         *         *     0.000     0.000     0.000    -5.908     0.000    -1.000     0.000     3.000     6.000    13.000    16.000    19.000     2.790     0.260    -0.044     0.015    16.886     1.830    -0.042     0.084
     2.300     2.470     2.230     1.900         *         *    10.000    15.000     9.000    10.000         *         *     0.000     1.000     0.000    -4.172     1.000     2.000     0.000     3.000     6.000    13.000    16.000    19.000     2.467     0.156    -0.042     0.013    11.973     1.072    -0.104     0.078
     1.900     2.250     2.270         *         *         *    11.000    10.000    11.000         *         *         *     0.000     1.000     0.000    -4.172     0.000     1.000     0.000     3.000     6.000    13.000    16.000    19.000     2.293     0.167    -0.040     0.015    11.250     1.152    -0.061     0.083
     3.700     3.250         *     3.170     2.650         *    18.000    22.000         *    16.000    24.000         *     0.000     1.000     0.000    -3.470     2.000     7.000     0.000     3.000     6.000    13.000    16.000    19.000     3.472     0.166    -0.041     0.012    20.714     1.141    -0.074     0.074
     3.800     3.350     3.200     3.250     3.130     2.950    19.000    18.000    19.000    19.000    20.000    19.000     0.000     0.000     0.000    -6.056     2.000     1.000     0.000     3.000     6.000    13.000    16.000    19.000     3.562     0.152    -0.033     0.011    19.482     1.034    -0.045     0.069
     2.700         *         *         *         *         *     8.000         *         *         *         *         *     0.000     1.000     0.000    -4.866     0.000     0.000     0.000     3.000     6.000    13.000    16.000    19.000     2.663     0.260    -0.040     0.015     9.574     1.830    -0.038     0.084
     2.100         *         *         *         *         *     8.000         *         *         *         *         *     0.000     0.000     0.000    -4.866     0.000     0.000     0.000     3.000     6.000    13.000    16.000    19.000     2.245     0.260    -0.044     0.015     9.319     1.830    -0.037     0.084
     2.400     2.060     1.890         *         *         *     6.000         *         *         *         *         *     0.000     1.000     0.000    -4.430     0.000     1.000     0.000     3.000     6.000    13.000    16.000    19.000     2.279     0.167    -0.045     0.015     7.844     1.828    -0.046     0.084
     3.300     3.330     2.650         *         *         *    21.000    23.000    19.000         *         *         *     0.000     1.000     0.000    -3.928     3.000     3.000     0.000     3.000     6.000    13.000    16.000    19.000     3.175     0.167    -0.043     0.015    21.722     1.152    -0.161     0.083
     2.900     3.100     2.820         *         *         *    13.000    12.000    15.000         *         *         *     0.000     0.000     0.000    -4.833     0.000    -9.000     0.000     3.000     6.000    13.000    16.000    19.000     2.987     0.167    -0.036     0.015    13.484     1.152    -0.014     0.083
         *         *     2.730     1.890     1.270     1.590    28.000    19.000    26.000         *    25.000    24.000     0.000     1.000     0.000    -4.833     0.000    -7.000     0.000     3.000     6.000    13.000    16.000    19.000     2.590     0.205    -0.054     0.012    24.490     1.068    -0.045     0.069
     2.800     2.550         *         *         *         *    20.000    21.000         *         *         *         *     0.000     1.000     0.000    -4.736     0.000    -3.000     0.000     3.000     6.000    13.000    16.000    19.000     2.715     0.196    -0.044     0.015    20.292     1.360    -0.065     0.084
     2.800     2.550     2.740         *         *         *    18.000    19.000    17.000         *         *         *     0.000     1.000     0.000    -4.736     0.000    -4.000     0.000     3.000     6.000    13.000    16.000    19.000     2.786     0.167    -0.040     0.015    18.117     1.152    -0.062     0.083
     2.300     2.450     2.600         *         *         *    22.000    23.000    23.000         *         *         *     0.000     1.000     1.000    -5.777     1.000     2.000     0.000     3.000     6.000    13.000    16.000    19.000     2.565     0.167    -0.037     0.015    22.535     1.152    -0.053     0.083
     3.000     2.800     2.430     1.290         *         *    17.000    17.000    19.000         *         *         *     0.000     1.000     0.000    -5.683     0.000     6.000     0.000     3.000     6.000    13.000    16.000    19.000     2.728     0.156    -0.063     0.013    17.860     1.152    -0.060     0.083
     3.200     3.100     3.150     2.870     2.680     1.870    13.000    15.000    11.000    11.000    11.000    14.000     0.000     1.000     0.000    -4.358     0.000     6.000     0.000     3.000     6.000    13.000    16.000    19.000     3.213     0.152    -0.045     0.011    13.281     1.034    -0.063     0.069
     3.500     3.400     3.450     3.230     3.230         *    18.000    20.000    21.000    20.000    22.000         *     0.000     1.000     0.000    -6.656     0.000     7.000     0.000     3.000     6.000    13.000    16.000    19.000     3.571     0.153    -0.032     0.012    20.079     1.042     0.007     0.074
     2.500         *         *         *         *         *    28.000         *         *         *         *         *     0.000     1.000     0.000    -5.473     3.000    10.000     0.000     3.000     6.000    13.000    16.000    19.000     2.665     0.260    -0.048     0.015    27.666     1.830    -0.182     0.084
         *     2.400     2.440         *         *         *    16.000    23.000    22.000         *         *         *     0.000     1.000     0.000    -5.761     0.000     2.000     0.000     3.000     6.000    13.000    16.000    19.000     2.637     0.200    -0.045     0.015    20.265     1.152    -0.036     0.083
     1.800     1.880     1.730         *         *         *    12.000    14.000    11.000         *         *         *     0.000     1.000     0.000    -5.761     0.000    12.000     0.000     3.000     6.000    13.000    16.000    19.000     2.060     0.167    -0.049     0.015    12.968     1.152    -0.081     0.083
     2.500     2.350     2.300     1.710         *         *    26.000    27.000    27.000    26.000         *         *     0.000     0.000     0.000    -6.973     2.000     8.000     0.000     3.000     6.000    13.000    16.000    19.000     2.571     0.156    -0.054     0.013    26.882     1.072    -0.112     0.078
     3.100     3.100     2.600     2.530     1.270     1.450    26.000    29.000    27.000    24.000    21.000    25.000     0.000     0.000     1.000    -7.570     3.000     2.000     0.000     3.000     6.000    13.000    16.000    19.000     2.919     0.152    -0.062     0.011    26.602     1.034    -0.145     0.069
     3.700         *     3.520     3.520         *     3.500    19.000    19.000    19.000    18.000    19.000    17.000     0.000     1.000     0.000    -4.978     0.000     4.000     0.000     3.000     6.000    13.000    16.000    19.000     3.725     0.173    -0.025     0.012    19.001     1.034    -0.055     0.069
     3.600     3.450     3.550     3.250     3.200     3.160    19.000    20.000    20.000    20.000    20.000    22.000     0.000     1.000     0.000    -4.978     0.000     2.000     0.000     3.000     6.000    13.000    16.000    19.000     3.607     0.152    -0.030     0.011    20.041     1.034     0.005     0.069
         *     3.150     2.850     2.160     1.600         *         *     7.000     3.000     7.000     5.000         *     0.000     0.000     0.000    -3.816     0.000     3.000     0.000     3.000     6.000    13.000    16.000    19.000     2.924     0.177    -0.054     0.013     6.486     1.220    -0.047     0.077
         *     2.900     3.100     3.250     1.380     0.920    27.000    27.000    21.000    23.000    24.000    23.000     0.000     0.000     0.000    -6.917     1.000     3.000     0.000     3.000     6.000    13.000    16.000    19.000     3.088     0.176    -0.069     0.012    25.040     1.034    -0.108     0.069
     3.400     3.050     3.300     2.220     2.260         *    25.000    28.000    27.000    27.000    26.000    26.000     0.000     0.000     0.000    -6.917     1.000     2.000     0.000     3.000     6.000    13.000    16.000    19.000     3.244     0.153    -0.054     0.012    26.705     1.034    -0.047     0.069
     2.800     2.200     2.330     1.620     1.090     0.770    11.000    14.000    14.000    12.000    11.000     9.000     0.000     1.000     0.000    -6.092     0.000    -2.000     0.000     3.000     6.000    13.000    16.000    19.000     2.431     0.152    -0.067     0.011    12.942     1.034    -0.097     0.069
     2.100     1.500     1.400     1.140         *         *    11.000     8.000    11.000     7.000         *         *     0.000     1.000     0.000    -6.092     0.000    -3.000     0.000     3.000     6.000    13.000    16.000    19.000     1.860     0.156    -0.050     0.013    10.093     1.072    -0.089     0.078
     1.500     0.850     0.700     0.790     0.460         *    12.000    15.000    13.000    11.000    13.000         *     0.000     1.000     1.000    -6.716     0.000    -7.000     0.000     3.000     6.000    13.000    16.000    19.000     1.278     0.153    -0.047     0.012    13.138     1.042    -0.038     0.074
     1.800         *     1.650     0.990     0.950     1.110    12.000    16.000    14.000    14.000    10.000     8.000     0.000     1.000     0.000    -6.716     1.000    -2.000     0.000     3.000     6.000    13.000    16.000    19.000     1.882     0.169    -0.050     0.011    14.046     1.034    -0.159     0.069
         *     3.400     3.540         *         *         *    25.000         *    26.000         *         *         *     0.000     1.000     1.000    -7.611     1.000     2.000     0.000     3.000     6.000    13.000    16.000    19.000     3.484     0.200    -0.033     0.015    24.977     1.379    -0.029     0.083
     1.500     1.350     1.050     0.990         *         *    22.000    21.000    22.000    19.000         *         *     0.000     0.000     0.000    -8.361     0.000     8.000     0.000     3.000     6.000    13.000    16.000    19.000     1.667     0.156    -0.057     0.013    21.307     1.072    -0.093     0.078
     2.400     2.500     1.850         *         *         *    12.000    10.000    10.000         *         *         *     0.000     0.000     0.000    -8.138     1.000    -6.000     0.000     3.000     6.000    13.000    16.000    19.000     2.403     0.167    -0.043     0.015    11.289     1.152    -0.058     0.083
     2.000     2.300         *         *         *         *    13.000    13.000         *         *         *         *     0.000     0.000     1.000    -7.810     0.000    -3.000     0.000     3.000     6.000    13.000    16.000    19.000     2.248     0.196    -0.038     0.015    13.069     1.360     0.010     0.084
     1.800     2.300     2.330     2.080         *         *    18.000    12.000    13.000    13.000         *         *     0.000     0.000     0.000    -7.325     1.000     2.000     0.000     3.000     6.000    13.000    16.000    19.000     2.375     0.156    -0.036     0.013    14.757     1.072    -0.101     0.078
     2.900     3.050     2.700     1.770     2.190     1.620    24.000    23.000    22.000    22.000    24.000         *     0.000     1.000     0.000    -8.939     0.000     0.000     0.000     3.000     6.000    13.000    16.000    19.000     2.897     0.152    -0.056     0.011    23.092     1.042    -0.039     0.074
     3.000         *     2.900     2.500     1.550         *    16.000    21.000    21.000    20.000    19.000         *     0.000     1.000     0.000    -8.908     0.000     2.000     0.000     3.000     6.000    13.000    16.000    19.000     2.947     0.171    -0.053     0.012    19.448     1.042    -0.012     0.074
     2.000     1.400     1.590     0.590     0.750         *    27.000    27.000    25.000    26.000    22.000    24.000     0.000     1.000     0.000    -7.710     2.000    18.000     0.000     3.000     6.000    13.000    16.000    19.000     1.899     0.153    -0.070     0.012    26.776     1.034    -0.176     0.069
     2.600     2.500     2.550     2.460         *     1.960     9.000    14.000    15.000    13.000         *         *     0.000     1.000     0.000    -7.209     0.000    -9.000     0.000     3.000     6.000    13.000    16.000    19.000     2.676     0.154    -0.034     0.011    12.893     1.072     0.002     0.078
     2.000     1.880     1.990     1.610         *         *    14.000         *         *         *         *         *     0.000     0.000     0.000    -6.906     0.000     2.000     0.000     3.000     6.000    13.000    16.000    19.000     2.183     0.156    -0.046     0.013    14.376     1.828    -0.046     0.084
     2.200     2.180     2.410     1.760     1.710     1.320    17.000    15.000    18.000    19.000    16.000    14.000     0.000     0.000     0.000    -6.906     0.000    -4.000     0.000     3.000     6.000    13.000    16.000    19.000     2.396     0.152    -0.047     0.011    16.922     1.034    -0.048     0.069
     3.000     2.610     2.890         *         *         *    21.000    18.000    21.000         *         *         *     0.000     1.000     0.000    -7.500     0.000    -2.000     0.000     3.000     6.000    13.000    16.000    19.000     2.932     0.167    -0.041     0.015    19.981     1.152    -0.046     0.083
     3.400     2.980     3.230     2.620     2.790     2.390    22.000    19.000    19.000    23.000    25.000    19.000     0.000     0.000     0.000    -7.563     0.000    -5.000     0.000     3.000     6.000    13.000    16.000    19.000     3.260     0.152    -0.041     0.011    20.821     1.034     0.019     0.069
         *         *     2.870     2.630     2.560     2.600         *         *    26.000    29.000    24.000    24.000     0.000     1.000     0.000    -0.861     2.000    -4.000     0.000     3.000     6.000    13.000    16.000    19.000     3.079     0.205    -0.034     0.012    27.267     1.423    -0.134     0.078
         *         *     2.980     2.260     1.820     3.050         *         *    25.000    22.000    20.000    13.000     0.000     1.000     0.000    -0.828     3.000    -2.000     0.000     3.000     6.000    13.000    16.000    19.000     2.946     0.205    -0.034     0.012    23.682     1.423    -0.269     0.078
     4.400     4.550     4.490     4.040     4.290         *    28.000    29.000    28.000    27.000    30.000         *     0.000     0.000     0.000    -7.908     1.000    19.000     0.000     3.000     6.000    13.000    16.000    19.000     4.549     0.153    -0.033     0.012    28.396     1.042    -0.034     0.074
     3.700     3.900     4.010     3.510     3.250         *    29.000    29.000    28.000    28.000    29.000         *     0.000     0.000     0.000    -7.895     3.000    12.000     0.000     3.000     6.000    13.000    16.000    19.000     3.938     0.153    -0.039     0.012    29.214     1.042    -0.100     0.074
     1.700     1.390     1.680     1.040         *         *    27.000    25.000    27.000    25.000         *         *     1.000     1.000     1.000    -7.145     1.000    12.000     0.000     3.000     6.000    13.000    16.000    19.000     1.715     0.156    -0.036     0.013    25.660     1.072     0.001     0.078
     2.700     3.250     3.440     3.150     2.910     2.790    21.000    22.000         *    23.000    23.000    22.000     0.000     0.000     0.000    -6.911     1.000     6.000     0.000     3.000     6.000    13.000    16.000    19.000     3.309     0.152    -0.029     0.011    22.294     1.124    -0.020     0.069
         *     3.530     3.200     1.960         *         *    18.000    16.000    13.000    16.000         *         *     0.000     1.000     0.000    -7.683     0.000     6.000     0.000     3.000     6.000    13.000    16.000    19.000     3.247     0.182    -0.053     0.014    16.229     1.072    -0.058     0.078
     3.300     3.120     3.230     2.780     2.230     2.130    26.000    24.000    24.000    25.000    26.000    25.000     0.000     1.000     0.000    -8.208     1.000    -4.000     0.000     3.000     6.000    13.000    16.000    19.000     3.230     0.152    -0.048     0.011    25.149     1.034    -0.034     0.069
     3.400         *     2.740         *         *         *    17.000    24.000    21.000         *         *         *     0.000     1.000     0.000    -7.419     1.000     0.000     0.000     3.000     6.000    13.000    16.000    19.000     3.150     0.197    -0.043     0.015    20.791     1.152    -0.053     0.083
     2.900     2.750         *         *         *         *    24.000    26.000         *         *         *         *     0.000     1.000     0.000    -9.153     0.000    -1.000     0.000     3.000     6.000    13.000    16.000    19.000     2.887     0.196    -0.045     0.015    24.424     1.360    -0.049     0.084
         *     2.350     2.500         *     1.060     1.770    20.000    20.000    24.000         *    23.000    18.000     0.000     1.000     0.000    -9.156     0.000     3.000     0.000     3.000     6.000    13.000    16.000    19.000     2.552     0.183    -0.055     0.012    21.300     1.068    -0.047     0.069
     1.200     1.100         *         *         *         *     8.000     6.000         *         *         *         *     0.000     1.000     0.000    -8.202     0.000    -2.000     0.000     3.000     6.000    13.000    16.000    19.000     1.419     0.196    -0.047     0.015     7.960     1.360    -0.053     0.084
     3.100     3.300     3.490     2.890     2.630     2.510    15.000    13.000    15.000    15.000    16.000    13.000     0.000     1.000     0.000   -10.234     0.000    11.000     0.000     3.000     6.000    13.000    16.000    19.000     3.364     0.152    -0.041     0.011    14.901     1.034    -0.025     0.069
     3.000     3.100     3.310     2.830     2.440     2.420    21.000    18.000    22.000    16.000    19.000    18.000     0.000     1.000     0.000   -10.126     0.000    10.000     0.000     3.000     6.000    13.000    16.000    19.000     3.245     0.152    -0.042     0.011    19.737     1.034    -0.077     0.069
     3.100     2.900     2.700     2.680     1.800     2.080    27.000    26.000    23.000    26.000    26.000    22.000     0.000     1.000     0.000   -11.108     0.000     4.000     0.000     3.000     6.000    13.000    16.000    19.000     3.032     0.152    -0.051     0.011    25.408     1.034    -0.065     0.069
     3.400     3.800     3.780     3.080     2.410         *    22.000    21.000    22.000    24.000    22.000    21.000     0.000     1.000     0.000   -10.317     0.000     2.000     0.000     3.000     6.000    13.000    16.000    19.000     3.603     0.153    -0.047     0.012    21.984     1.034    -0.009     0.069
         *     1.750     2.280         *         *         *    13.000    19.000    16.000         *         *         *     1.000     1.000     0.000   -10.169     0.000     4.000     0.000     3.000     6.000    13.000    16.000    19.000     2.178     0.200    -0.025     0.015    15.889     1.152     0.070     0.083
     2.600         *     2.300     1.540     1.730         *    20.000    17.000    17.000    19.000    17.000         *     0.000     1.000     0.000   -11.281     2.000     2.000     0.000     3.000     6.000    13.000    16.000    19.000     2.524     0.171    -0.051     0.012    18.893     1.042    -0.095     0.074
     4.000     4.000     3.990         *         *         *    21.000    21.000    25.000         *         *         *     0.000     1.000     0.000   -10.214     2.000    18.000     0.000     3.000     6.000    13.000    16.000    19.000     4.057     0.167    -0.038     0.015    22.731     1.152    -0.070     0.083
     3.200     3.350     2.760         *         *         *    28.000    27.000    25.000         *         *         *     0.000     1.000     0.000   -10.214     3.000    15.000     0.000     3.000     6.000    13.000    16.000    19.000     3.269     0.167    -0.047     0.015    27.161     1.152    -0.158     0.083
     2.700         *         *         *         *         *    15.000         *         *         *         *         *     0.000     1.000     0.000   -11.850     0.000     4.000     0.000     3.000     6.000    13.000    16.000    19.000     2.784     0.260    -0.043     0.015    15.603     1.830    -0.023     0.084
         *         *         *         *         *         *    13.000         *         *         *         *         *     0.000     1.000     0.000   -11.850     0.000     1.000     0.000     3.000     6.000    13.000    16.000    19.000     2.895     0.515    -0.040     0.015    13.877     1.830    -0.012     0.085
     3.900     3.500     3.420     3.250     3.380     3.240    28.000    27.000    29.000    24.000    27.000    27.000     0.000     0.000     0.000   -10.578     2.000    12.000     0.000     3.000     6.000    13.000    16.000    19.000     3.778     0.152    -0.036     0.011    27.656     1.034    -0.084     0.069
     3.100     3.000     2.750     2.900     2.780     2.420    29.000    27.000    28.000    29.000    26.000    29.000     0.000     1.000     0.000   -10.526     2.000    19.000     0.000     3.000     6.000    13.000    16.000    19.000     3.243     0.152    -0.041     0.011    28.640     1.034    -0.081     0.069
     3.600     3.500     3.100     3.440     3.390     2.420    29.000    28.000    28.000    26.000    28.000    26.000     0.000     1.000     1.000   -13.750     1.000     8.000     0.000     3.000     6.000    13.000    16.000    19.000     3.560     0.152    -0.036     0.011    27.645     1.034    -0.041     0.069
         *     2.350     2.650     1.870     1.920         *    20.000    22.000    20.000    24.000    25.000         *     0.000     1.000     1.000   -13.578     1.000    12.000     0.000     3.000     6.000    13.000    16.000    19.000     2.689     0.177    -0.047     0.013    21.718     1.042     0.053     0.074
     2.800     2.500     2.540     2.260     2.210     2.110    27.000    23.000    28.000    21.000    21.000    23.000     0.000     0.000     0.000   -11.089     3.000     0.000     0.000     3.000     6.000    13.000    16.000    19.000     2.808     0.152    -0.041     0.011    25.357     1.034    -0.165     0.069
     3.100     3.000     2.800         *         *         *    14.000    19.000    17.000         *         *         *     0.000     1.000     0.000   -13.100     1.000     2.000     0.000     3.000     6.000    13.000    16.000    19.000     3.084     0.167    -0.040     0.015    16.999     1.152    -0.025     0.083
     3.900     3.900         *     3.540     2.970     2.840    22.000    22.000    24.000    26.000    21.000    23.000     0.000     0.000     0.000   -13.384     0.000    10.000     0.000     3.000     6.000    13.000    16.000    19.000     3.881     0.164    -0.047     0.011    22.739     1.034     0.014     0.069
     3.300     2.850     2.910     2.630     2.760     2.750    21.000    24.000    16.000    21.000    20.000    24.000     0.000     1.000     0.000   -11.892     0.000    -2.000     0.000     3.000     6.000    13.000    16.000    19.000     3.166     0.152    -0.033     0.011    20.753     1.034     0.015     0.069
     3.200     2.800     3.170     2.240         *         *    21.000    23.000    24.000    18.000         *         *     0.000     0.000     0.000   -11.892     0.000     0.000     0.000     3.000     6.000    13.000    16.000    19.000     3.110     0.156    -0.048     0.013    21.571     1.072    -0.050     0.078
     3.400         *     2.890         *         *         *    27.000    27.000    25.000         *         *         *     0.000     1.000     0.000   -11.624     1.000     6.000     0.000     3.000     6.000    13.000    16.000    19.000     3.274     0.197    -0.046     0.015    26.266     1.152    -0.079     0.083
     2.200     2.200     1.900     1.860     1.760         *    29.000    29.000    27.000    27.000    28.000         *     0.000     1.000     0.000   -14.545     2.000    13.000     0.000     3.000     6.000    13.000    16.000    19.000     2.437     0.153    -0.049     0.012    28.623     1.042    -0.104     0.074
     2.400         *         *         *         *         *    28.000         *         *         *         *         *     0.000     0.000     0.000   -12.689     1.000    -3.000     0.000     3.000     6.000    13.000    16.000    19.000     2.573     0.260    -0.047     0.015    26.477     1.830    -0.067     0.084
     2.900         *         *         *         *         *    13.000         *         *         *         *         *     0.000     1.000     1.000   -13.725     0.000     4.000     0.000     3.000     6.000    13.000    16.000    19.000     2.884     0.260    -0.036     0.015    13.652     1.830     0.036     0.084
     3.000         *         *         *         *         *    20.000         *         *         *         *         *     0.000     1.000     0.000   -13.725     0.000     2.000     0.000     3.000     6.000    13.000    16.000    19.000     3.021     0.260    -0.042     0.015    19.783     1.830    -0.019     0.084
     3.100     3.120     3.120         *         *         *    19.000    17.000    20.000         *         *         *     1.000     0.000     1.000   -13.124     0.000     8.000     0.000     3.000     6.000    13.000    16.000    19.000     3.116     0.167    -0.017     0.015    18.085     1.152     0.139     0.083
     3.600     3.400     3.630         *         *         *    26.000    22.000    23.000         *         *         *     0.000     0.000     0.000   -12.884     0.000    10.000     0.000     3.000     6.000    13.000    16.000    19.000     3.651     0.167    -0.042     0.015    23.445     1.152    -0.028     0.083
     4.000     3.600     3.700     3.440     3.500     3.110    18.000    19.000    22.000    19.000    20.000    20.000     0.000     0.000     1.000   -15.213     0.000    13.000     0.000     3.000     6.000    13.000    16.000    19.000     3.855     0.152    -0.034     0.011    19.093     1.034     0.055     0.069
     3.900     3.500     3.650     3.540     2.500     3.020    29.000    27.000    27.000    29.000    27.000    26.000     0.000     0.000     0.000   -15.210     1.000    10.000     0.000     3.000     6.000    13.000    16.000    19.000     3.788     0.152    -0.047     0.011    27.675     1.034    -0.040     0.069
     3.100     3.000     3.100     2.780     1.740     2.360    21.000    20.000    19.000    23.000    23.000    24.000     0.000     1.000     0.000   -16.081     1.000     9.000     0.000     3.000     6.000    13.000    16.000    19.000     3.172     0.152    -0.050     0.011    21.274     1.034     0.043     0.069
     3.100     3.220     3.200         *         *         *    23.000    23.000    25.000         *         *         *     0.000     1.000     0.000   -15.059     0.000     0.000     0.000     3.000     6.000    13.000    16.000    19.000     3.275     0.167    -0.039     0.015    23.344     1.152     0.000     0.083
     2.800     3.000     3.040     3.410     3.360         *    22.000    22.000    21.000    21.000    21.000         *     0.000     1.000     1.000   -15.059     0.000    -7.000     0.000     3.000     6.000    13.000    16.000    19.000     3.169     0.153    -0.010     0.012    20.968     1.042     0.026     0.074
     3.000     3.150         *     3.090     2.900     2.750    16.000    18.000         *    16.000    17.000    20.000     0.000     0.000     0.000   -16.732     0.000     1.000     0.000     3.000     6.000    13.000    16.000    19.000     3.285     0.164    -0.030     0.011    16.916     1.124     0.048     0.069
     2.800     2.900     2.500     2.650     1.760     1.200    23.000    16.000    21.000    21.000    22.000    20.000     0.000     1.000     1.000   -16.721     1.000     1.000     0.000     3.000     6.000    13.000    16.000    19.000     2.815     0.152    -0.054     0.011    20.319     1.034     0.016     0.069
     3.000     3.250     2.800     2.520     2.210     2.550    23.000    23.000    22.000    25.000    21.000    25.000     0.000     1.000     0.000   -17.606     1.000     2.000     0.000     3.000     6.000    13.000    16.000    19.000     3.135     0.152    -0.042     0.011    23.086     1.034     0.002     0.069
     2.800     2.550     2.450     1.990     2.550     1.710    20.000    23.000    23.000    21.000    20.000    24.000     0.000     1.000     0.000   -17.381     1.000     3.000     0.000     3.000     6.000    13.000    16.000    19.000     2.798     0.152    -0.045     0.011    21.911     1.034    -0.011     0.069
     3.600     3.650     3.570     3.280     3.150     2.340    17.000    14.000    18.000         *         *    11.000     0.000     1.000     0.000   -15.594     1.000    13.000     0.000     3.000     6.000    13.000    16.000    19.000     3.677     0.152    -0.045     0.011    16.146     1.102    -0.105     0.072
     4.600     4.120     4.490     4.490     3.400     3.900    22.000    24.000    21.000    25.000    24.000    22.000     0.000     1.000     0.000   -15.538     0.000     7.000     0.000     3.000     6.000    13.000    16.000    19.000     4.423     0.152    -0.033     0.011    22.647     1.034     0.028     0.069
     3.200     3.500     3.620     3.440         *     3.100    15.000    15.000    15.000    13.000    13.000    15.000     0.000     1.000     0.000   -15.242     0.000    15.000     0.000     3.000     6.000    13.000    16.000    19.000     3.607     0.154    -0.029     0.011    14.830     1.034    -0.032     0.069
     3.100     2.850     2.570         *         *         *    14.000    14.000    14.000         *         *         *     0.000     0.000     0.000   -15.605     0.000    10.000     0.000     3.000     6.000    13.000    16.000    19.000     3.030     0.167    -0.047     0.015    14.274     1.152     0.006     0.083
     3.700     3.680     3.250         *         *         *    12.000    15.000    12.000         *         *         *     0.000     0.000     0.000   -15.603     0.000    11.000     0.000     3.000     6.000    13.000    16.000    19.000     3.650     0.167    -0.041     0.015    13.321     1.152     0.021     0.083
     3.300     3.250     3.330     2.570     2.240     2.430    22.000    18.000    20.000    18.000    19.000    17.000     0.000     1.000     0.000   -18.250     0.000    12.000     0.000     3.000     6.000    13.000    16.000    19.000     3.348     0.152    -0.051     0.011    19.611     1.034    -0.058     0.069
         *         *     2.980     2.310     2.070     1.950         *         *    16.000    21.000    14.000    12.000     0.000     1.000     0.000   -11.721     2.000    -2.000     0.000     3.000     6.000    13.000    16.000    19.000     2.933     0.205    -0.046     0.012    17.771     1.423    -0.129     0.078
         *         *     3.170     2.910     2.780     2.760         *         *    19.000    17.000    21.000    16.000     0.000     1.000     1.000   -11.721     0.000    -3.000     0.000     3.000     6.000    13.000    16.000    19.000     3.230     0.205    -0.028     0.012    17.937     1.423     0.016     0.078
         *         *         *     2.020     1.760         *         *         *         *    17.000    15.000         *     0.000     0.000     1.000    -4.306     0.000     6.000     0.000     3.000     6.000    13.000    16.000    19.000     2.549     0.247    -0.044     0.013    16.199     1.786    -0.021     0.084
         *         *         *     3.230     2.060     2.510         *         *         *    25.000    25.000    26.000     0.000     1.000     0.000    -3.381     1.000     6.000     0.000     3.000     6.000    13.000    16.000    19.000     3.265     0.239    -0.044     0.013    26.239     1.702    -0.080     0.083
         *         *         *         *     1.920     2.720         *         *         *    27.000    24.000    24.000     0.000     1.000     0.000    -3.475     1.000     6.000     0.000     3.000     6.000    13.000    16.000    19.000     3.038     0.264    -0.042     0.013    26.282     1.702    -0.104     0.083
         *     3.200     3.330     3.100     2.990     2.450         *    10.000    12.000    15.000    18.000    10.000     0.000     0.000     0.000   -13.600     1.000     0.000     0.000     3.000     6.000    13.000    16.000    19.000     3.408     0.176    -0.036     0.012    12.972     1.207     0.025     0.073
         *     2.950         *     1.630         *         *         *    14.000    17.000    15.000         *         *     0.000     0.000     0.000   -13.600     1.000     6.000     0.000     3.000     6.000    13.000    16.000    19.000     2.812     0.211    -0.056     0.014    15.921     1.269    -0.038     0.081
         *     3.200         *         *         *         *         *    25.000         *         *         *         *     0.000     0.000     0.000   -14.078     1.000     1.000     0.000     3.000     6.000    13.000    16.000    19.000     3.309     0.259    -0.043     0.015    24.224     1.856    -0.035     0.084
         *     3.250         *     2.140         *         *         *    24.000         *    22.000         *         *     0.000     1.000     0.000   -14.150     1.000     0.000     0.000     3.000     6.000    13.000    16.000    19.000     3.082     0.211    -0.049     0.014    23.255     1.499    -0.058     0.081
         *     2.750         *         *         *         *         *    22.000         *         *         *         *     0.000     0.000     0.000   -15.374     0.000     8.000     0.000     3.000     6.000    13.000    16.000    19.000     3.043     0.259    -0.047     0.015    21.415     1.856    -0.008     0.084
         *     2.700     2.650     2.360     2.360     2.000         *    14.000    10.000    12.000    14.000    12.000     0.000     1.000     1.000   -16.471     0.000    10.000     0.000     3.000     6.000    13.000    16.000    19.000     2.878     0.176    -0.039     0.012    12.365     1.207     0.023     0.073
         *         *         *     2.570     2.220     1.950         *         *         *    19.000    19.000    15.000     0.000     1.000     0.000    -6.400     1.000    -5.000     0.000     3.000     6.000    13.000    16.000    19.000     2.848     0.239    -0.040     0.013    19.254     1.702    -0.098     0.083
         *         *         *     2.910     2.370     2.480         *         *         *    17.000    14.000    14.000     0.000     1.000     0.000    -6.406     0.000     2.000     0.000     3.000     6.000    13.000    16.000    19.000     3.140     0.239    -0.037     0.013    16.219     1.702    -0.068     0.083
         *         *         *     3.020     3.170     2.880         *         *         *    16.000    20.000    19.000     0.000     0.000     0.000    -4.598     0.000    11.000     0.000     3.000     6.000    13.000    16.000    19.000     3.583     0.239    -0.038     0.013    18.715     1.702    -0.027     0.083
         *         *         *     3.420     2.590     2.140         *         *         *    16.000    20.000    18.000     0.000     0.000     0.000    -4.542     0.000     2.000     0.000     3.000     6.000    13.000    16.000    19.000     3.347     0.239    -0.043     0.013    18.297     1.702    -0.025     0.083
         *         *         *     3.900     1.930     3.600         *         *         *    30.000    27.000    25.000     0.000     1.000     0.000    -4.589     1.000    13.000     0.000     3.000     6.000    13.000    16.000    19.000     3.722     0.239    -0.039     0.013    28.538     1.702    -0.102     0.083
         *     4.000         *     3.070     3.640     3.500         *    26.000         *    26.000    27.000    25.000     0.000     1.000     0.000   -14.570     1.000    15.000     0.000     3.000     6.000    13.000    16.000    19.000     3.999     0.196    -0.037     0.012    26.277     1.358    -0.034     0.075
         *     3.900     4.150     2.930     3.710     3.330         *    13.000    16.000    18.000    17.000    16.000     0.000     1.000     0.000   -16.377     0.000     6.000     0.000     3.000     6.000    13.000    16.000    19.000     3.955     0.176    -0.035     0.012    15.572     1.207     0.052     0.073
         *         *     3.100     2.520     2.930     2.810         *    11.000    12.000    10.000    10.000    10.000     0.000     1.000     0.000   -15.978     0.000    -5.000     0.000     3.000     6.000    13.000    16.000    19.000     3.199     0.205    -0.029     0.012    11.123     1.207    -0.021     0.073
         *     3.400     2.220         *         *         *         *    26.000    23.000         *         *         *     0.000     1.000     0.000   -14.936     1.000     4.000     0.000     3.000     6.000    13.000    16.000    19.000     3.057     0.200    -0.048     0.015    24.478     1.410    -0.059     0.084
         *     3.000     1.750     1.770     1.990     2.840         *    25.000    24.000    25.000    27.000    24.000     0.000     1.000     0.000   -14.936     0.000     4.000     0.000     3.000     6.000    13.000    16.000    19.000     2.742     0.176    -0.038     0.012    24.737     1.207     0.001     0.073
     2.400     2.650     2.200     2.280     2.600     2.340    22.000    26.000    24.000    23.000    21.000    24.000     0.000     1.000     0.000   -21.172     0.000     2.000     0.000     3.000     6.000    13.000    16.000    19.000     2.743     0.152    -0.030     0.011    23.252     1.034    -0.007     0.069
     2.700     2.600     2.700     2.740     2.240     2.440    25.000    22.000    25.000    23.000    21.000    22.000     0.000     1.000     0.000   -21.153     0.000    -2.000     0.000     3.000     6.000    13.000    16.000    19.000     2.909     0.152    -0.033     0.011    23.151     1.034    -0.031     0.069
         *         *     3.580     2.760     2.310     1.930         *         *    14.000    19.000    15.000    14.000     0.000     1.000     0.000   -13.511     0.000     2.000     0.000     3.000     6.000    13.000    16.000    19.000     3.319     0.205    -0.052     0.012    15.887     1.423    -0.016     0.078
         *         *     3.520     3.490     3.470     3.320         *         *     8.000    14.000     9.000    12.000     0.000     0.000     0.000   -13.511     0.000     0.000     0.000     3.000     6.000    13.000    16.000    19.000     3.734     0.205    -0.025     0.012    10.526     1.423     0.041     0.078
         *         *         *     2.640     1.160     2.440         *         *         *     9.000    10.000     9.000     0.000     0.000     1.000    -5.653     0.000    -5.000     0.000     3.000     6.000    13.000    16.000    19.000     2.563     0.239    -0.032     0.013     9.647     1.702    -0.003     0.083
         *         *         *     4.180     3.500     3.300         *         *         *    19.000    14.000    17.000     0.000     0.000     0.000    -5.650     0.000     3.000     0.000     3.000     6.000    13.000    16.000    19.000     4.004     0.239    -0.029     0.013    17.147     1.702    -0.029     0.083
         *     4.100     3.900     3.880     3.590     3.360         *    21.000    24.000    25.000    25.000    24.000     0.000     1.000     0.000   -15.495     0.000    17.000     0.000     3.000     6.000    13.000    16.000    19.000     4.176     0.176    -0.038     0.012    23.238     1.207     0.041     0.073
         *     4.050     4.530     2.680     3.800     3.850         *    22.000    23.000    24.000    23.000    18.000     0.000     1.000     0.000   -15.495     0.000    21.000     0.000     3.000     6.000    13.000    16.000    19.000     4.206     0.176    -0.039     0.012    22.493     1.207    -0.044     0.073
         *     2.500     2.050     1.320     1.970     2.030         *    19.000    16.000    21.000    23.000    20.000     0.000     1.000     0.000   -17.758     1.000     1.000     0.000     3.000     6.000    13.000    16.000    19.000     2.528     0.176    -0.044     0.012    19.468     1.207     0.032     0.073
     3.800     3.800     3.700     2.970     2.600     2.780    24.000    24.000    24.000    20.000    21.000    22.000     0.000     1.000     0.000   -21.450     0.000     5.000     0.000     3.000     6.000    13.000    16.000    19.000     3.738     0.152    -0.051     0.011    22.829     1.034    -0.041     0.069
     2.900     2.850     2.400     2.440     1.560     2.290    19.000    23.000    21.000    23.000    19.000    24.000     0.000     1.000     0.000   -21.450     2.000     0.000     0.000     3.000     6.000    13.000    16.000    19.000     2.874     0.152    -0.046     0.011    21.525     1.034     0.004     0.069
         *         *         *         *     1.210         *         *         *         *    22.000    25.000         *     0.000     1.000     0.000    -8.367     0.000     0.000     0.000     3.000     6.000    13.000    16.000    19.000     2.279     0.291    -0.056     0.013    23.466     1.786    -0.038     0.084
     3.800     3.900         *     3.330     3.360     2.860    22.000    21.000         *    22.000    20.000    19.000     0.000     1.000     0.000   -21.525     0.000    10.000     0.000     3.000     6.000    13.000    16.000    19.000     3.858     0.164    -0.042     0.011    20.988     1.124    -0.017     0.069
     3.500     3.100         *     2.690     2.220     2.620    19.000    19.000         *    21.000    21.000    21.000     0.000     0.000     0.000   -21.522     3.000     4.000     0.000     3.000     6.000    13.000    16.000    19.000     3.319     0.164    -0.046     0.011    20.388     1.124     0.000     0.069
         *         *         *     2.190         *         *         *         *         *         *         *         *     0.000     0.000     0.000    -6.025     0.000    -7.000     0.000     3.000     6.000    13.000    16.000    19.000     2.678     0.283    -0.041     0.014    15.469     4.523    -0.033     0.085
         *     2.800     2.800     2.080     1.110     1.870         *    15.000    18.000    19.000    18.000    16.000     0.000     1.000     0.000   -18.745     0.000     7.000     0.000     3.000     6.000    13.000    16.000    19.000     2.853     0.176    -0.060     0.012    17.203     1.207     0.010     0.073
         *     2.750     2.810     2.410     2.570     2.370         *    27.000    26.000    27.000    27.000    28.000     0.000     1.000     1.000   -18.691     2.000     5.000     0.000     3.000     6.000    13.000    16.000    19.000     3.015     0.176    -0.036     0.012    26.701     1.207     0.009     0.073
         *     3.450     3.170     3.500     2.190     2.710         *    18.000    16.000    16.000    12.000    14.000     0.000     0.000     0.000   -19.009     2.000     6.000     0.000     3.000     6.000    13.000    16.000    19.000     3.493     0.176    -0.043     0.012    16.647     1.207    -0.101     0.073
         *     3.350     3.360     3.040     2.180     2.600         *    13.000    19.000    16.000    15.000    16.000     0.000     1.000     0.000   -18.854     0.000     3.000     0.000     3.000     6.000    13.000    16.000    19.000     3.409     0.176    -0.045     0.012    15.781     1.207     0.015     0.073
         *     3.060     3.090     2.650     2.520     2.350         *    18.000    14.000    18.000    17.000    20.000     0.000     0.000     0.000   -18.138     1.000     6.000     0.000     3.000     6.000    13.000    16.000    19.000     3.262     0.176    -0.045     0.012    17.177     1.207     0.031     0.073
         *     3.300         *         *         *         *         *    20.000         *         *         *         *     0.000     1.000     0.000   -17.327     3.000     8.000     0.000     3.000     6.000    13.000    16.000    19.000     3.435     0.259    -0.039     0.015    21.370     1.856    -0.085     0.084
         *     2.100     2.570     2.300     1.900     1.630         *    19.000         *    18.000    15.000    16.000     0.000     0.000     0.000   -17.250     0.000    -4.000     0.000     3.000     6.000    13.000    16.000    19.000     2.632     0.176    -0.044     0.012    17.408     1.358    -0.032     0.075
         *     4.100     3.750     3.940     4.040     2.970         *    20.000    25.000    20.000    21.000    19.000     0.000     1.000     0.000   -18.731     1.000     7.000     0.000     3.000     6.000    13.000    16.000    19.000     4.102     0.176    -0.034     0.012    21.586     1.207    -0.047     0.073
         *     3.780     4.290     3.980     3.140     3.650         *    22.000    25.000    26.000    25.000    23.000     0.000     1.000     0.000   -18.734     1.000     8.000     0.000     3.000     6.000    13.000    16.000    19.000     4.118     0.176    -0.034     0.012    24.019     1.207     0.011     0.073
         *     3.550     3.540     2.360         *     3.100         *    28.000    28.000    29.000         *    28.000     0.000     0.000     0.000   -19.008     3.000     2.000     0.000     3.000     6.000    13.000    16.000    19.000     3.572     0.179    -0.042     0.012    28.528     1.238    -0.045     0.075
         *     3.500     3.310     3.280     3.020     2.730         *    18.000    18.000    18.000    19.000    18.000     0.000     0.000     0.000   -19.083     1.000     8.000     0.000     3.000     6.000    13.000    16.000    19.000     3.626     0.176    -0.040     0.012    18.295     1.207     0.002     0.073
         *     3.200     3.400     2.670     3.390     3.090         *    22.000    17.000    18.000    17.000    14.000     0.000     0.000     0.000   -20.108     1.000    12.000     0.000     3.000     6.000    13.000    16.000    19.000     3.548     0.176    -0.034     0.012    18.771     1.207    -0.090     0.073
         *     2.800     2.980     2.520         *     2.220         *    25.000    25.000    25.000         *    23.000     0.000     1.000     0.000   -19.863     2.000     7.000     0.000     3.000     6.000    13.000    16.000    19.000     3.133     0.179    -0.046     0.012    25.186     1.238    -0.069     0.075
         *     3.700     3.820     3.670     3.300     3.190         *    18.000    19.000    19.000    21.000    18.000     0.000     1.000     0.000   -19.922     1.000    13.000     0.000     3.000     6.000    13.000    16.000    19.000     3.935     0.176    -0.036     0.012    19.158     1.207     0.001     0.073
         *         *     3.520     2.850     3.440     3.320         *         *    29.000    24.000    28.000    26.000     0.000     0.000     0.000   -17.365     1.000     5.000     0.000     3.000     6.000    13.000    16.000    19.000     3.741     0.205    -0.035     0.012    26.718     1.423    -0.020     0.078
         *         *         *     3.150     3.490     3.010         *         *         *    22.000    23.000    22.000     0.000     1.000     0.000   -10.376     1.000     3.000     0.000     3.000     6.000    13.000    16.000    19.000     3.659     0.239    -0.032     0.013    22.925     1.702    -0.045     0.083
     3.000     2.950     2.800     2.730     2.900     2.940    24.000    24.000    25.000    25.000    21.000    26.000     0.000     1.000     0.000   -24.467     0.000     4.000     0.000     3.000     6.000    13.000    16.000    19.000     3.190     0.152    -0.029     0.011    23.762     1.034     0.027     0.069
     2.900     2.900     2.700     2.390     2.370     2.120    19.000    17.000    19.000    18.000    22.000    21.000     0.000     0.000     1.000   -24.239     3.000     1.000     0.000     3.000     6.000    13.000    16.000    19.000     2.959     0.152    -0.039     0.011    18.942     1.034     0.055     0.069
         *     3.500     3.810     3.540     3.330     2.900         *    21.000    24.000    21.000    25.000    23.000     0.000     1.000     0.000   -20.433     3.000    -5.000     0.000     3.000     6.000    13.000    16.000    19.000     3.744     0.176    -0.032     0.012    23.113     1.207    -0.020     0.073
         *     3.600     3.710     3.960     3.750     3.570         *    20.000    19.000    23.000    19.000    21.000     0.000     1.000     0.000   -20.377     3.000    -5.000     0.000     3.000     6.000    13.000    16.000    19.000     3.874     0.176    -0.017     0.012    20.823     1.207    -0.022     0.073
         *         *     3.060     2.470     1.320     1.470         *    21.000    26.000    22.000    25.000    23.000     0.000     1.000     0.000   -20.299     0.000     6.000     0.000     3.000     6.000    13.000    16.000    19.000     2.997     0.205    -0.066     0.012    23.092     1.207     0.017     0.073
         *     2.550     2.780     2.120     2.570     2.340         *    22.000    23.000    23.000    24.000    21.000     0.000     1.000     1.000   -20.286     1.000     0.000     0.000     3.000     6.000    13.000    16.000    19.000     2.864     0.176    -0.033     0.012    22.221     1.207     0.022     0.073
         *         *     3.860     3.250     3.310     3.350         *         *    22.000    21.000    21.000    23.000     0.000     0.000     0.000   -19.303     1.000    10.000     0.000     3.000     6.000    13.000    16.000    19.000     3.947     0.205    -0.039     0.012    21.651     1.423     0.007     0.078
         *         *     3.310     3.460         *     3.140         *         *    21.000    20.000         *    19.000     0.000     0.000     0.000   -19.303     0.000    10.000     0.000     3.000     6.000    13.000    16.000    19.000     3.756     0.211    -0.036     0.012    19.855     1.485     0.008     0.079
         *         *         *     2.060     2.770     3.670         *         *         *    20.000    23.000    24.000     0.000     1.000     0.000   -11.224     3.000    10.000     0.000     3.000     6.000    13.000    16.000    19.000     3.326     0.239    -0.030     0.013    24.229     1.702    -0.110     0.083
         *         *         *     4.180     2.690     3.830         *         *         *    27.000    25.000    26.000     0.000     1.000     0.000   -11.055     3.000    12.000     0.000     3.000     6.000    13.000    16.000    19.000     4.045     0.239    -0.034     0.013    27.877     1.702    -0.120     0.083
     4.600         *         *         *         *         *    19.000         *         *         *         *         *     0.000     1.000     0.000   -27.605     0.000    13.000     0.000     3.000     6.000    13.000    16.000    19.000     4.450     0.260    -0.036     0.015    19.485     1.830     0.076     0.084
         *         *         *     3.140     2.620     2.620         *         *         *    13.000    16.000    13.000     0.000     1.000     0.000   -11.892     0.000     4.000     0.000     3.000     6.000    13.000    16.000    19.000     3.348     0.239    -0.037     0.013    14.758     1.702    -0.029     0.083
         *         *         *     2.240     2.890     3.080         *         *         *    12.000    15.000    11.000     0.000     0.000     0.000   -11.854     2.000    10.000     0.000     3.000     6.000    13.000    16.000    19.000     3.291     0.239    -0.034     0.013    14.876     1.702    -0.103     0.083
         *         *         *     2.390     2.650     2.470         *         *         *    11.000    10.000    12.000     0.000     1.000     0.000   -14.597     0.000     0.000     0.000     3.000     6.000    13.000    16.000    19.000     3.049     0.239    -0.035     0.013    11.729     1.702    -0.017     0.083
         *         *         *     2.260         *     1.930         *         *         *    25.000         *    25.000     0.000     1.000     0.000   -13.633     3.000     8.000     0.000     3.000     6.000    13.000    16.000    19.000     2.968     0.254    -0.050     0.013    26.933     1.850    -0.123     0.083
         *         *     3.670     3.330     2.790         *         *         *    22.000    22.000    21.000         *     0.000     1.000     0.000   -19.333     0.000    16.000     0.000     3.000     6.000    13.000    16.000    19.000     3.804     0.207    -0.047     0.013    21.664     1.453     0.000     0.081
         *         *     3.390     3.100     3.310     2.290         *         *    20.000    21.000    21.000         *     0.000     1.000     0.000   -19.275     1.000     8.000     0.000     3.000     6.000    13.000    16.000    19.000     3.606     0.205    -0.044     0.012    20.862     1.453    -0.011     0.081
         *         *         *     1.920     2.340     2.370         *         *         *    23.000    22.000    24.000     0.000     1.000     0.000   -12.616     0.000    -4.000     0.000     3.000     6.000    13.000    16.000    19.000     2.842     0.239    -0.039     0.013    22.605     1.702     0.003     0.083
         *         *         *     2.170     3.020         *         *         *         *    25.000    23.000    23.000     0.000     1.000     0.000   -12.560     0.000    -2.000     0.000     3.000     6.000    13.000    16.000    19.000     3.114     0.247    -0.037     0.013    23.443     1.702    -0.009     0.083
         *         *         *     2.520     2.050     2.000         *         *         *    23.000    22.000    22.000     0.000     1.000     0.000   -14.828     1.000    10.000     0.000     3.000     6.000    13.000    16.000    19.000     3.054     0.239    -0.051     0.013    23.204     1.702    -0.058     0.083
         *         *         *     3.620     3.660     2.930         *         *         *    27.000    26.000    25.000     0.000     1.000     0.000   -15.194     2.000     8.000     0.000     3.000     6.000    13.000    16.000    19.000     3.942     0.239    -0.037     0.013    26.918     1.702    -0.067     0.083
         *         *         *     3.380     2.440     3.290         *         *         *    23.000    23.000    23.000     0.000     1.000     0.000   -15.299     1.000    10.000     0.000     3.000     6.000    13.000    16.000    19.000     3.640     0.239    -0.039     0.013    23.490     1.702    -0.035     0.083
         *         *         *     2.850     1.650     1.340         *         *         *    23.000    24.000    23.000     0.000     0.000     0.000   -13.798     3.000    13.000     0.000     3.000     6.000    13.000    16.000    19.000     3.015     0.239    -0.063     0.013    25.322     1.702    -0.120     0.083
         *         *         *     3.460         *         *         *         *         *    22.000         *         *     0.000     1.000     0.000   -14.888     2.000    10.000     0.000     3.000     6.000    13.000    16.000    19.000     3.815     0.281    -0.036     0.014    23.265     2.099    -0.072     0.085
         *         *         *     3.790     3.760     4.130         *         *         *    20.000    21.000    19.000     0.000     1.000     0.000   -15.466     2.000    17.000     0.000     3.000     6.000    13.000    16.000    19.000     4.274     0.239    -0.027     0.013    21.570     1.702    -0.080     0.083
         *         *         *     2.190     1.610         *         *         *         *    18.000    18.000         *     0.000     1.000     1.000   -16.480     0.000     1.000     0.000     3.000     6.000    13.000    16.000    19.000     2.578     0.247    -0.043     0.013    17.402     1.786     0.037     0.084
         *         *         *     3.660         *     3.440         *         *         *    17.000    14.000    10.000     0.000     1.000     0.000   -16.917     2.000     1.000     0.000     3.000     6.000    13.000    16.000    19.000     3.830     0.254    -0.025     0.013    15.820     1.702    -0.100     0.083
         *         *         *     3.330     3.830     3.670         *         *         *    19.000    21.000    20.000     0.000     1.000     0.000   -16.869     2.000     7.000     0.000     3.000     6.000    13.000    16.000    19.000     3.973     0.239    -0.026     0.013    21.063     1.702    -0.052     0.083
         *         *         *     3.860     3.250     3.480         *         *         *    18.000    20.000    20.000     0.000     1.000     1.000   -18.436     0.000     2.000     0.000     3.000     6.000    13.000    16.000    19.000     3.816     0.239    -0.023     0.013    17.942     1.702     0.084     0.083
         *         *         *     2.050     1.730     2.110         *         *         *    23.000    20.000    23.000     0.000     1.000     0.000   -18.800     2.000     2.000     0.000     3.000     6.000    13.000    16.000    19.000     2.782     0.239    -0.047     0.013    23.052     1.702    -0.063     0.083
         *         *         *     3.510     3.410     3.390         *         *         *    24.000    26.000    24.000     0.000     1.000     1.000   -18.527     1.000    19.000     0.000     3.000     6.000    13.000    16.000    19.000     3.947     0.239    -0.034     0.013    24.174     1.702     0.022     0.083
         *         *         *     3.310     3.390     2.040         *         *         *    24.000    27.000    22.000     0.000     1.000     0.000   -18.645     1.000    22.000     0.000     3.000     6.000    13.000    16.000    19.000     3.799     0.239    -0.054     0.013    25.089     1.702    -0.048     0.083
         *         *         *     2.680         *         *         *         *         *    24.000         *         *     0.000     1.000     0.000   -17.059     1.000    18.000     0.000     3.000     6.000    13.000    16.000    19.000     3.444     0.281    -0.049     0.014    24.464     2.099    -0.047     0.085
         *         *         *     3.880     3.490     3.360         *         *         *    22.000    21.000    19.000     0.000     1.000     0.000   -16.867     0.000    11.000     0.000     3.000     6.000    13.000    16.000    19.000     4.069     0.239    -0.035     0.013    20.746     1.702    -0.005     0.083
