     8.000         *         *         *         *         *         *         *         *         *         *         *     0.000     0.000     0.000    17.816     0.000    -8.000     0.000     3.000     6.000    13.000    16.000    19.000    16.686     4.192    -1.373     0.196    11.598     4.494    -0.175     0.087
    14.000         *         *         *         *         *    12.000         *         *         *         *         *     0.000     1.000     0.000    16.108     0.000    -1.000     0.000     3.000     6.000    13.000    16.000    19.000    22.023     4.161    -1.340     0.196    12.388     1.826    -0.186     0.087
    28.000         *         *         *         *         *    13.000         *         *         *         *         *     0.000     0.000     1.000    16.108     0.000    -2.000     0.000     3.000     6.000    13.000    16.000    19.000    28.198     4.161    -1.237     0.196    12.827     1.826    -0.131     0.087
    40.000    34.000    39.000    45.000    23.000         *    14.000    12.000     8.000     9.000    15.000         *     0.000     1.000     0.000    -8.223     0.000    15.000     0.000     3.000     6.000    13.000    16.000    19.000    43.042     2.505    -0.812     0.162    12.263     1.043    -0.048     0.074
    35.000    50.000    45.000    27.000         *         *    12.000    12.000    13.000    11.000         *         *     0.000     1.000     0.000    -8.223     0.000    17.000     0.000     3.000     6.000    13.000    16.000    19.000    44.483     2.651    -0.858     0.174    12.659     1.073    -0.052     0.080
    50.000    45.000    45.000    46.000         *         *    27.000         *         *         *         *         *     0.000     1.000     0.000    -8.650     0.000    11.000     0.000     3.000     6.000    13.000    16.000    19.000    49.959     2.661    -0.691     0.176    25.853     1.824    -0.078     0.086
    30.000    35.000    33.000         *         *         *    23.000    23.000    23.000         *         *         *     0.000     1.000     0.000    -8.997     0.000     0.000     0.000     3.000     6.000    13.000    16.000    19.000    37.326     2.919    -0.797     0.187    22.789     1.152    -0.053     0.086
    56.000    51.000    42.000    35.000    34.000    46.000    23.000    23.000    22.000    20.000    22.000    21.000     0.000     0.000     0.000   -10.008     0.000     8.000     0.000     3.000     6.000    13.000    16.000    19.000    49.724     2.428    -0.679     0.151    22.200     1.034    -0.050     0.069
    59.000    50.000    48.000    55.000    42.000    43.000    24.000    29.000    27.000    27.000    27.000    27.000     0.000     1.000     0.000   -10.005     0.000     6.000     0.000     3.000     6.000    13.000    16.000    19.000    54.504     2.428    -0.640     0.151    26.681     1.034    -0.009     0.069
    12.000         *         *         *         *         *     6.000         *         *         *         *         *     0.000     0.000     0.000    12.623     0.000    -7.000     0.000     3.000     6.000    13.000    16.000    19.000    19.448     4.161    -1.275     0.196     7.073     1.826    -0.129     0.087
    23.000    25.000         *         *         *         *    14.000    13.000         *         *         *         *     0.000     1.000     1.000     7.288     0.000     5.000     0.000     3.000     6.000    13.000    16.000    19.000    29.269     3.376    -1.128     0.192    13.718     1.358    -0.109     0.086
    22.000    29.000    25.000         *         *         *    20.000    23.000    23.000         *         *         *     0.000     0.000     0.000     7.288     2.000    -6.000     0.000     3.000     6.000    13.000    16.000    19.000    29.601     2.919    -1.105     0.187    22.276     1.152    -0.174     0.086
    19.000    26.000         *         *         *         *    18.000         *         *         *         *         *     0.000     0.000     0.000     7.122     0.000     1.000     0.000     3.000     6.000    13.000    16.000    19.000    27.668     3.378    -1.143     0.193    17.429     1.825    -0.129     0.087
    32.000    27.000         *         *         *         *     3.000         *         *         *         *         *     0.000     0.000     1.000     7.221     0.000    -2.000     0.000     3.000     6.000    13.000    16.000    19.000    30.858     3.378    -1.081     0.193     4.605     1.825    -0.050     0.087
    36.000    25.000    15.000         *         *         *    30.000    28.000    28.000         *         *         *     0.000     0.000     0.000     8.436     3.000     1.000     0.000     3.000     6.000    13.000    16.000    19.000    30.397     2.919    -1.214     0.187    28.926     1.152    -0.243     0.086
    32.000         *         *         *         *         *    26.000         *         *         *         *         *     0.000     0.000     0.000     6.127     3.000     1.000     0.000     3.000     6.000    13.000    16.000    19.000    33.607     4.161    -1.089     0.196    25.411     1.826    -0.231     0.087
    37.000         *         *         *         *         *    24.000         *         *         *         *         *     0.000     0.000     0.000     6.922     3.000     5.000     0.000     3.000     6.000    13.000    16.000    19.000    36.386     4.161    -1.103     0.196    23.869     1.826    -0.231     0.087
    32.000         *         *         *         *         *    25.000         *         *         *         *         *     1.000     0.000     0.000     6.859     3.000     5.000     0.000     3.000     6.000    13.000    16.000    19.000    32.832     4.161    -1.285     0.196    24.517     1.826    -0.123     0.087
    36.000    26.000    28.000         *         *         *    16.000    13.000    14.000         *         *         *     0.000     0.000     0.000     5.583     0.000    -5.000     0.000     3.000     6.000    13.000    16.000    19.000    32.907     2.919    -1.040     0.187    14.652     1.152    -0.106     0.086
    41.000    33.000    30.000         *         *         *     7.000         *    14.000         *         *         *     0.000     0.000     1.000     5.581     0.000     2.000     0.000     3.000     6.000    13.000    16.000    19.000    36.887     2.919    -1.059     0.187    10.831     1.378    -0.020     0.086
    42.000    44.000    41.000         *         *         *    18.000    24.000         *         *         *         *     0.000     1.000     0.000     7.339     1.000     8.000     0.000     3.000     6.000    13.000    16.000    19.000    43.746     2.920    -1.040     0.188    21.194     1.358    -0.165     0.086
    50.000    30.000         *         *         *         *     9.000    11.000         *         *         *         *     1.000     1.000     1.000     7.339     0.000     2.000     0.000     3.000     6.000    13.000    16.000    19.000    38.476     3.376    -1.202     0.192    10.346     1.358     0.037     0.086
    30.000    35.000    21.000         *         *         *    11.000     9.000    11.000         *         *         *     0.000     0.000     0.000     5.217     0.000     6.000     0.000     3.000     6.000    13.000    16.000    19.000    32.831     2.919    -1.121     0.187    10.938     1.152    -0.093     0.086
         *    44.000    34.000         *         *         *         *    15.000    17.000         *         *         *     0.000     0.000     0.000     8.511     0.000     6.000     0.000     3.000     6.000    13.000    16.000    19.000    40.958     3.356    -1.073     0.188    16.542     1.410    -0.118     0.087
         *    29.000         *         *         *         *         *    12.000         *         *         *         *     0.000     0.000     1.000     8.511     0.000     8.000     0.000     3.000     6.000    13.000    16.000    19.000    33.720     4.114    -1.128     0.193    12.564     1.853    -0.090     0.087
    49.000    45.000    39.000    22.000    22.000         *    28.000    28.000    27.000    25.000    23.000         *     0.000     1.000     0.000     4.945     1.000    -1.000     0.000     3.000     6.000    13.000    16.000    19.000    42.299     2.505    -1.055     0.162    27.255     1.043    -0.178     0.074
    36.000    36.000    35.000         *         *         *    26.000    28.000    27.000         *         *         *     0.000     1.000     0.000     5.045     2.000    -1.000     0.000     3.000     6.000    13.000    16.000    19.000    38.414     2.919    -1.010     0.187    27.206     1.152    -0.197     0.086
    37.000    45.000    31.000         *         *         *    15.000    14.000    15.000         *         *         *     1.000     1.000     1.000     3.739     1.000     2.000     0.000     3.000     6.000    13.000    16.000    19.000    39.292     2.919    -1.099     0.187    14.813     1.152     0.001     0.086
    40.000         *         *         *         *         *    12.000         *         *         *         *         *     0.000     1.000     0.000     5.531     0.000    -4.000     0.000     3.000     6.000    13.000    16.000    19.000    36.775     4.161    -1.018     0.196    12.708     1.826    -0.107     0.087
    22.000         *         *         *         *         *    11.000         *         *         *         *         *     0.000     1.000     1.000     5.531     0.000    -3.000     0.000     3.000     6.000    13.000    16.000    19.000    27.981     4.161    -1.066     0.196    11.383     1.826    -0.084     0.087
    37.000         *         *         *         *         *    22.000         *         *         *         *         *     0.000     1.000     0.000     2.030     2.000     9.000     0.000     3.000     6.000    13.000    16.000    19.000    38.924     4.161    -1.022     0.196    22.137     1.826    -0.186     0.087
    32.000    33.000    32.000         *         *         *    18.000    22.000    21.000         *         *         *     0.000     0.000     0.000     2.930     1.000     6.000     0.000     3.000     6.000    13.000    16.000    19.000    36.212     2.919    -1.048     0.187    20.551     1.152    -0.118     0.086
    24.000    25.000    19.000         *         *         *    17.000    13.000    12.000         *         *         *     0.000     1.000     0.000     2.930     0.000     8.000     0.000     3.000     6.000    13.000    16.000    19.000    29.295     2.919    -1.113     0.187    14.571     1.152    -0.138     0.086
    37.000    32.000         *         *         *         *    16.000    16.000         *         *         *         *     0.000     1.000     0.000     2.982     1.000    -2.000     0.000     3.000     6.000    13.000    16.000    19.000    35.934     3.376    -1.002     0.192    16.445     1.358    -0.137     0.086
    46.000    45.000    41.000    27.000         *         *    18.000    21.000    19.000    14.000         *         *     0.000     1.000     0.000     3.127     0.000    -6.000     0.000     3.000     6.000    13.000    16.000    19.000    42.675     2.651    -0.884     0.174    18.704     1.073    -0.142     0.080
    54.000    35.000    43.000    36.000         *         *    17.000    17.000    15.000         *         *         *     0.000     0.000     0.000     3.127     0.000     2.000     0.000     3.000     6.000    13.000    16.000    19.000    44.787     2.657    -0.890     0.176    16.660     1.151    -0.099     0.085
    32.000    20.000    20.000         *         *         *    26.000    26.000    27.000         *         *         *     0.000     0.000     0.000     3.597     1.000     1.000     0.000     3.000     6.000    13.000    16.000    19.000    29.913     2.919    -1.130     0.187    26.138     1.152    -0.135     0.086
    35.000         *    17.000         *         *         *    17.000         *         *         *         *         *     0.000     1.000     0.000     2.597     0.000    -4.000     0.000     3.000     6.000    13.000    16.000    19.000    31.334     3.364    -1.066     0.189    16.745     1.825    -0.100     0.086
    35.000         *         *         *         *         *    22.000         *         *         *         *         *     0.000     1.000     0.000     1.161     0.000    -2.000     0.000     3.000     6.000    13.000    16.000    19.000    36.664     4.161    -0.951     0.196    21.101     1.826    -0.112     0.087
    47.000    47.000         *         *         *         *    21.000    23.000         *         *         *         *     0.000     1.000     0.000     1.919     0.000    10.000     0.000     3.000     6.000    13.000    16.000    19.000    46.341     3.376    -0.945     0.192    21.881     1.358    -0.111     0.086
    37.000    35.000    37.000    35.000    28.000    22.000    28.000    29.000    29.000    27.000    26.000    23.000     0.000     0.000     0.000     2.048     0.000     7.000     0.000     3.000     6.000    13.000    16.000    19.000    40.940     2.428    -0.894     0.151    28.092     1.034    -0.153     0.069
    44.000    41.000    34.000         *         *         *    14.000    14.000    10.000         *         *         *     0.000     1.000     0.000     2.303     0.000     1.000     0.000     3.000     6.000    13.000    16.000    19.000    41.014     2.919    -0.933     0.187    13.296     1.152    -0.113     0.086
    18.000         *         *         *         *         *     8.000         *         *         *         *         *     1.000     0.000     0.000     2.303     0.000    -2.000     0.000     3.000     6.000    13.000    16.000    19.000    24.632     4.161    -1.242     0.196     8.892     1.826     0.039     0.087
    40.000    43.000         *         *         *         *     8.000         *         *         *         *         *     0.000     0.000     0.000     1.484     0.000    11.000     0.000     3.000     6.000    13.000    16.000    19.000    41.443     3.378    -0.988     0.193     9.610     1.825    -0.065     0.087
    34.000    26.000    25.000    15.000    12.000    24.000     6.000         *     7.000     5.000     6.000     6.000     0.000     0.000     0.000     1.481     0.000     9.000     0.000     3.000     6.000    13.000    16.000    19.000    33.078     2.430    -1.020     0.151     7.262     1.160    -0.083     0.071
    20.000         *         *         *         *         *    24.000         *         *         *         *         *     0.000     1.000     0.000    -0.223     3.000    13.000     0.000     3.000     6.000    13.000    16.000    19.000    31.703     4.161    -1.079     0.196    24.139     1.826    -0.222     0.087
    22.000         *         *         *         *         *    23.000         *         *         *         *         *     0.000     1.000     0.000    -0.072     3.000    14.000     0.000     3.000     6.000    13.000    16.000    19.000    32.728     4.161    -1.079     0.196    23.344     1.826    -0.220     0.087
    36.000         *         *         *         *         *    18.000         *         *         *         *         *     0.000     0.000     0.000     0.141     0.000     1.000     0.000     3.000     6.000    13.000    16.000    19.000    36.770     4.161    -0.954     0.196    17.655     1.826    -0.079     0.087
    28.000    36.000    30.000         *         *         *    11.000    10.000    13.000         *         *         *     0.000     0.000     1.000     0.135     0.000    -2.000     0.000     3.000     6.000    13.000    16.000    19.000    34.418     2.919    -0.914     0.187    11.521     1.152    -0.023     0.086
    35.000         *         *         *         *         *     4.000         *         *         *         *         *     0.000     1.000     1.000     1.836     0.000    -6.000     0.000     3.000     6.000    13.000    16.000    19.000    34.018     4.161    -0.940     0.196     5.645     1.826    -0.035     0.087
    44.000    40.000         *         *         *         *    16.000         *         *         *         *         *     0.000     1.000     1.000     1.836     0.000    -7.000     0.000     3.000     6.000    13.000    16.000    19.000    40.556     3.378    -0.858     0.193    15.769     1.825    -0.061     0.087
    33.000    35.000    39.000         *         *         *    19.000    14.000    11.000         *         *         *     0.000     1.000     0.000     1.156     0.000     1.000     0.000     3.000     6.000    13.000    16.000    19.000    38.219     2.919    -0.881     0.187    15.249     1.152    -0.143     0.086
    48.000    44.000    38.000    40.000    30.000    34.000    14.000    18.000    17.000    15.000         *    16.000     0.000     1.000     0.000     1.156     0.000     1.000     0.000     3.000     6.000    13.000    16.000    19.000    45.748     2.432    -0.829     0.151    16.690     1.052    -0.079     0.071
    39.000    45.000    38.000    26.000    24.000    12.000    25.000    25.000    26.000    23.000    24.000     4.000     0.000     1.000     0.000     0.575     3.000     6.000     0.000     3.000     6.000    13.000    16.000    19.000    39.355     2.428    -0.936     0.151    24.869     1.034    -0.384     0.069
    39.000    37.000    32.000    32.000    24.000    15.000    20.000    24.000    22.000    23.000    22.000    23.000     0.000     1.000     0.000     0.575     2.000     2.000     0.000     3.000     6.000    13.000    16.000    19.000    39.769     2.428    -1.047     0.151    23.087     1.034    -0.085     0.069
    45.000    45.000    33.000         *         *         *    17.000         *    20.000         *         *         *     0.000     1.000     0.000    -0.200     0.000     1.000     0.000     3.000     6.000    13.000    16.000    19.000    42.644     2.919    -0.927     0.187    18.611     1.378    -0.069     0.086
    60.000    46.000    43.000         *         *         *    23.000         *    22.000         *         *         *     0.000     0.000     0.000    -0.200     0.000     1.000     0.000     3.000     6.000    13.000    16.000    19.000    48.771     2.919    -0.843     0.187    22.238     1.378    -0.074     0.086
    38.000    35.000         *         *         *         *    22.000    20.000         *         *         *         *     0.000     0.000     1.000     0.964     0.000     7.000     0.000     3.000     6.000    13.000    16.000    19.000    38.623     3.376    -0.945     0.192    20.530     1.358    -0.067     0.086
    42.000    30.000         *         *         *         *    23.000    22.000         *         *         *         *     0.000     0.000     0.000     0.997     0.000     8.000     0.000     3.000     6.000    13.000    16.000    19.000    38.501     3.376    -1.008     0.192    22.119     1.358    -0.097     0.086
    28.000    24.000    35.000    22.000    22.000     1.000     7.000     9.000     6.000     3.000         *         *     0.000     0.000     1.000    -1.358     0.000     0.000     0.000     3.000     6.000    13.000    16.000    19.000    31.500     2.445    -0.947     0.153     6.946     1.070    -0.065     0.079
    33.000    36.000    36.000         *         *         *    20.000    19.000    25.000         *         *         *     0.000     1.000     0.000    -1.358     0.000    -4.000     0.000     3.000     6.000    13.000    16.000    19.000    38.065     2.919    -0.899     0.187    21.202     1.152    -0.064     0.086
    45.000         *         *         *         *         *    22.000         *         *         *         *         *     0.000     1.000     0.000    -0.183     2.000     2.000     0.000     3.000     6.000    13.000    16.000    19.000    42.178     4.161    -0.916     0.196    22.093     1.826    -0.164     0.087
    38.000    42.000         *         *         *         *     9.000     8.000         *         *         *         *     0.000     0.000     1.000    -0.183     1.000     8.000     0.000     3.000     6.000    13.000    16.000    19.000    40.142     3.376    -0.915     0.192     9.414     1.358    -0.062     0.086
    27.000    26.000    25.000         *         *         *    15.000    11.000    17.000         *         *         *     0.000     0.000     0.000    -0.339     0.000    -6.000     0.000     3.000     6.000    13.000    16.000    19.000    30.402     2.919    -0.980     0.187    14.482     1.152    -0.054     0.086
    18.000    21.000    17.000         *         *         *    16.000    13.000    15.000         *         *         *     0.000     0.000     0.000    -0.339     0.000    -3.000     0.000     3.000     6.000    13.000    16.000    19.000    25.304     2.919    -1.043     0.187    14.845     1.152    -0.076     0.086
    31.000    34.000    34.000         *         *         *    23.000    24.000    23.000         *         *         *     0.000     1.000     0.000    -0.460     0.000     1.000     0.000     3.000     6.000    13.000    16.000    19.000    37.050     2.919    -0.933     0.187    23.228     1.152    -0.104     0.086
         *         *         *         *         *         *    14.000         *         *         *         *         *     0.000     1.000     0.000    -0.447     1.000    -2.000     0.000     3.000     6.000    13.000    16.000    19.000    36.936     5.853    -0.936     0.200    14.850     1.828    -0.112     0.087
    43.000    46.000    33.000         *         *         *    17.000    15.000    14.000         *         *         *     1.000     0.000     1.000    -1.575     0.000    11.000     0.000     3.000     6.000    13.000    16.000    19.000    42.488     2.919    -1.031     0.187    15.159     1.152     0.062     0.086
    40.000    37.000    36.000    22.000     9.000    17.000    12.000    15.000    15.000    16.000    16.000         *     0.000     0.000     0.000    -0.167     0.000    -2.000     0.000     3.000     6.000    13.000    16.000    19.000    37.080     2.436    -1.111     0.152    14.659     1.041     0.021     0.074
    57.000    63.000    65.000    46.000    44.000         *    19.000    17.000    13.000    18.000    10.000         *     0.000     0.000     0.000    -1.277     2.000    16.000     0.000     3.000     6.000    13.000    16.000    19.000    57.389     2.505    -0.729     0.162    17.246     1.043    -0.199     0.074
    40.000         *    33.000         *         *         *     5.000         *         *         *         *         *     0.000     1.000     0.000    -0.011     0.000    -2.000     0.000     3.000     6.000    13.000    16.000    19.000    37.981     3.364    -0.932     0.189     6.975     1.825    -0.058     0.086
    41.000    34.000    35.000         *         *         *    15.000    11.000    16.000         *         *         *     0.000     1.000     1.000    -0.783     0.000    -4.000     0.000     3.000     6.000    13.000    16.000    19.000    38.684     2.919    -0.862     0.187    14.152     1.152    -0.038     0.086
    48.000    41.000    42.000    31.000         *         *    21.000    18.000    16.000     7.000         *         *     0.000     1.000     0.000    -0.247     0.000    -5.000     0.000     3.000     6.000    13.000    16.000    19.000    42.719     2.651    -0.717     0.174    16.835     1.073    -0.228     0.080
    40.000    35.000    35.000    35.000    30.000    25.000    21.000    28.000    26.000    25.000    24.000    29.000     0.000     1.000     0.000    -1.146     1.000     4.000     0.000     3.000     6.000    13.000    16.000    19.000    42.392     2.428    -0.937     0.151    25.612     1.034    -0.034     0.069
    25.000         *         *         *         *         *    21.000         *         *         *         *         *     0.000     1.000     0.000    -0.895     2.000     8.000     0.000     3.000     6.000    13.000    16.000    19.000    33.375     4.161    -1.020     0.196    21.190     1.826    -0.172     0.087
    35.000    36.000    32.000         *         *         *    25.000    23.000    18.000         *         *         *     0.000     1.000     0.000    -0.881     1.000     2.000     0.000     3.000     6.000    13.000    16.000    19.000    37.840     2.919    -0.905     0.187    22.340     1.152    -0.167     0.086
    45.000    32.000    32.000     7.000         *         *     7.000     9.000    14.000    16.000         *         *     0.000     0.000     0.000    -2.070     0.000     5.000     0.000     3.000     6.000    13.000    16.000    19.000    36.078     2.651    -1.221     0.174    11.240     1.073     0.085     0.080
    47.000    34.000    28.000    18.000    24.000         *     6.000    11.000     8.000     6.000     6.000         *     0.000     1.000     0.000    -2.070     0.000    -3.000     0.000     3.000     6.000    13.000    16.000    19.000    37.002     2.505    -0.939     0.162     8.353     1.043    -0.080     0.074
    39.000    45.000    43.000    28.000    18.000         *    21.000    22.000    20.000    20.000    21.000         *     0.000     0.000     0.000    -0.262     1.000     7.000     0.000     3.000     6.000    13.000    16.000    19.000    41.936     2.505    -1.028     0.162    21.363     1.043    -0.084     0.074
    42.000    32.000    39.000    20.000         *         *    26.000    25.000    19.000    19.000         *         *     0.000     1.000     0.000    -0.914     0.000     1.000     0.000     3.000     6.000    13.000    16.000    19.000    38.604     2.651    -0.919     0.174    22.846     1.073    -0.155     0.080
    52.000    40.000    50.000         *         *         *    13.000    14.000    16.000         *         *         *     0.000     1.000     0.000    -1.359     2.000     5.000     0.000     3.000     6.000    13.000    16.000    19.000    47.283     2.919    -0.853     0.187    15.262     1.152    -0.126     0.086
    68.000    63.000    36.000    37.000         *         *    23.000    19.000    20.000    18.000         *         *     0.000     0.000     0.000    -0.556     0.000     3.000     0.000     3.000     6.000    13.000    16.000    19.000    52.173     2.651    -0.860     0.174    20.364     1.073    -0.085     0.080
    36.000    28.000    30.000         *         *         *    14.000    13.000    13.000         *         *         *     0.000     0.000     0.000    -0.822     0.000     0.000     0.000     3.000     6.000    13.000    16.000    19.000    34.802     2.919    -0.955     0.187    13.664     1.152    -0.066     0.086
    36.000         *         *         *         *         *    19.000         *         *         *         *         *     0.000     1.000     0.000    -0.822     0.000     1.000     0.000     3.000     6.000    13.000    16.000    19.000    37.819     4.161    -0.930     0.196    18.693     1.826    -0.094     0.087
    44.000         *         *         *         *         *    26.000         *         *         *         *         *     0.000     1.000     0.000    -1.150     3.000    -2.000     0.000     3.000     6.000    13.000    16.000    19.000    41.409     4.161    -0.885     0.196    25.741     1.826    -0.198     0.087
    32.000         *         *         *         *         *    19.000         *         *         *         *         *     0.000     0.000     0.000    -1.536     0.000    16.000     0.000     3.000     6.000    13.000    16.000    19.000    37.861     4.161    -1.006     0.196    18.793     1.826    -0.084     0.087
    37.000    49.000    45.000    40.000    30.000    38.000    11.000     9.000    11.000     8.000     9.000         *     0.000     1.000     0.000    -1.538     0.000     0.000     0.000     3.000     6.000    13.000    16.000    19.000    45.223     2.436    -0.686     0.152    10.751     1.041    -0.111     0.074
    38.000         *         *         *         *         *    10.000         *         *         *         *         *     0.000     0.000     1.000    -2.167     0.000     6.000     0.000     3.000     6.000    13.000    16.000    19.000    38.370     4.161    -0.901     0.196    10.801     1.826    -0.016     0.087
    25.000    35.000    24.000    37.000    30.000    25.000    15.000    20.000    18.000    17.000    14.000    13.000     0.000     0.000     1.000    -2.167     0.000    -2.000     0.000     3.000     6.000    13.000    16.000    19.000    35.932     2.428    -0.642     0.151    17.144     1.034    -0.113     0.069
    38.000    31.000    34.000         *         *         *    13.000    13.000    14.000         *         *         *     0.000     1.000     0.000    -2.481     0.000    -8.000     0.000     3.000     6.000    13.000    16.000    19.000    36.731     2.919    -0.864     0.187    13.668     1.152    -0.058     0.086
    41.000    38.000    40.000    21.000    20.000         *    23.000    24.000    23.000    24.000    23.000         *     0.000     1.000     1.000    -2.505     0.000    12.000     0.000     3.000     6.000    13.000    16.000    19.000    40.714     2.505    -1.044     0.162    23.298     1.043    -0.023     0.074
    44.000         *    40.000    45.000         *         *    19.000         *    17.000         *         *         *     0.000     1.000     0.000    -2.505     0.000     9.000     0.000     3.000     6.000    13.000    16.000    19.000    46.787     2.952    -0.763     0.176    18.432     1.377    -0.108     0.085
    43.000    43.000    40.000    37.000    26.000    20.000    27.000    26.000    24.000    26.000    23.000    24.000     0.000     0.000     0.000    -3.381     1.000     5.000     0.000     3.000     6.000    13.000    16.000    19.000    43.241     2.428    -0.918     0.151    25.743     1.034    -0.100     0.069
    42.000    27.000    38.000         *         *         *    18.000    12.000    18.000         *         *         *     0.000     0.000     0.000    -1.962     0.000     3.000     0.000     3.000     6.000    13.000    16.000    19.000    38.517     2.919    -0.916     0.187    16.198     1.152    -0.061     0.086
    49.000         *    46.000         *         *         *    20.000         *    18.000         *         *         *     0.000     0.000     0.000    -1.464     0.000    -1.000     0.000     3.000     6.000    13.000    16.000    19.000    45.895     3.361    -0.795     0.189    19.020     1.378    -0.074     0.086
    35.000    22.000         *         *         *         *    14.000     9.000         *         *         *         *     0.000     1.000     1.000    -2.745     0.000     1.000     0.000     3.000     6.000    13.000    16.000    19.000    32.860     3.376    -0.922     0.192    11.860     1.358    -0.047     0.086
    44.000    40.000    25.000         *         *         *    20.000    21.000    18.000         *         *         *     0.000     1.000     0.000    -2.745     0.000     7.000     0.000     3.000     6.000    13.000    16.000    19.000    39.991     2.919    -0.957     0.187    19.812     1.152    -0.085     0.086
    32.000    38.000    29.000    26.000         *         *     7.000    10.000     7.000     8.000         *         *     0.000     0.000     0.000    -4.216     0.000    -5.000     0.000     3.000     6.000    13.000    16.000    19.000    35.757     2.651    -0.838     0.174     8.526     1.073    -0.033     0.080
    35.000    30.000    26.000         *         *         *    12.000    13.000    13.000         *         *         *     0.000     0.000     1.000    -4.213     0.000    -7.000     0.000     3.000     6.000    13.000    16.000    19.000    33.589     2.919    -0.855     0.187    12.664     1.152     0.004     0.086
    29.000    44.000    40.000         *    27.000         *    20.000    21.000    21.000         *    23.000         *     0.000     1.000     0.000    -4.467     0.000     1.000     0.000     3.000     6.000    13.000    16.000    19.000    40.819     2.664    -0.861     0.168    21.193     1.088    -0.023     0.077
    44.000    39.000    40.000    21.000         *    27.000    22.000    22.000    19.000    23.000    25.000         *     0.000     1.000     0.000    -3.750     0.000    -4.000     0.000     3.000     6.000    13.000    16.000    19.000    41.532     2.522    -0.925     0.157    21.935     1.042     0.006     0.074
    26.000    40.000    32.000         *         *         *    20.000    18.000    21.000         *         *         *     0.000     1.000     0.000    -2.839     0.000     0.000     0.000     3.000     6.000    13.000    16.000    19.000    36.688     2.919    -0.888     0.187    19.718     1.152    -0.080     0.086
    53.000    36.000    36.000         *         *         *    18.000    19.000    18.000         *         *         *     0.000     1.000     0.000    -2.842     0.000     9.000     0.000     3.000     6.000    13.000    16.000    19.000    44.044     2.919    -0.924     0.187    18.567     1.152    -0.072     0.086
    26.000    54.000         *         *    24.000    29.000    22.000    23.000         *         *    25.000    20.000     1.000     1.000     0.000    -4.333     2.000     8.000     0.000     3.000     6.000    13.000    16.000    19.000    42.230     2.744    -0.952     0.153    22.898     1.177    -0.043     0.070
    41.000    35.000    38.000         *         *         *    18.000    12.000    17.000         *         *         *     0.000     0.000     0.000    -5.003     1.000    10.000     0.000     3.000     6.000    13.000    16.000    19.000    40.982     2.919    -0.883     0.187    16.182     1.152    -0.085     0.086
         *    34.000    43.000    34.000         *         *         *    18.000    19.000    14.000         *         *     0.000     1.000     0.000     0.800     1.000    -5.000     0.000     3.000     6.000    13.000    16.000    19.000    41.250     2.967    -0.794     0.175    18.320     1.272    -0.168     0.083
    36.000         *         *         *    30.000    25.000    23.000         *         *         *    24.000    17.000     0.000     0.000     0.000    -4.027     0.000    -4.000     0.000     3.000     6.000    13.000    16.000    19.000    39.182     3.060    -0.760     0.154    21.961     1.391    -0.088     0.073
    45.000    33.000    31.000         *    27.000    32.000    21.000    25.000    23.000    21.000    21.000    20.000     0.000     1.000     0.000    -3.777     0.000     0.000     0.000     3.000     6.000    13.000    16.000    19.000    40.747     2.535    -0.784     0.153    22.643     1.034    -0.103     0.069
    42.000    37.000    32.000         *         *         *    28.000    23.000    24.000         *         *         *     0.000     1.000     0.000    -3.844     3.000     7.000     0.000     3.000     6.000    13.000    16.000    19.000    40.513     2.919    -0.910     0.187    25.601     1.152    -0.202     0.086
    43.000    43.000    45.000    25.000         *         *    21.000    20.000    18.000    20.000         *         *     0.000     1.000     1.000    -4.372     1.000    11.000     0.000     3.000     6.000    13.000    16.000    19.000    43.966     2.651    -0.898     0.174    20.091     1.073    -0.067     0.080
    42.000         *         *         *         *         *    26.000         *         *         *         *         *     0.000     1.000     0.000    -5.220     2.000     8.000     0.000     3.000     6.000    13.000    16.000    19.000    43.283     4.161    -0.856     0.196    25.589     1.826    -0.151     0.087
    35.000    33.000         *         *         *         *    17.000    16.000         *         *         *         *     0.000     0.000     0.000    -3.258     0.000   -10.000     0.000     3.000     6.000    13.000    16.000    19.000    35.193     3.376    -0.846     0.192    16.403     1.358    -0.050     0.086
    43.000         *         *         *         *         *    24.000         *         *         *         *         *     0.000     1.000     0.000    -3.872     0.000     0.000     0.000     3.000     6.000    13.000    16.000    19.000    42.316     4.161    -0.829     0.196    22.953     1.826    -0.084     0.087
    38.000    40.000    41.000         *         *         *    20.000    17.000    24.000         *         *         *     0.000     0.000     0.000    -5.556     3.000     0.000     0.000     3.000     6.000    13.000    16.000    19.000    41.419     2.919    -0.821     0.187    20.885     1.152    -0.123     0.086
    54.000    51.000    40.000         *         *         *    25.000    23.000    24.000         *         *         *     0.000     0.000     0.000    -5.556     0.000     5.000     0.000     3.000     6.000    13.000    16.000    19.000    48.682     2.919    -0.785     0.187    23.770     1.152    -0.051     0.086
    22.000    39.000    39.000    26.000    20.000         *    15.000    19.000    16.000    18.000    14.000         *     0.000     1.000     1.000    -5.892     0.000     4.000     0.000     3.000     6.000    13.000    16.000    19.000    36.693     2.505    -0.828     0.162    16.661     1.043    -0.040     0.074
    44.000         *         *         *         *         *    17.000         *         *         *         *         *     0.000     0.000     0.000    -5.908     0.000    -1.000     0.000     3.000     6.000    13.000    16.000    19.000    41.656     4.161    -0.801     0.196    16.926     1.826    -0.035     0.087
    43.000    48.000    37.000    30.000         *         *    10.000    15.000     9.000    10.000         *         *     0.000     1.000     0.000    -4.172     1.000     2.000     0.000     3.000     6.000    13.000    16.000    19.000    43.064     2.651    -0.836     0.174    11.979     1.073    -0.099     0.080
    29.000    38.000    36.000         *         *         *    11.000    10.000    11.000         *         *         *     0.000     1.000     0.000    -4.172     0.000     1.000     0.000     3.000     6.000    13.000    16.000    19.000    37.553     2.919    -0.849     0.187    11.257     1.152    -0.062     0.086
    44.000    46.000         *    34.000    18.000         *    18.000    22.000         *    16.000    24.000         *     0.000     1.000     0.000    -3.470     2.000     7.000     0.000     3.000     6.000    13.000    16.000    19.000    43.275     2.708    -1.017     0.162    20.705     1.143    -0.075     0.075
    41.000    40.000    35.000    27.000    31.000    25.000    19.000    18.000    19.000    19.000    20.000    19.000     0.000     0.000     0.000    -6.056     2.000     1.000     0.000     3.000     6.000    13.000    16.000    19.000    41.134     2.428    -0.856     0.151    19.602     1.034    -0.058     0.069
    42.000         *         *         *         *         *     8.000         *         *         *         *         *     0.000     1.000     0.000    -4.866     0.000     0.000     0.000     3.000     6.000    13.000    16.000    19.000    40.406     4.161    -0.845     0.196     9.589     1.826    -0.037     0.087
    35.000         *         *         *         *         *     8.000         *         *         *         *         *     0.000     0.000     0.000    -4.866     0.000     0.000     0.000     3.000     6.000    13.000    16.000    19.000    36.215     4.161    -0.881     0.196     9.326     1.826    -0.023     0.087
    20.000         *    40.000         *         *         *     6.000         *         *         *         *         *     0.000     1.000     0.000    -4.430     0.000     1.000     0.000     3.000     6.000    13.000    16.000    19.000    34.767     3.364    -0.845     0.189     7.866     1.825    -0.055     0.086
    42.000    43.000    37.000         *         *         *    21.000    23.000    19.000         *         *         *     0.000     1.000     0.000    -3.928     3.000     3.000     0.000     3.000     6.000    13.000    16.000    19.000    42.608     2.919    -0.848     0.187    21.783     1.152    -0.182     0.086
    45.000    38.000    40.000         *         *         *    13.000    12.000    15.000         *         *         *     0.000     0.000     0.000    -4.833     0.000    -9.000     0.000     3.000     6.000    13.000    16.000    19.000    41.338     2.919    -0.769     0.187    13.520     1.152    -0.017     0.086
    33.000    33.000    39.000    40.000    30.000    26.000    28.000    19.000    26.000         *    25.000    24.000     0.000     1.000     0.000    -4.833     0.000    -7.000     0.000     3.000     6.000    13.000    16.000    19.000    40.439     2.429    -0.713     0.151    24.590     1.068    -0.058     0.070
    45.000    39.000         *         *         *         *    20.000    21.000         *         *         *         *     0.000     1.000     0.000    -4.736     0.000    -3.000     0.000     3.000     6.000    13.000    16.000    19.000    42.256     3.376    -0.809     0.192    20.302     1.358    -0.063     0.086
    50.000    38.000    43.000         *         *         *    18.000    19.000    17.000         *         *         *     0.000     1.000     0.000    -4.736     0.000    -4.000     0.000     3.000     6.000    13.000    16.000    19.000    44.341     2.919    -0.768     0.187    18.151     1.152    -0.062     0.086
    38.000    37.000    40.000         *         *         *    22.000    23.000    23.000         *         *         *     0.000     1.000     1.000    -5.777     1.000     2.000     0.000     3.000     6.000    13.000    16.000    19.000    41.257     2.919    -0.785     0.187    22.573     1.152    -0.066     0.086
    48.000    37.000    35.000    13.000         *         *    17.000    17.000    19.000         *         *         *     0.000     1.000     0.000    -5.683     0.000     6.000     0.000     3.000     6.000    13.000    16.000    19.000    39.586     2.657    -1.045     0.176    17.718     1.151    -0.020     0.085
    42.000    36.000    32.000    34.000    20.000    25.000    13.000    15.000    11.000    11.000    11.000    14.000     0.000     1.000     0.000    -4.358     0.000     6.000     0.000     3.000     6.000    13.000    16.000    19.000    40.150     2.428    -0.889     0.151    13.298     1.034    -0.067     0.069
    45.000    43.000    37.000    27.000    20.000         *    18.000    20.000    21.000    20.000    22.000         *     0.000     1.000     0.000    -6.656     0.000     7.000     0.000     3.000     6.000    13.000    16.000    19.000    42.363     2.505    -1.008     0.162    19.989     1.043     0.017     0.074
    45.000         *         *         *         *         *    28.000         *         *         *         *         *     0.000     1.000     0.000    -5.473     3.000    10.000     0.000     3.000     6.000    13.000    16.000    19.000    45.160     4.161    -0.851     0.196    27.730     1.826    -0.185     0.087
    35.000    37.000    41.000         *         *         *    16.000    23.000    22.000         *         *         *     0.000     1.000     0.000    -5.761     0.000     2.000     0.000     3.000     6.000    13.000    16.000    19.000    40.881     2.919    -0.837     0.187    20.259     1.152    -0.036     0.086
    45.000    39.000    34.000         *         *         *    12.000    14.000    11.000         *         *         *     0.000     1.000     0.000    -5.761     0.000    12.000     0.000     3.000     6.000    13.000    16.000    19.000    42.476     2.919    -0.892     0.187    12.921     1.152    -0.056     0.086
    32.000    40.000    39.000    24.000         *         *    26.000    27.000    27.000    26.000         *         *     0.000     0.000     0.000    -6.973     2.000     8.000     0.000     3.000     6.000    13.000    16.000    19.000    39.820     2.651    -0.899     0.174    26.817     1.073    -0.102     0.080
    52.000    49.000    42.000    42.000    27.000    23.000    26.000    29.000    27.000    24.000    21.000    25.000     0.000     0.000     1.000    -7.570     3.000     2.000     0.000     3.000     6.000    13.000    16.000    19.000    45.974     2.428    -0.813     0.151    26.492     1.034    -0.134     0.069
    43.000    35.000    37.000    33.000    22.000    31.000    19.000    19.000    19.000    18.000    19.000    17.000     0.000     1.000     0.000    -4.978     0.000     4.000     0.000     3.000     6.000    13.000    16.000    19.000    41.574     2.428    -0.829     0.151    19.154     1.034    -0.072     0.069
    38.000    34.000    34.000    23.000    22.000    29.000    19.000    20.000    20.000    20.000    20.000    22.000     0.000     1.000     0.000    -4.978     0.000     2.000     0.000     3.000     6.000    13.000    16.000    19.000    39.160     2.428    -0.900     0.151    20.155     1.034    -0.010     0.069
         *    33.000    30.000    12.000    14.000         *         *     7.000     3.000     7.000     5.000         *     0.000     0.000     0.000    -3.816     0.000     3.000     0.000     3.000     6.000    13.000    16.000    19.000    32.904     2.770    -1.034     0.164     6.258     1.225    -0.029     0.079
    43.000    37.000    43.000    33.000    28.000         *    27.000    27.000    21.000    23.000    24.000    23.000     0.000     0.000     0.000    -6.917     1.000     3.000     0.000     3.000     6.000    13.000    16.000    19.000    42.713     2.498    -0.786     0.160    24.984     1.036    -0.105     0.069
    38.000    38.000    37.000    38.000    28.000    16.000    25.000    28.000    27.000    27.000    26.000    26.000     0.000     0.000     0.000    -6.917     1.000     2.000     0.000     3.000     6.000    13.000    16.000    19.000    41.125     2.428    -0.881     0.151    26.645     1.034    -0.043     0.069
    35.000    24.000    26.000    24.000    15.000    22.000    11.000    14.000    14.000    12.000    11.000     9.000     0.000     1.000     0.000    -6.092     0.000    -2.000     0.000     3.000     6.000    13.000    16.000    19.000    33.252     2.428    -0.832     0.151    12.866     1.034    -0.095     0.069
    20.000    29.000    29.000    15.000         *         *    11.000     8.000    11.000     7.000         *         *     0.000     1.000     0.000    -6.092     0.000    -3.000     0.000     3.000     6.000    13.000    16.000    19.000    30.122     2.651    -0.877     0.174     9.998     1.073    -0.079     0.080
    36.000    43.000    33.000    19.000    10.000         *    12.000    15.000    13.000    11.000    13.000         *     0.000     1.000     1.000    -6.716     0.000    -7.000     0.000     3.000     6.000    13.000    16.000    19.000    35.519     2.505    -0.934     0.162    12.838     1.043     0.003     0.074
    47.000    37.000    43.000    42.000    30.000    32.000    12.000    16.000    14.000    14.000    10.000     8.000     0.000     1.000     0.000    -6.716     1.000    -2.000     0.000     3.000     6.000    13.000    16.000    19.000    43.889     2.428    -0.647     0.151    14.057     1.034    -0.157     0.069
    43.000    57.000    46.000         *         *         *    25.000         *    26.000         *         *         *     0.000     1.000     1.000    -7.611     1.000     2.000     0.000     3.000     6.000    13.000    16.000    19.000    49.094     2.919    -0.662     0.187    25.108     1.378    -0.057     0.086
    45.000    34.000    28.000         *         *         *    22.000    21.000    22.000    19.000         *         *     0.000     0.000     0.000    -8.361     0.000     8.000     0.000     3.000     6.000    13.000    16.000    19.000    39.690     2.915    -0.860     0.185    21.117     1.074    -0.054     0.080
    40.000    33.000    30.000         *         *         *    12.000    10.000    10.000         *         *         *     0.000     0.000     0.000    -8.138     1.000    -6.000     0.000     3.000     6.000    13.000    16.000    19.000    36.673     2.919    -0.792     0.187    11.263     1.152    -0.049     0.086
    30.000    32.000         *         *         *         *    13.000    13.000         *         *         *         *     0.000     0.000     1.000    -7.810     0.000    -3.000     0.000     3.000     6.000    13.000    16.000    19.000    34.415     3.376    -0.789     0.192    13.035     1.358     0.011     0.086
    44.000    35.000    41.000    46.000         *         *    18.000    12.000    13.000    13.000         *         *     0.000     0.000     0.000    -7.325     1.000     2.000     0.000     3.000     6.000    13.000    16.000    19.000    44.084     2.651    -0.624     0.174    14.876     1.073    -0.112     0.080
    34.000    37.000    29.000    31.000    21.000    12.000    24.000    23.000    22.000    22.000    24.000         *     0.000     1.000     0.000    -8.939     0.000     0.000     0.000     3.000     6.000    13.000    16.000    19.000    37.090     2.436    -0.918     0.152    22.925     1.041    -0.022     0.074
    40.000    31.000    33.000    18.000    16.000         *    16.000    21.000    21.000    20.000    19.000         *     0.000     1.000     0.000    -8.908     0.000     2.000     0.000     3.000     6.000    13.000    16.000    19.000    36.436     2.505    -0.995     0.162    19.234     1.043     0.010     0.074
    42.000    46.000    50.000    27.000    25.000    24.000    27.000    27.000    25.000    26.000    22.000    24.000     0.000     1.000     0.000    -7.710     2.000    18.000     0.000     3.000     6.000    13.000    16.000    19.000    45.335     2.428    -0.971     0.151    26.468     1.034    -0.142     0.069
    50.000    36.000    44.000    37.000    33.000    19.000     9.000    14.000    15.000    13.000         *         *     0.000     1.000     0.000    -7.209     0.000    -9.000     0.000     3.000     6.000    13.000    16.000    19.000    43.161     2.445    -0.805     0.153    12.857     1.070     0.014     0.079
    44.000         *    39.000    22.000         *         *    14.000         *         *         *         *         *     0.000     0.000     0.000    -6.906     0.000     2.000     0.000     3.000     6.000    13.000    16.000    19.000    40.368     2.957    -0.886     0.177    14.441     1.824    -0.011     0.086
    38.000    38.000    41.000    25.000    14.000    14.000    17.000    15.000    18.000    19.000    16.000    14.000     0.000     0.000     0.000    -6.906     0.000    -4.000     0.000     3.000     6.000    13.000    16.000    19.000    37.383     2.428    -0.956     0.151    16.635     1.034    -0.017     0.069
    33.000    34.000    38.000         *         *         *    21.000    18.000    21.000         *         *         *     0.000     1.000     0.000    -7.500     0.000    -2.000     0.000     3.000     6.000    13.000    16.000    19.000    38.546     2.919    -0.781     0.187    19.979     1.152    -0.056     0.086
    38.000    34.000    41.000    38.000    32.000    31.000    22.000    19.000    19.000    23.000    25.000    19.000     0.000     0.000     0.000    -7.563     0.000    -5.000     0.000     3.000     6.000    13.000    16.000    19.000    41.999     2.428    -0.683     0.151    20.971     1.034     0.002     0.069
         *         *    45.000    36.000    27.000    38.000         *         *    26.000    29.000    24.000    24.000     0.000     1.000     0.000    -0.861     2.000    -4.000     0.000     3.000     6.000    13.000    16.000    19.000    45.542     2.945    -0.778     0.157    27.667     1.430    -0.162     0.079
         *         *    41.000    32.000    20.000    26.000         *         *    25.000    22.000    20.000    13.000     0.000     1.000     0.000    -0.828     3.000    -2.000     0.000     3.000     6.000    13.000    16.000    19.000    40.188     2.945    -0.822     0.157    23.979     1.430    -0.291     0.079
    63.000    58.000    44.000    60.000    42.000         *    28.000    29.000    28.000    27.000    30.000         *     0.000     0.000     0.000    -7.908     1.000    19.000     0.000     3.000     6.000    13.000    16.000    19.000    57.440     2.505    -0.733     0.162    28.573     1.043    -0.053     0.074
    63.000    45.000    56.000    35.000    35.000         *    29.000    29.000    28.000    28.000    29.000         *     0.000     0.000     0.000    -7.895     3.000    12.000     0.000     3.000     6.000    13.000    16.000    19.000    52.135     2.505    -0.881     0.162    29.225     1.043    -0.099     0.074
    34.000    31.000    30.000         *         *         *    27.000    25.000    27.000    25.000         *         *     1.000     1.000     1.000    -7.145     1.000    12.000     0.000     3.000     6.000    13.000    16.000    19.000    37.309     2.915    -1.021     0.185    25.532     1.074     0.020     0.080
    40.000    40.000    35.000    32.000    24.000    27.000    21.000    22.000         *    23.000    23.000    22.000     0.000     0.000     0.000    -6.911     1.000     6.000     0.000     3.000     6.000    13.000    16.000    19.000    41.680     2.428    -0.885     0.151    22.317     1.124    -0.024     0.070
    44.000    41.000    45.000    30.000         *         *    18.000    16.000    13.000    16.000         *         *     0.000     1.000     0.000    -7.683     0.000     6.000     0.000     3.000     6.000    13.000    16.000    19.000    44.187     2.651    -0.795     0.174    16.204     1.073    -0.058     0.080
    49.000    47.000    39.000    34.000    30.000    39.000    26.000    24.000    24.000    25.000    26.000    25.000     0.000     1.000     0.000    -8.208     1.000    -4.000     0.000     3.000     6.000    13.000    16.000    19.000    46.088     2.428    -0.736     0.151    25.204     1.034    -0.040     0.069
    46.000    46.000    44.000         *         *         *    17.000    24.000    21.000         *         *         *     0.000     1.000     0.000    -7.419     1.000     0.000     0.000     3.000     6.000    13.000    16.000    19.000    46.286     2.919    -0.750     0.187    20.832     1.152    -0.062     0.086
    53.000    55.000         *         *         *         *    24.000    26.000         *         *         *         *     0.000     1.000     0.000    -9.153     0.000    -1.000     0.000     3.000     6.000    13.000    16.000    19.000    51.331     3.376    -0.647     0.192    24.501     1.358    -0.042     0.086
    43.000    43.000    43.000         *    37.000    23.000    20.000    20.000    24.000         *    23.000    18.000     0.000     1.000     0.000    -9.156     0.000     3.000     0.000     3.000     6.000    13.000    16.000    19.000    44.632     2.537    -0.783     0.153    21.189     1.068    -0.034     0.070
    43.000    36.000         *         *    17.000         *     8.000     6.000         *         *         *         *     0.000     1.000     0.000    -8.202     0.000    -2.000     0.000     3.000     6.000    13.000    16.000    19.000    37.858     2.953    -0.900     0.172     7.914     1.358    -0.003     0.085
    43.000    41.000    40.000    29.000    20.000    25.000    15.000    13.000    15.000    15.000    16.000    13.000     0.000     1.000     0.000   -10.234     0.000    11.000     0.000     3.000     6.000    13.000    16.000    19.000    42.189     2.428    -0.913     0.151    14.773     1.034    -0.013     0.069
    45.000    36.000    44.000    36.000    31.000    30.000    21.000    18.000    22.000    16.000    19.000    18.000     0.000     1.000     0.000   -10.126     0.000    10.000     0.000     3.000     6.000    13.000    16.000    19.000    44.463     2.428    -0.745     0.151    19.748     1.034    -0.079     0.069
    38.000    41.000    38.000    24.000    22.000         *    27.000    26.000    23.000    26.000    26.000    22.000     0.000     1.000     0.000   -11.108     0.000     4.000     0.000     3.000     6.000    13.000    16.000    19.000    40.207     2.498    -0.855     0.160    25.235     1.036    -0.049     0.069
    47.000    55.000    39.000    47.000    39.000    30.000    22.000    21.000    22.000    24.000    22.000    21.000     0.000     1.000     0.000   -10.317     0.000     2.000     0.000     3.000     6.000    13.000    16.000    19.000    48.872     2.428    -0.703     0.151    22.016     1.034    -0.013     0.069
    50.000    37.000    30.000         *         *         *    13.000    19.000    16.000         *         *         *     1.000     1.000     0.000   -10.169     0.000     4.000     0.000     3.000     6.000    13.000    16.000    19.000    41.792     2.919    -0.972     0.187    15.801     1.152     0.105     0.086
    57.000    46.000    44.000    47.000    30.000         *    20.000    17.000    17.000    19.000    17.000         *     0.000     1.000     0.000   -11.281     2.000     2.000     0.000     3.000     6.000    13.000    16.000    19.000    48.998     2.505    -0.708     0.162    18.832     1.043    -0.083     0.074
    44.000    43.000    41.000         *         *         *    21.000    21.000    25.000         *         *         *     0.000     1.000     0.000   -10.214     2.000    18.000     0.000     3.000     6.000    13.000    16.000    19.000    46.288     2.919    -0.839     0.187    22.763     1.152    -0.094     0.086
    38.000    37.000    38.000         *         *         *    28.000    27.000    25.000         *         *         *     0.000     1.000     0.000   -10.214     3.000    15.000     0.000     3.000     6.000    13.000    16.000    19.000    42.366     2.919    -0.825     0.187    27.167     1.152    -0.174     0.086
    38.000         *         *         *         *         *    15.000         *         *         *         *         *     0.000     1.000     0.000   -11.850     0.000     4.000     0.000     3.000     6.000    13.000    16.000    19.000    41.420     4.161    -0.740     0.196    15.560     1.826    -0.019     0.087
    37.000         *         *         *         *         *    13.000         *         *         *         *         *     0.000     1.000     0.000   -11.850     0.000     1.000     0.000     3.000     6.000    13.000    16.000    19.000    40.203     4.161    -0.735     0.196    13.814     1.826    -0.013     0.087
    39.000    39.000    40.000    28.000    27.000    31.000    28.000    27.000    29.000    24.000    27.000    27.000     0.000     0.000     0.000   -10.578     2.000    12.000     0.000     3.000     6.000    13.000    16.000    19.000    42.613     2.428    -0.820     0.151    27.733     1.034    -0.094     0.069
    48.000    43.000    39.000    38.000    22.000    29.000    29.000    27.000    28.000    29.000    26.000    29.000     0.000     1.000     0.000   -10.526     2.000    19.000     0.000     3.000     6.000    13.000    16.000    19.000    46.278     2.428    -0.949     0.151    28.545     1.034    -0.070     0.069
    62.000    52.000    50.000    56.000    51.000    32.000    29.000    28.000    28.000    26.000    28.000    26.000     0.000     1.000     1.000   -13.750     1.000     8.000     0.000     3.000     6.000    13.000    16.000    19.000    55.079     2.428    -0.590     0.151    27.707     1.034    -0.045     0.069
    45.000    47.000    40.000    24.000         *         *    20.000    22.000    20.000    24.000    25.000         *     0.000     1.000     1.000   -13.578     1.000    12.000     0.000     3.000     6.000    13.000    16.000    19.000    44.901     2.646    -0.885     0.172    21.548     1.045     0.074     0.075
    38.000    34.000    36.000    24.000    25.000    32.000    27.000    23.000    28.000    21.000    21.000    23.000     0.000     0.000     0.000   -11.089     3.000     0.000     0.000     3.000     6.000    13.000    16.000    19.000    38.795     2.428    -0.703     0.151    25.426     1.034    -0.173     0.069
    45.000    51.000    41.000         *         *         *    14.000    19.000    17.000         *         *         *     0.000     1.000     0.000   -13.100     1.000     2.000     0.000     3.000     6.000    13.000    16.000    19.000    46.894     2.919    -0.670     0.187    17.023     1.152    -0.027     0.086
    39.000    39.000    41.000    28.000    23.000    23.000    22.000    22.000    24.000    26.000    21.000    23.000     0.000     0.000     0.000   -13.384     0.000    10.000     0.000     3.000     6.000    13.000    16.000    19.000    41.427     2.428    -0.875     0.151    22.601     1.034     0.025     0.069
    37.000    28.000    27.000    35.000    20.000    27.000    21.000    24.000    16.000    21.000    20.000    24.000     0.000     1.000     0.000   -11.892     0.000    -2.000     0.000     3.000     6.000    13.000    16.000    19.000    37.377     2.428    -0.753     0.151    20.811     1.034     0.006     0.069
    35.000    21.000    30.000    17.000         *         *    21.000    23.000    24.000    18.000         *         *     0.000     0.000     0.000   -11.892     0.000     0.000     0.000     3.000     6.000    13.000    16.000    19.000    32.863     2.651    -0.838     0.174    21.447     1.073    -0.040     0.080
    38.000    36.000    42.000         *         *         *    27.000    27.000    25.000         *         *         *     0.000     1.000     0.000   -11.624     1.000     6.000     0.000     3.000     6.000    13.000    16.000    19.000    42.537     2.919    -0.728     0.187    26.262     1.152    -0.091     0.086
    36.000    39.000    46.000    38.000    41.000         *    29.000    29.000    27.000    27.000    28.000         *     0.000     1.000     0.000   -14.545     2.000    13.000     0.000     3.000     6.000    13.000    16.000    19.000    46.018     2.505    -0.630     0.162    28.678     1.043    -0.110     0.074
    11.000         *         *         *         *         *    28.000         *         *         *         *         *     0.000     0.000     0.000   -12.689     1.000    -3.000     0.000     3.000     6.000    13.000    16.000    19.000    27.434     4.161    -0.803     0.196    26.201     1.826    -0.072     0.087
    41.000         *         *         *         *         *    13.000         *         *         *         *         *     0.000     1.000     1.000   -13.725     0.000     4.000     0.000     3.000     6.000    13.000    16.000    19.000    43.169     4.161    -0.658     0.196    13.614     1.826     0.030     0.087
    50.000         *         *         *         *         *    20.000         *         *         *         *         *     0.000     1.000     0.000   -13.725     0.000     2.000     0.000     3.000     6.000    13.000    16.000    19.000    47.953     4.161    -0.635     0.196    19.837     1.826    -0.013     0.087
    50.000    34.000    35.000         *         *         *    19.000    17.000    20.000         *         *         *     1.000     0.000     1.000   -13.124     0.000     8.000     0.000     3.000     6.000    13.000    16.000    19.000    42.597     2.919    -0.880     0.187    18.030     1.152     0.150     0.086
    65.000    55.000    67.000         *         *         *    26.000    22.000    23.000         *         *         *     0.000     0.000     0.000   -12.884     0.000    10.000     0.000     3.000     6.000    13.000    16.000    19.000    59.874     2.919    -0.516     0.187    23.543     1.152    -0.028     0.086
    53.000    61.000    58.000    60.000    47.000    46.000    18.000    19.000    22.000    19.000    20.000    20.000     0.000     0.000     1.000   -15.213     0.000    13.000     0.000     3.000     6.000    13.000    16.000    19.000    57.456     2.428    -0.488     0.151    19.247     1.034     0.041     0.069
    50.000    47.000    40.000    33.000    29.000    31.000    29.000    27.000    27.000    29.000    27.000    26.000     0.000     0.000     0.000   -15.210     1.000    10.000     0.000     3.000     6.000    13.000    16.000    19.000    46.190     2.428    -0.790     0.151    27.542     1.034    -0.027     0.069
    41.000    45.000    43.000    27.000    27.000    36.000    21.000    20.000    19.000    23.000    23.000    24.000     0.000     1.000     0.000   -16.081     1.000     9.000     0.000     3.000     6.000    13.000    16.000    19.000    44.841     2.428    -0.797     0.151    21.171     1.034     0.052     0.069
    53.000    46.000    43.000         *         *         *    23.000    23.000    25.000         *         *         *     0.000     1.000     0.000   -15.059     0.000     0.000     0.000     3.000     6.000    13.000    16.000    19.000    48.565     2.919    -0.622     0.187    23.349     1.152     0.004     0.086
    50.000    51.000    49.000    50.000    45.000         *    22.000    22.000    21.000    21.000    21.000         *     0.000     1.000     1.000   -15.059     0.000    -7.000     0.000     3.000     6.000    13.000    16.000    19.000    50.789     2.505    -0.402     0.162    21.196     1.043     0.003     0.074
    40.000    40.000         *    34.000    35.000    35.000    16.000    18.000         *    16.000    17.000    20.000     0.000     0.000     0.000   -16.732     0.000     1.000     0.000     3.000     6.000    13.000    16.000    19.000    43.320     2.594    -0.596     0.151    16.977     1.124     0.042     0.070
    28.000    24.000    20.000         *     6.000    13.000    23.000    16.000    21.000    21.000    22.000    20.000     0.000     1.000     1.000   -16.721     1.000     1.000     0.000     3.000     6.000    13.000    16.000    19.000    29.404     2.535    -0.901     0.153    20.097     1.034     0.031     0.069
    49.000    50.000    41.000    34.000    31.000    26.000    23.000    23.000    22.000    25.000    21.000    25.000     0.000     1.000     0.000   -17.606     1.000     2.000     0.000     3.000     6.000    13.000    16.000    19.000    46.003     2.428    -0.777     0.151    22.875     1.034     0.024     0.069
    42.000    42.000    42.000    48.000    43.000    25.000    20.000    23.000    23.000    21.000    20.000    24.000     0.000     1.000     0.000   -17.381     1.000     3.000     0.000     3.000     6.000    13.000    16.000    19.000    46.393     2.428    -0.604     0.151    21.893     1.034    -0.009     0.069
    51.000    41.000    50.000    37.000    39.000    57.000    17.000    14.000    18.000         *         *    11.000     0.000     1.000     0.000   -15.594     1.000    13.000     0.000     3.000     6.000    13.000    16.000    19.000    50.005     2.435    -0.443     0.152    16.316     1.100    -0.137     0.073
    57.000    50.000    50.000    52.000    37.000    46.000    22.000    24.000    21.000    25.000    24.000    22.000     0.000     1.000     0.000   -15.538     0.000     7.000     0.000     3.000     6.000    13.000    16.000    19.000    53.530     2.428    -0.584     0.151    22.788     1.034     0.013     0.069
    50.000    47.000    44.000    32.000    32.000    44.000    15.000    15.000    15.000    13.000    13.000    15.000     0.000     1.000     0.000   -15.242     0.000    15.000     0.000     3.000     6.000    13.000    16.000    19.000    48.087     2.428    -0.669     0.151    14.866     1.034    -0.035     0.069
    59.000    51.000         *         *         *         *    14.000    14.000    14.000         *         *         *     0.000     0.000     0.000   -15.605     0.000    10.000     0.000     3.000     6.000    13.000    16.000    19.000    52.783     3.374    -0.606     0.192    14.274     1.152     0.026     0.086
    50.000    49.000    48.000         *         *         *    12.000    15.000    12.000         *         *         *     0.000     0.000     0.000   -15.603     0.000    11.000     0.000     3.000     6.000    13.000    16.000    19.000    49.868     2.919    -0.624     0.187    13.336     1.152     0.021     0.086
    51.000    45.000    45.000    36.000    34.000    31.000    22.000    18.000    20.000    18.000    19.000    17.000     0.000     1.000     0.000   -18.250     0.000    12.000     0.000     3.000     6.000    13.000    16.000    19.000    47.257     2.428    -0.683     0.151    19.433     1.034    -0.041     0.069
         *         *    38.000    45.000    35.000    34.000         *         *    16.000    21.000    14.000    12.000     0.000     1.000     0.000   -11.721     2.000    -2.000     0.000     3.000     6.000    13.000    16.000    19.000    44.997     2.945    -0.567     0.157    18.017     1.430    -0.148     0.079
         *         *    40.000    31.000    29.000    35.000         *         *    19.000    17.000    21.000    16.000     0.000     1.000     1.000   -11.721     0.000    -3.000     0.000     3.000     6.000    13.000    16.000    19.000    42.532     2.945    -0.640     0.157    18.133     1.430     0.000     0.079
         *         *         *    52.000    34.000         *         *         *         *    17.000    15.000         *     0.000     0.000     1.000    -4.306     0.000     6.000     0.000     3.000     6.000    13.000    16.000    19.000    49.006     3.510    -0.671     0.167    16.455     1.795    -0.032     0.086
         *         *         *    45.000    31.000    39.000         *         *         *    25.000    25.000    26.000     0.000     1.000     0.000    -3.381     1.000     6.000     0.000     3.000     6.000    13.000    16.000    19.000    49.225     3.268    -0.779     0.159    26.591     1.713    -0.101     0.084
         *         *         *    29.000    27.000    37.000         *         *         *    27.000    24.000    24.000     0.000     1.000     0.000    -3.475     1.000     6.000     0.000     3.000     6.000    13.000    16.000    19.000    44.338     3.268    -0.835     0.159    26.515     1.713    -0.118     0.084
         *    46.000    45.000    34.000    30.000    45.000         *    10.000    12.000    15.000    18.000    10.000     0.000     0.000     0.000   -13.600     1.000     0.000     0.000     3.000     6.000    13.000    16.000    19.000    46.249     2.669    -0.618     0.154    13.111     1.210     0.013     0.074
         *    48.000    45.000    42.000         *         *         *    14.000    17.000    15.000         *         *     0.000     0.000     0.000   -13.600     1.000     6.000     0.000     3.000     6.000    13.000    16.000    19.000    48.318     2.967    -0.626     0.175    15.889     1.272    -0.030     0.083
         *    39.000         *         *         *         *         *    25.000         *         *         *         *     0.000     0.000     0.000   -14.078     1.000     1.000     0.000     3.000     6.000    13.000    16.000    19.000    42.994     4.114    -0.679     0.193    24.187     1.853    -0.036     0.087
         *    40.000    34.000    37.000         *         *         *    24.000         *    22.000         *         *     0.000     1.000     0.000   -14.150     1.000     0.000     0.000     3.000     6.000    13.000    16.000    19.000    42.822     2.967    -0.656     0.175    23.225     1.501    -0.062     0.083
         *    42.000         *         *         *         *         *    22.000         *         *         *         *     0.000     0.000     0.000   -15.374     0.000     8.000     0.000     3.000     6.000    13.000    16.000    19.000    45.856     4.114    -0.669     0.193    21.381     1.853     0.006     0.087
         *    46.000    38.000    60.000    41.000    42.000         *    14.000    10.000    12.000    14.000    12.000     0.000     1.000     1.000   -16.471     0.000    10.000     0.000     3.000     6.000    13.000    16.000    19.000    50.279     2.669    -0.449     0.154    12.569     1.210     0.006     0.074
         *         *         *    34.000    34.000    32.000         *         *         *    19.000    19.000    15.000     0.000     1.000     0.000    -6.400     1.000    -5.000     0.000     3.000     6.000    13.000    16.000    19.000    43.168     3.268    -0.680     0.159    19.568     1.713    -0.117     0.084
         *         *         *    22.000    19.000    20.000         *         *         *    17.000    14.000    14.000     0.000     1.000     0.000    -6.406     0.000     2.000     0.000     3.000     6.000    13.000    16.000    19.000    36.448     3.268    -0.908     0.159    16.117     1.713    -0.064     0.084
         *         *         *    22.000    25.000    33.000         *         *         *    16.000    20.000    19.000     0.000     0.000     0.000    -4.598     0.000    11.000     0.000     3.000     6.000    13.000    16.000    19.000    41.684     3.268    -0.898     0.159    18.839     1.713    -0.037     0.084
         *         *         *    30.000    19.000    30.000         *         *         *    16.000    20.000    18.000     0.000     0.000     0.000    -4.542     0.000     2.000     0.000     3.000     6.000    13.000    16.000    19.000    40.196     3.268    -0.863     0.159    18.360     1.713    -0.030     0.084
         *         *         *    44.000    39.000    51.000         *         *         *    30.000    27.000    25.000     0.000     1.000     0.000    -4.589     1.000    13.000     0.000     3.000     6.000    13.000    16.000    19.000    53.718     3.268    -0.679     0.159    29.161     1.713    -0.140     0.084
         *    58.000         *    40.000    40.000    51.000         *    26.000         *    26.000    27.000    25.000     0.000     1.000     0.000   -14.570     1.000    15.000     0.000     3.000     6.000    13.000    16.000    19.000    54.699     2.895    -0.637     0.155    26.444     1.362    -0.046     0.076
         *    59.000    55.000    54.000    52.000    57.000         *    13.000    16.000    18.000    17.000    16.000     0.000     1.000     0.000   -16.377     0.000     6.000     0.000     3.000     6.000    13.000    16.000    19.000    58.146     2.669    -0.406     0.154    15.912     1.210     0.024     0.074
         *    43.000    35.000    37.000    35.000    31.000         *    11.000    12.000    10.000    10.000    10.000     0.000     1.000     0.000   -15.978     0.000    -5.000     0.000     3.000     6.000    13.000    16.000    19.000    42.452     2.669    -0.551     0.154    11.219     1.210    -0.030     0.074
         *    51.000    56.000         *         *         *         *    26.000    23.000         *         *         *     0.000     1.000     0.000   -14.936     1.000     4.000     0.000     3.000     6.000    13.000    16.000    19.000    53.263     3.356    -0.540     0.188    24.549     1.410    -0.059     0.087
         *    55.000    44.000    30.000    29.000    43.000         *    25.000    24.000    25.000    27.000    24.000     0.000     1.000     0.000   -14.936     0.000     4.000     0.000     3.000     6.000    13.000    16.000    19.000    48.261     2.669    -0.713     0.154    24.552     1.210     0.020     0.074
    34.000    36.000    40.000    39.000    35.000    23.000    22.000    26.000    24.000    23.000    21.000    24.000     0.000     1.000     0.000   -21.172     0.000     2.000     0.000     3.000     6.000    13.000    16.000    19.000    41.452     2.428    -0.582     0.151    23.179     1.034     0.000     0.069
    38.000    37.000    37.000    28.000    28.000         *    25.000    22.000    25.000    23.000    21.000    22.000     0.000     1.000     0.000   -21.153     0.000    -2.000     0.000     3.000     6.000    13.000    16.000    19.000    39.779     2.498    -0.600     0.160    23.031     1.036    -0.020     0.069
         *         *    56.000    34.000    37.000    35.000         *         *    14.000    19.000    15.000    14.000     0.000     1.000     0.000   -13.511     0.000     2.000     0.000     3.000     6.000    13.000    16.000    19.000    48.415     2.945    -0.661     0.157    15.781     1.430    -0.008     0.079
         *         *    42.000    52.000    50.000    52.000         *         *     8.000    14.000     9.000    12.000     0.000     0.000     0.000   -13.511     0.000     0.000     0.000     3.000     6.000    13.000    16.000    19.000    51.882     2.945    -0.370     0.157    11.176     1.430    -0.005     0.079
         *         *         *    35.000    35.000    48.000         *         *         *     9.000    10.000     9.000     0.000     0.000     1.000    -5.653     0.000    -5.000     0.000     3.000     6.000    13.000    16.000    19.000    45.061     3.268    -0.513     0.159    10.293     1.713    -0.041     0.084
         *         *         *    46.000    26.000    37.000         *         *         *    19.000    14.000    17.000     0.000     0.000     0.000    -5.650     0.000     3.000     0.000     3.000     6.000    13.000    16.000    19.000    46.066     3.268    -0.711     0.159    17.629     1.713    -0.060     0.084
         *    68.000    43.000    49.000    46.000    50.000         *    21.000    24.000    25.000    25.000    24.000     0.000     1.000     0.000   -15.495     0.000    17.000     0.000     3.000     6.000    13.000    16.000    19.000    57.498     2.669    -0.630     0.154    23.347     1.210     0.033     0.074
         *    55.000    70.000    48.000    51.000    60.000         *    22.000    23.000    24.000    23.000    18.000     0.000     1.000     0.000   -15.495     0.000    21.000     0.000     3.000     6.000    13.000    16.000    19.000    60.875     2.669    -0.474     0.154    22.751     1.210    -0.065     0.074
         *    47.000    39.000    41.000    35.000    26.000         *    19.000    16.000    21.000    23.000    20.000     0.000     1.000     0.000   -17.758     1.000     1.000     0.000     3.000     6.000    13.000    16.000    19.000    45.886     2.669    -0.715     0.154    19.241     1.210     0.054     0.074
    42.000    44.000    43.000    45.000    35.000    34.000    24.000    24.000    24.000    20.000    21.000    22.000     0.000     1.000     0.000   -21.450     0.000     5.000     0.000     3.000     6.000    13.000    16.000    19.000    46.053     2.428    -0.503     0.151    22.814     1.034    -0.043     0.069
    46.000    40.000    40.000    30.000    24.000    42.000    19.000    23.000    21.000    23.000    19.000    24.000     0.000     1.000     0.000   -21.450     2.000     0.000     0.000     3.000     6.000    13.000    16.000    19.000    43.703     2.428    -0.629     0.151    21.440     1.034     0.012     0.069
         *         *         *    48.000    39.000         *         *         *         *    22.000    25.000         *     0.000     1.000     0.000    -8.367     0.000     0.000     0.000     3.000     6.000    13.000    16.000    19.000    50.063     3.510    -0.646     0.167    23.475     1.795    -0.032     0.086
    45.000    50.000         *    41.000    42.000    43.000    22.000    21.000         *    22.000    20.000    19.000     0.000     1.000     0.000   -21.525     0.000    10.000     0.000     3.000     6.000    13.000    16.000    19.000    49.610     2.594    -0.475     0.151    21.051     1.124    -0.026     0.070
    42.000    48.000         *    30.000    25.000    43.000    19.000    19.000         *    21.000    21.000    21.000     0.000     0.000     0.000   -21.522     3.000     4.000     0.000     3.000     6.000    13.000    16.000    19.000    44.643     2.594    -0.636     0.151    20.348     1.124     0.003     0.070
         *         *         *    16.000         *         *         *         *         *         *         *         *     0.000     0.000     0.000    -6.025     0.000    -7.000     0.000     3.000     6.000    13.000    16.000    19.000    32.151     4.128    -0.911     0.178    14.592     4.489    -0.021     0.087
         *    45.000    45.000    31.000    31.000         *         *    15.000    18.000    19.000    18.000    16.000     0.000     1.000     0.000   -18.745     0.000     7.000     0.000     3.000     6.000    13.000    16.000    19.000    45.440     2.761    -0.706     0.163    16.883     1.213     0.037     0.075
         *    48.000    39.000    62.000    38.000    38.000         *    27.000    26.000    27.000    27.000    28.000     0.000     1.000     1.000   -18.691     2.000     5.000     0.000     3.000     6.000    13.000    16.000    19.000    50.796     2.669    -0.512     0.154    26.850     1.210    -0.003     0.074
         *    42.000    43.000    36.000    24.000    28.000         *    18.000    16.000    16.000    12.000    14.000     0.000     0.000     0.000   -19.009     2.000     6.000     0.000     3.000     6.000    13.000    16.000    19.000    42.614     2.669    -0.661     0.154    16.521     1.210    -0.092     0.074
         *    48.000    45.000    30.000    26.000    38.000         *    13.000    19.000    16.000    15.000    16.000     0.000     1.000     0.000   -18.854     0.000     3.000     0.000     3.000     6.000    13.000    16.000    19.000    45.256     2.669    -0.663     0.154    15.612     1.210     0.029     0.074
         *    42.000    47.000    27.000    35.000    41.000         *    18.000    14.000    18.000    17.000    20.000     0.000     0.000     0.000   -18.138     1.000     6.000     0.000     3.000     6.000    13.000    16.000    19.000    45.881     2.669    -0.636     0.154    17.132     1.210     0.035     0.074
         *    45.000         *         *         *         *         *    20.000         *         *         *         *     0.000     1.000     0.000   -17.327     3.000     8.000     0.000     3.000     6.000    13.000    16.000    19.000    47.625     4.114    -0.629     0.193    21.411     1.853    -0.099     0.087
         *    23.000    26.000    26.000    19.000    19.000         *    19.000         *    18.000    15.000    16.000     0.000     0.000     0.000   -17.250     0.000    -4.000     0.000     3.000     6.000    13.000    16.000    19.000    32.551     2.671    -0.689     0.155    17.152     1.362    -0.017     0.076
         *    50.000    44.000    47.000    41.000    38.000         *    20.000    25.000    20.000    21.000    19.000     0.000     1.000     0.000   -18.731     1.000     7.000     0.000     3.000     6.000    13.000    16.000    19.000    49.992     2.669    -0.533     0.154    21.741     1.210    -0.062     0.074
         *    47.000    60.000    47.000    45.000    40.000         *    22.000    25.000    26.000    25.000    23.000     0.000     1.000     0.000   -18.734     1.000     8.000     0.000     3.000     6.000    13.000    16.000    19.000    53.677     2.669    -0.566     0.154    24.142     1.210     0.000     0.074
         *    41.000    32.000    51.000         *    40.000         *    28.000    28.000    29.000         *    28.000     0.000     0.000     0.000   -19.008     3.000     2.000     0.000     3.000     6.000    13.000    16.000    19.000    46.586     2.789    -0.492     0.159    28.774     1.241    -0.070     0.076
         *    49.000    50.000    39.000    37.000    40.000         *    18.000    18.000    18.000    19.000    18.000     0.000     0.000     0.000   -19.083     1.000     8.000     0.000     3.000     6.000    13.000    16.000    19.000    49.423     2.669    -0.591     0.154    18.268     1.210     0.005     0.074
         *    34.000    39.000    34.000    34.000    37.000         *    22.000    17.000    18.000    17.000    14.000     0.000     0.000     0.000   -20.108     1.000    12.000     0.000     3.000     6.000    13.000    16.000    19.000    42.981     2.669    -0.528     0.154    18.865     1.210    -0.100     0.074
         *    44.000    45.000    32.000         *    40.000         *    25.000    25.000    25.000         *    23.000     0.000     1.000     0.000   -19.863     2.000     7.000     0.000     3.000     6.000    13.000    16.000    19.000    47.111     2.789    -0.586     0.159    25.167     1.241    -0.068     0.076
         *    41.000    47.000    37.000    31.000    35.000         *    18.000    19.000    19.000    21.000    18.000     0.000     1.000     0.000   -19.922     1.000    13.000     0.000     3.000     6.000    13.000    16.000    19.000    46.877     2.669    -0.683     0.154    19.137     1.210     0.000     0.074
         *         *    40.000    40.000    44.000    34.000         *         *    29.000    24.000    28.000    26.000     0.000     0.000     0.000   -17.365     1.000     5.000     0.000     3.000     6.000    13.000    16.000    19.000    47.585     2.945    -0.581     0.157    26.838     1.430    -0.029     0.079
         *         *         *    42.000    37.000    37.000         *         *         *    22.000    23.000    22.000     0.000     1.000     0.000   -10.376     1.000     3.000     0.000     3.000     6.000    13.000    16.000    19.000    48.331     3.268    -0.663     0.159    23.308     1.713    -0.069     0.084
    49.000    58.000    48.000    60.000    50.000    42.000    24.000    24.000    25.000    25.000    21.000    26.000     0.000     1.000     0.000   -24.467     0.000     4.000     0.000     3.000     6.000    13.000    16.000    19.000    54.327     2.428    -0.361     0.151    23.801     1.034     0.027     0.069
    47.000    40.000    44.000    30.000    30.000    35.000    19.000    17.000    19.000    18.000    22.000    21.000     0.000     0.000     1.000   -24.239     3.000     1.000     0.000     3.000     6.000    13.000    16.000    19.000    43.904     2.428    -0.604     0.151    18.849     1.034     0.064     0.069
         *    60.000    44.000    42.000    40.000    36.000         *    21.000    24.000    21.000    25.000    23.000     0.000     1.000     0.000   -20.433     3.000    -5.000     0.000     3.000     6.000    13.000    16.000    19.000    50.029     2.669    -0.575     0.154    23.174     1.210    -0.024     0.074
         *    50.000    46.000    35.000    32.000    37.000         *    20.000    19.000    23.000    19.000    21.000     0.000     1.000     0.000   -20.377     3.000    -5.000     0.000     3.000     6.000    13.000    16.000    19.000    46.469     2.669    -0.596     0.154    20.965     1.210    -0.034     0.074
         *    46.000    65.000    43.000    37.000    46.000         *    21.000    26.000    22.000    25.000    23.000     0.000     1.000     0.000   -20.299     0.000     6.000     0.000     3.000     6.000    13.000    16.000    19.000    53.120     2.669    -0.543     0.154    22.878     1.210     0.036     0.074
         *    48.000    42.000    60.000    35.000    39.000         *    22.000    23.000    23.000    24.000    21.000     0.000     1.000     1.000   -20.286     1.000     0.000     0.000     3.000     6.000    13.000    16.000    19.000    49.694     2.669    -0.449     0.154    22.304     1.210     0.017     0.074
         *         *    36.000    41.000    34.000    36.000         *         *    22.000    21.000    21.000    23.000     0.000     0.000     0.000   -19.303     1.000    10.000     0.000     3.000     6.000    13.000    16.000    19.000    46.077     2.945    -0.622     0.157    21.707     1.430     0.001     0.079
         *         *    52.000    33.000         *    43.000         *         *    21.000    20.000         *    19.000     0.000     0.000     0.000   -19.303     0.000    10.000     0.000     3.000     6.000    13.000    16.000    19.000    49.729     3.118    -0.564     0.161    19.840     1.490     0.011     0.080
         *         *         *    39.000    42.000    55.000         *         *         *    20.000    23.000    24.000     0.000     1.000     0.000   -11.224     3.000    10.000     0.000     3.000     6.000    13.000    16.000    19.000    52.848     3.268    -0.565     0.159    24.936     1.713    -0.152     0.084
         *         *         *    54.000    36.000    47.000         *         *         *    27.000    25.000    26.000     0.000     1.000     0.000   -11.055     3.000    12.000     0.000     3.000     6.000    13.000    16.000    19.000    54.017     3.268    -0.623     0.159    28.512     1.713    -0.159     0.084
    55.000         *         *         *         *         *    19.000         *         *         *         *         *     0.000     1.000     0.000   -27.605     0.000    13.000     0.000     3.000     6.000    13.000    16.000    19.000    55.374     4.161    -0.410     0.196    19.445     1.826     0.066     0.087
         *         *         *    43.000    35.000    39.000         *         *         *    13.000    16.000    13.000     0.000     1.000     0.000   -11.892     0.000     4.000     0.000     3.000     6.000    13.000    16.000    19.000    47.768     3.268    -0.609     0.159    15.006     1.713    -0.045     0.084
         *         *         *    41.000    42.000    50.000         *         *         *    12.000    15.000    11.000     0.000     0.000     0.000   -11.854     2.000    10.000     0.000     3.000     6.000    13.000    16.000    19.000    50.654     3.268    -0.513     0.159    15.461     1.713    -0.137     0.084
         *         *         *    46.000    44.000    36.000         *         *         *    11.000    10.000    12.000     0.000     1.000     0.000   -14.597     0.000     0.000     0.000     3.000     6.000    13.000    16.000    19.000    48.655     3.268    -0.514     0.159    11.959     1.713    -0.029     0.084
         *         *         *    33.000         *    47.000         *         *         *    25.000         *    25.000     0.000     1.000     0.000   -13.633     3.000     8.000     0.000     3.000     6.000    13.000    16.000    19.000    49.395     3.546    -0.608     0.162    27.206     1.858    -0.139     0.084
         *         *    60.000    55.000    36.000         *         *         *    22.000    22.000    21.000         *     0.000     1.000     0.000   -19.333     0.000    16.000     0.000     3.000     6.000    13.000    16.000    19.000    56.163     3.092    -0.588     0.166    21.563     1.460     0.010     0.083
         *         *    45.000    29.000    33.000    45.000         *         *    20.000    21.000    21.000         *     0.000     1.000     0.000   -19.275     1.000     8.000     0.000     3.000     6.000    13.000    16.000    19.000    47.040     2.955    -0.611     0.158    20.903     1.457    -0.012     0.082
         *         *         *    56.000    39.000    42.000         *         *         *    23.000    22.000    24.000     0.000     1.000     0.000   -12.616     0.000    -4.000     0.000     3.000     6.000    13.000    16.000    19.000    51.785     3.268    -0.527     0.159    22.814     1.713    -0.006     0.084
         *         *         *    42.000    45.000    56.000         *         *         *    25.000    23.000    23.000     0.000     1.000     0.000   -12.560     0.000    -2.000     0.000     3.000     6.000    13.000    16.000    19.000    52.641     3.268    -0.442     0.159    23.956     1.713    -0.038     0.084
         *         *         *    40.000    44.000    38.000         *         *         *    23.000    22.000    22.000     0.000     1.000     0.000   -14.828     1.000    10.000     0.000     3.000     6.000    13.000    16.000    19.000    50.396     3.268    -0.625     0.159    23.194     1.713    -0.056     0.084
         *         *         *    42.000    25.000    41.000         *         *         *    27.000    26.000    25.000     0.000     1.000     0.000   -15.194     2.000     8.000     0.000     3.000     6.000    13.000    16.000    19.000    47.523     3.268    -0.684     0.159    27.126     1.713    -0.082     0.084
         *         *         *    38.000    34.000    40.000         *         *         *    23.000    23.000    23.000     0.000     1.000     0.000   -15.299     1.000    10.000     0.000     3.000     6.000    13.000    16.000    19.000    48.459     3.268    -0.668     0.159    23.599     1.713    -0.043     0.084
         *         *         *    51.000    40.000    42.000         *         *         *    23.000    24.000    23.000     0.000     0.000     0.000   -13.798     3.000    13.000     0.000     3.000     6.000    13.000    16.000    19.000    52.641     3.268    -0.608     0.159    25.404     1.713    -0.123     0.084
         *         *         *    35.000         *         *         *         *         *    22.000         *         *     0.000     1.000     0.000   -14.888     2.000    10.000     0.000     3.000     6.000    13.000    16.000    19.000    46.493     4.082    -0.711     0.177    23.354     2.103    -0.086     0.087
         *         *         *    70.000    70.000    69.000         *         *         *    20.000    21.000    19.000     0.000     1.000     0.000   -15.466     2.000    17.000     0.000     3.000     6.000    13.000    16.000    19.000    68.225     3.268    -0.227     0.159    22.781     1.713    -0.150     0.084
         *         *         *    41.000    30.000    45.000         *         *         *    18.000    18.000         *     0.000     1.000     1.000   -16.480     0.000     1.000     0.000     3.000     6.000    13.000    16.000    19.000    47.030     3.276    -0.530     0.159    17.440     1.792     0.036     0.086
         *         *         *    30.000    16.000    29.000         *         *         *    17.000    14.000    10.000     0.000     1.000     0.000   -16.917     2.000     1.000     0.000     3.000     6.000    13.000    16.000    19.000    38.091     3.268    -0.694     0.159    15.959     1.713    -0.113     0.084
         *         *         *    29.000    24.000    37.000         *         *         *    19.000    21.000    20.000     0.000     1.000     0.000   -16.869     2.000     7.000     0.000     3.000     6.000    13.000    16.000    19.000    43.011     3.268    -0.708     0.159    21.264     1.713    -0.068     0.084
         *         *         *    55.000    54.000    70.000         *         *         *    18.000    20.000    20.000     0.000     1.000     1.000   -18.436     0.000     2.000     0.000     3.000     6.000    13.000    16.000    19.000    59.616     3.268    -0.205     0.159    18.918     1.713     0.025     0.084
         *         *         *    68.000    55.000         *         *         *         *    23.000    20.000    23.000     0.000     1.000     0.000   -18.800     2.000     2.000     0.000     3.000     6.000    13.000    16.000    19.000    60.126     3.503    -0.288     0.166    23.491     1.717    -0.084     0.084
         *         *         *    35.000    36.000    43.000         *         *         *    24.000    26.000    24.000     0.000     1.000     1.000   -18.527     1.000    19.000     0.000     3.000     6.000    13.000    16.000    19.000    49.989     3.268    -0.657     0.159    24.304     1.713     0.011     0.084
         *         *         *    57.000    44.000    45.000         *         *         *    24.000    27.000    22.000     0.000     1.000     0.000   -18.645     1.000    22.000     0.000     3.000     6.000    13.000    16.000    19.000    57.332     3.268    -0.579     0.159    25.092     1.713    -0.048     0.084
         *         *         *    45.000         *         *         *         *         *    24.000         *         *     0.000     1.000     0.000   -17.059     1.000    18.000     0.000     3.000     6.000    13.000    16.000    19.000    53.326     4.082    -0.634     0.177    24.456     2.103    -0.043     0.087
         *         *         *    42.000    33.000    38.000         *         *         *    22.000    21.000    19.000     0.000     1.000     0.000   -16.867     0.000    11.000     0.000     3.000     6.000    13.000    16.000    19.000    48.608     3.268    -0.648     0.159    20.829     1.713    -0.012     0.084
