   300.000         *         *         *         *         *         *    43.000    37.000         *         *         *         *         *     2.687    11.000     8.000     1.000     1.000     0.000     1.000     2.000         *         *         *         *         *   347.137    56.850   -15.192    11.223    43.580     3.498    -1.555     1.015
   550.000   300.000   600.000   450.000   530.000   510.000   460.000    55.000    63.000    64.000    57.000    64.000    56.000    54.000    10.712     9.000     8.000     0.000     0.000     0.000     1.000     2.000     3.000     4.000     5.000     6.000     7.000   510.341    41.143    -8.212     8.408    60.937     3.107    -0.493     0.663
   400.000         *         *         *         *         *         *    61.000    59.000         *         *         *         *         *    15.259    13.000     3.000     1.000     0.000     1.000     1.000     2.000         *         *         *         *         *   417.917    56.850   -17.309    11.223    58.730     3.498    -0.657     1.015
   300.000         *   540.000   170.000         *         *         *    34.000    33.000    26.000    32.000    34.000    29.000         *     0.856     6.000     6.000     0.000     0.000     0.000     1.000     2.000     3.000     4.000     5.000     6.000         *   432.428    47.092   -35.219    10.873    35.336     3.149    -0.904     0.744
   450.000   350.000         *         *         *         *         *    36.000    38.000    50.000    29.000    29.000    31.000         *    13.819    13.000    -8.000     0.000     0.000     0.000     1.000     2.000     3.000     4.000     5.000     6.000         *   457.011    46.177   -43.370    10.941    44.294     3.151    -2.338     0.744
   850.000   570.000   580.000   500.000   470.000   420.000   260.000    50.000    52.000    57.000    55.000    51.000    44.000    44.000     2.605    11.000    13.000     1.000     0.000     0.000     1.000     2.000     3.000     4.000     5.000     6.000     7.000   747.610    41.143   -57.006     8.408    53.995     3.107    -1.020     0.663
   470.000         *   460.000   450.000         *         *         *    60.000    66.000    69.000    64.000    59.000         *         *     1.272     9.000    -2.000     0.000     1.000     0.000     1.000     2.000     3.000     4.000     5.000         *         *   500.115    47.099   -17.259    10.878    63.948     3.157    -0.342     0.828
   410.000         *   450.000         *         *         *   410.000    48.000    46.000    45.000    42.000    48.000    34.000    40.000     9.091    10.000     8.000     0.000     1.000     1.000     1.000     2.000     3.000     4.000     5.000     6.000     7.000   455.745    49.015   -12.775     9.271    48.353     3.109    -1.187     0.663
   300.000   450.000   300.000         *         *   250.000         *    40.000    40.000    60.000    41.000    38.000         *    30.000     1.737    13.000    14.000     0.000     1.000     0.000     1.000     2.000     3.000     4.000     5.000     6.000     7.000   390.356    42.797   -17.968     9.601    49.795     3.112    -2.150     0.698
   450.000   550.000   450.000   480.000   400.000   350.000   280.000    37.000    47.000    39.000    43.000    42.000    40.000    42.000    15.065     5.000    -6.000     1.000     1.000     0.000     1.000     2.000     3.000     4.000     5.000     6.000     7.000   533.420    41.143   -30.010     8.408    41.604     3.107    -0.018     0.663
   450.000   600.000   500.000   340.000   300.000   250.000   220.000    33.000    38.000    43.000    39.000    47.000    51.000    48.000    10.156     5.000     0.000     0.000     1.000     1.000     1.000     2.000     3.000     4.000     5.000     6.000     7.000   549.336    41.143   -43.109     8.408    37.030     3.107     1.439     0.663
   450.000   210.000   300.000   250.000   240.000         *         *    44.000    52.000    39.000    48.000    50.000    49.000    34.000    16.352    10.000    -2.000     0.000     1.000     0.000     1.000     2.000     3.000     4.000     5.000     6.000     7.000   358.561    42.053   -21.186    10.115    49.739     3.113    -1.177     0.663
   400.000   480.000   450.000   450.000   400.000   350.000   260.000    44.000    47.000    50.000    50.000    46.000    34.000    45.000     4.374     6.000     0.000     1.000     1.000     1.000     1.000     2.000     3.000     4.000     5.000     6.000     7.000   493.770    41.143   -25.145     8.408    45.622     3.107    -0.179     0.663
   400.000   470.000   320.000   260.000         *         *         *    49.000    44.000    49.000    40.000    40.000         *         *     9.663     7.000     6.000     0.000     1.000     0.000     1.000     2.000     3.000     4.000     5.000         *         *   424.584    42.076   -23.206    10.668    47.877     3.157    -1.218     0.828
   300.000   340.000   410.000   310.000         *         *         *    49.000    46.000    48.000    51.000    52.000    52.000    45.000    11.749     5.000    -3.000     0.000     0.000     0.000     1.000     2.000     3.000     4.000     5.000     6.000     7.000   387.126    42.064   -19.800    10.662    48.949     3.116    -0.006     0.663
   450.000   420.000   410.000         *         *         *         *    45.000    43.000    47.000    46.000         *         *         *     8.308    13.000     2.000     0.000     0.000     1.000     1.000     2.000     3.000     4.000         *         *         *   491.965    42.843   -35.439    10.942    48.013     3.161    -0.923     0.906
   500.000   500.000   460.000   380.000         *         *         *    45.000    43.000    30.000    47.000    40.000    49.000         *     1.907     7.000     0.000     0.000     1.000     0.000     1.000     2.000     3.000     4.000     5.000     6.000         *   537.745    42.065   -34.495    10.663    43.618     3.149    -0.234     0.744
   400.000   540.000   530.000   450.000         *         *         *    49.000    52.000    40.000    40.000    46.000         *         *     7.613    13.000     3.000     0.000     0.000     0.000     1.000     2.000     3.000     4.000     5.000         *         *   544.294    42.076   -30.809    10.668    51.732     3.157    -1.857     0.828
   350.000   340.000   300.000   280.000         *         *         *    47.000    44.000    46.000    38.000    34.000         *         *    14.597     7.000   -13.000     0.000     1.000     1.000     1.000     2.000     3.000     4.000     5.000         *         *   382.040    42.076   -27.710    10.668    44.913     3.157    -1.095     0.828
   550.000         *         *         *         *         *         *    29.000    39.000         *         *         *         *         *     1.729     7.000     1.000     0.000     1.000     0.000     1.000     2.000         *         *         *         *         *   552.099    56.850   -40.441    11.223    37.571     3.498    -0.723     1.015
   380.000   380.000         *         *         *         *         *    41.000    41.000    25.000    41.000    35.000         *         *    14.701     1.000     2.000     0.000     0.000     0.000     1.000     2.000     3.000     4.000     5.000         *         *   420.328    46.177   -28.965    10.949    37.483     3.159    -0.237     0.828
   510.000   480.000   680.000   540.000   450.000         *         *    56.000    53.000    53.000    50.000    48.000    35.000         *    14.638     7.000     8.000     0.000     1.000     0.000     1.000     2.000     3.000     4.000     5.000     6.000     7.000   565.971    42.054   -15.778    10.115    54.866     3.146    -1.646     0.744
   410.000   260.000         *   240.000   210.000   210.000   200.000    49.000    42.000    54.000    53.000    56.000    53.000    39.000    15.585    11.000    -4.000     0.000     0.000     0.000     1.000     2.000     3.000     4.000     5.000     6.000     7.000   370.471    43.723   -26.757     8.543    52.510     3.107    -0.808     0.663
   250.000   160.000   150.000         *         *         *         *    38.000    37.000    39.000    38.000         *         *         *    14.920     3.000    -5.000     0.000     0.000     0.000     1.000     2.000     3.000     4.000         *         *         *   247.862    42.843   -22.992    10.942    38.747     3.161    -0.316     0.906
   440.000   320.000         *         *         *         *         *    57.000    53.000    61.000    56.000         *         *         *    12.768     9.000    11.000     0.000     1.000     0.000     1.000     2.000     3.000     4.000         *         *         *   395.096    46.186    -6.160    10.973    57.564     3.161    -0.591     0.906
   450.000   350.000   350.000   400.000         *         *         *    56.000    55.000    53.000    43.000         *         *         *     8.500    11.000    -7.000     0.000     1.000     0.000     1.000     2.000     3.000     4.000     5.000     6.000     7.000   442.642    42.116   -23.678    10.685    56.166     3.159    -1.830     0.905
   680.000   850.000   550.000         *         *         *         *    62.000    57.000    60.000    60.000    60.000         *    55.000    -0.379     6.000     3.000     0.000     1.000     0.000     1.000     2.000     3.000     4.000     5.000     6.000     7.000   740.957    42.815   -37.316    10.915    59.125     3.118    -0.147     0.698
   270.000   380.000         *         *         *         *         *    55.000    53.000    51.000    53.000    42.000    43.000         *    10.348    11.000   -13.000     0.000     0.000     0.000     1.000     2.000     3.000     4.000     5.000     6.000         *   372.330    46.177   -28.801    10.941    55.835     3.151    -1.870     0.744
   500.000   450.000   410.000   360.000   310.000   300.000         *    38.000    40.000    39.000    30.000    33.000    33.000    33.000    15.290    11.000     3.000     0.000     0.000     0.000     1.000     2.000     3.000     4.000     5.000     6.000     7.000   519.536    41.843   -39.057     9.323    42.391     3.110    -1.663     0.663
   300.000         *         *         *         *         *         *    43.000    34.000         *         *         *         *         *     5.899     3.000    13.000     0.000     1.000     1.000     1.000     2.000     3.000         *         *         *         *   336.341    56.850   -11.374    11.223    38.245     3.498     0.322     1.015
   200.000   280.000   210.000   200.000   164.000   254.000   210.000    43.000    40.000    43.000    39.000    36.000    41.000    45.000     9.255    -1.000    11.000     0.000     0.000     0.000     1.000     2.000     3.000     4.000     5.000     6.000     7.000   257.263    41.143    -8.424     8.408    39.439     3.107     0.359     0.663
   580.000   520.000   500.000         *         *         *         *    53.000         *         *    36.000    40.000         *         *     6.047     9.000    -3.000     0.000     0.000     0.000     1.000     2.000     3.000     4.000     5.000     6.000         *   610.395    42.845   -46.275    11.008    49.288     3.674    -1.766     0.836
   380.000   350.000   280.000   240.000         *         *         *    44.000    44.000    45.000    49.000    38.000    29.000         *    17.181     7.000    -9.000     1.000     0.000     0.000     1.000     2.000     3.000     4.000     5.000     6.000         *   391.695    42.065   -31.124    10.663    45.850     3.149    -1.338     0.744
   300.000   200.000   200.000         *         *         *         *    52.000    39.000    45.000    35.000         *         *         *    18.821     9.000    -8.000     0.000     1.000     0.000     1.000     2.000     3.000     4.000         *         *         *   278.247    42.843   -17.725    10.942    47.672     3.161    -2.023     0.906
   380.000   530.000   400.000         *         *         *         *    27.000    38.000    28.000    31.000         *         *         *     6.931     5.000    11.000     0.000     0.000     0.000     1.000     2.000     3.000     4.000         *         *         *   496.452    42.843   -33.838    10.942    33.937     3.161    -0.619     0.906
   210.000   200.000   200.000         *         *         *         *    42.000    39.000    37.000    37.000         *         *         *    10.118     5.000    -9.000     1.000     0.000     0.000     1.000     2.000     3.000     4.000         *         *         *   261.686    42.843   -23.180    10.942    40.175     3.161    -0.619     0.906
   400.000   300.000   300.000   280.000   280.000   300.000   280.000    34.000    38.000    32.000    39.000    34.000    34.000    38.000     3.533     9.000     1.000     1.000     1.000     0.000     1.000     2.000     3.000     4.000     5.000     6.000     7.000   380.095    41.143   -18.812     8.408    38.644     3.107    -0.607     0.663
   350.000         *         *         *         *         *         *    39.000    38.000         *         *         *         *         *     9.518     5.000    -1.000     1.000     1.000     0.000     1.000     2.000         *         *         *         *         *   369.534    56.850   -19.513    11.223    39.418     3.498    -0.358     1.015
   250.000   240.000   370.000   320.000         *   300.000         *    46.000    39.000    44.000    47.000    40.000    42.000    37.000    14.101    13.000     4.000     1.000     1.000     0.000     1.000     2.000     3.000     4.000     5.000     6.000     7.000   305.258    41.899    -2.547     9.550    48.165     3.111    -1.415     0.663
   550.000   520.000         *   480.000   440.000   400.000         *    27.000    29.000    38.000    33.000    31.000    31.000    26.000     7.175     7.000     1.000     1.000     1.000     0.000     1.000     2.000     3.000     4.000     5.000     6.000     7.000   577.499    44.187   -32.542     9.397    34.387     3.110    -0.689     0.663
   270.000   250.000   230.000   200.000   160.000   120.000   110.000    29.000    28.000    26.000    29.000    39.000    42.000    29.000    13.869     5.000    -1.000     1.000     1.000     1.000     1.000     2.000     3.000     4.000     5.000     6.000     7.000   292.367    41.143   -24.184     8.408    29.185     3.107     0.675     0.663
   300.000         *         *   240.000   220.000         *         *    52.000    50.000    51.000    47.000    42.000    23.000    23.000     3.506    10.000     4.000     0.000     1.000     0.000     1.000     2.000     3.000     4.000     5.000     6.000     7.000   325.741    50.745   -16.485    10.529    54.574     3.113    -3.425     0.663
   310.000   260.000   220.000   200.000   210.000   200.000         *    33.000    34.000    35.000    39.000    32.000    35.000    34.000     9.264     3.000     5.000     0.000     1.000     0.000     1.000     2.000     3.000     4.000     5.000     6.000     7.000   302.594    41.843   -18.039     9.323    35.842     3.110    -0.257     0.663
   480.000   310.000   280.000   260.000         *   280.000         *    40.000    37.000    42.000    33.000    39.000    27.000    37.000    10.731    13.000     6.000     0.000     0.000     0.000     1.000     2.000     3.000     4.000     5.000     6.000     7.000   428.539    41.899   -32.883     9.550    44.215     3.111    -1.805     0.663
   250.000         *   220.000   200.000         *         *         *    48.000    56.000    45.000    52.000    51.000         *         *    12.908     5.000    -3.000     0.000     1.000     0.000     1.000     2.000     3.000     4.000     5.000         *         *   257.731    47.099    -8.257    10.878    50.314     3.157    -0.170     0.828
   300.000   260.000   240.000         *         *         *         *    42.000    54.000    51.000    46.000         *         *         *    14.107    11.000    -3.000     0.000     0.000     0.000     1.000     2.000     3.000     4.000         *         *         *   322.492    42.843   -22.116    10.942    51.217     3.161    -1.206     0.906
   380.000   300.000   160.000   150.000   150.000         *         *    56.000    59.000    46.000    64.000    38.000    39.000         *     6.704    11.000    -4.000     0.000     0.000     0.000     1.000     2.000     3.000     4.000     5.000     6.000         *   345.934    42.054   -34.008    10.115    57.446     3.146    -2.259     0.744
   160.000         *         *         *         *         *         *    46.000    47.000         *         *         *         *         *     5.896     5.000    -2.000     0.000     1.000     1.000     1.000     2.000         *         *         *         *         *   216.525    56.850    -7.835    11.223    45.293     3.498     0.141     1.015
   520.000   450.000   400.000   400.000   400.000         *         *    41.000    48.000    47.000    44.000    50.000    49.000         *     6.865     2.000     0.000     0.000     1.000     0.000     1.000     2.000     3.000     4.000     5.000     6.000         *   503.756    42.054   -25.626    10.115    44.099     3.146     0.691     0.744
   380.000   360.000         *         *         *         *         *    52.000    53.000    41.000         *         *         *         *     6.211    12.000    18.000     1.000     1.000     0.000     1.000     2.000     3.000         *         *         *         *   393.422    46.223    -6.253    11.030    51.995     3.224    -1.664     0.970
   640.000   580.000         *         *         *         *         *    40.000         *    46.000         *         *         *         *     3.678     5.000    -1.000     0.000     1.000     0.000     1.000     2.000     3.000     4.000         *         *         *   637.406    46.230   -40.821    11.122    43.956     3.637    -0.014     0.972
   420.000   360.000   320.000   300.000         *         *         *    48.000    45.000    47.000    46.000    52.000    42.000         *     6.257     8.000     8.000     0.000     1.000     0.000     1.000     2.000     3.000     4.000     5.000     6.000         *   402.014    42.065   -18.512    10.663    49.020     3.149    -0.685     0.744
   220.000   200.000         *         *         *         *         *    53.000    59.000    56.000         *         *         *         *     6.621     5.000    11.000     0.000     1.000     0.000     1.000     2.000     3.000         *         *         *         *   233.110    46.223     6.191    11.030    54.851     3.224    -0.044     0.970
   410.000   360.000   320.000         *         *         *         *    32.000    35.000    37.000    35.000         *         *         *     3.446     6.000    -1.000     0.000     1.000     0.000     1.000     2.000     3.000     4.000         *         *         *   425.492    42.843   -31.426    10.942    37.397     3.161    -0.677     0.906
   460.000   410.000         *         *         *         *         *    60.000    59.000    59.000         *         *         *         *     3.667    12.000    -6.000     0.000     0.000     0.000     1.000     2.000     3.000         *         *         *         *   484.451    46.223   -32.636    11.030    61.051     3.224    -1.224     0.970
   420.000   400.000   400.000   400.000         *         *         *    64.000    73.000    84.000    79.000    80.000         *         *     6.879     9.000     6.000     0.000     1.000     0.000     1.000     2.000     3.000     4.000     5.000         *         *   408.772    42.076     0.859    10.668    71.175     3.157     1.136     0.828
   520.000   500.000         *         *         *         *         *    60.000    86.000    83.000    80.000         *         *         *     8.010     9.000    -5.000     0.000     0.000     0.000     1.000     2.000     3.000     4.000         *         *         *   529.252    46.186   -20.191    10.973    72.742     3.161     1.055     0.906
   500.000   500.000         *         *         *         *         *    50.000    52.000    48.000         *         *         *         *     0.637     5.000    -7.000     0.000     1.000     0.000     1.000     2.000     3.000         *         *         *         *   532.964    46.223   -32.913    11.030    50.160     3.224    -0.185     0.970
   520.000   500.000         *         *         *         *         *    46.000    49.000    32.000         *         *         *         *     9.154     8.000     8.000     0.000     1.000     0.000     1.000     2.000     3.000         *         *         *         *   536.723    46.223   -27.397    11.030    45.923     3.224    -1.430     0.970
   450.000   482.000         *         *         *         *         *    44.000    49.000    49.000         *         *         *         *     0.965     7.000    -2.000     0.000     0.000     0.000     1.000     2.000     3.000         *         *         *         *   514.379    46.223   -37.406    11.030    48.296     3.224    -0.340     0.970
   360.000         *         *         *         *         *         *    58.000    65.000         *         *         *         *         *    15.665    10.000    -1.000     0.000     1.000     0.000     1.000     2.000         *         *         *         *         *   369.823    56.850    -7.967    11.223    61.097     3.498    -0.939     1.015
   250.000   250.000         *         *         *         *         *    30.000    23.000    22.000         *         *         *         *     8.094     7.000   -21.000     0.000     1.000     0.000     1.000     2.000     3.000         *         *         *         *   313.362    46.223   -40.570    11.030    30.638     3.224    -1.858     0.970
   250.000         *         *         *         *         *         *    35.000    36.000         *         *         *         *         *     3.060     8.000    -7.000     0.000     1.000     2.000     1.000     2.000         *         *         *         *         *   299.266    56.850   -27.608    11.223    36.192     3.498     0.006     1.015
   300.000         *         *         *         *         *         *    49.000    65.000    64.000         *         *         *         *     4.010     7.000     8.000     1.000     1.000     0.000     1.000     2.000     3.000         *         *         *         *   325.041    56.826     1.470    11.110    56.887     3.224     0.513     0.971
   320.000   300.000         *         *         *         *         *    48.000    47.000    56.000         *         *         *         *     1.578    11.000    -8.000     0.000     1.000     0.000     1.000     2.000     3.000         *         *         *         *   354.239    46.223   -22.508    11.030    52.712     3.224    -1.141     0.970
   300.000   300.000         *         *         *         *         *    53.000    51.000    46.000         *         *         *         *     2.630     9.000     3.000     1.000     1.000     0.000     1.000     2.000     3.000         *         *         *         *   332.697    46.223   -10.279    11.030    51.440     3.224    -0.985     0.970
   400.000   360.000         *         *         *         *         *    37.000    38.000    36.000         *         *         *         *     4.609    -1.000     3.000     1.000     1.000     0.000     1.000     2.000     3.000         *         *         *         *   407.009    46.223   -19.987    11.030    35.328     3.224     0.814     0.970
   460.000         *         *         *         *         *         *    43.000    46.000    46.000         *         *         *         *    15.290    12.000     5.000     0.000     0.000     0.000     1.000     2.000     3.000         *         *         *         *   477.108    56.826   -30.455    11.110    48.793     3.224    -1.545     0.971
   200.000         *         *         *         *         *         *    44.000    44.000         *         *         *         *         *     1.357     5.000    -9.000     0.000     1.000     0.000     1.000     2.000         *         *         *         *         *   260.429    56.850   -17.670    11.223    44.883     3.498    -0.588     1.015
   280.000         *         *         *         *         *         *    73.000    62.000         *         *         *         *         *     0.946     5.000    -1.000     0.000     1.000     0.000     1.000     2.000         *         *         *         *         *   323.708    56.850    -2.848    11.223    64.285     3.498    -0.089     1.015
   300.000         *         *         *         *         *         *    42.000    51.000         *         *         *         *         *     0.760     9.000   -10.000     1.000     0.000     0.000     1.000     2.000         *         *         *         *         *   355.196    56.850   -30.604    11.223    47.343     3.498    -0.700     1.015
   580.000         *         *         *         *         *         *    68.000    69.000         *         *         *         *         *     1.570    13.000     8.000     0.000     0.000     0.000     1.000     2.000         *         *         *         *         *   591.999    56.850   -27.256    11.223    68.363     3.498    -1.076     1.015
