   300.000         *         *         *         *         *         *    14.000    15.000         *         *         *         *         *     2.687    11.000     8.000     1.000     1.000     0.000     1.000     2.000         *         *         *         *         *   354.414    53.301   -16.751     9.048    15.057     1.164    -0.250     0.236
   550.000   300.000   600.000   450.000   530.000   510.000   460.000    19.000    16.000    19.000    24.000    20.000    21.000    21.000    10.712     9.000     8.000     0.000     0.000     0.000     1.000     2.000     3.000     4.000     5.000     6.000     7.000   524.290    34.409   -11.024     6.624    19.418     0.816     0.111     0.153
   400.000         *         *         *         *         *         *    20.000    25.000         *         *         *         *         *    15.259    13.000     3.000     1.000     0.000     1.000     1.000     2.000         *         *         *         *         *   399.845    53.301     2.769     9.048    21.707     1.164    -0.064     0.236
   300.000         *   540.000   170.000         *         *         *    14.000    13.000    14.000    13.000    16.000    14.000         *     0.856     6.000     6.000     0.000     0.000     0.000     1.000     2.000     3.000     4.000     5.000     6.000         *   431.376    40.193   -31.853     8.525    14.097     0.965    -0.026     0.202
   450.000   350.000         *         *         *         *         *    20.000    20.000    22.000    21.000    19.000    18.000         *    13.819    13.000    -8.000     0.000     0.000     0.000     1.000     2.000     3.000     4.000     5.000     6.000         *   423.604    41.277   -17.918     8.647    20.283     0.993    -0.112     0.209
   850.000   570.000   580.000   500.000   470.000   420.000   260.000    13.000    11.000    13.000    15.000    15.000    14.000    15.000     2.605    11.000    13.000     1.000     0.000     0.000     1.000     2.000     3.000     4.000     5.000     6.000     7.000   742.220    34.409   -56.529     6.624    11.020     0.816     0.617     0.153
   470.000         *   460.000   450.000         *         *         *    20.000    22.000    19.000    21.000    19.000         *         *     1.272     9.000    -2.000     0.000     1.000     0.000     1.000     2.000     3.000     4.000     5.000         *         *   490.039    40.821   -13.367     8.731    21.182     0.966    -0.403     0.214
   410.000         *   450.000         *         *         *   410.000    12.000    15.000    15.000    14.000    15.000    15.000    13.000     9.091    10.000     8.000     0.000     1.000     1.000     1.000     2.000     3.000     4.000     5.000     6.000     7.000   480.916    42.139   -17.049     7.193    14.889     0.864    -0.135     0.164
   300.000   450.000   300.000         *         *   250.000         *    14.000    14.000    16.000    15.000    14.000         *    14.000     1.737    13.000    14.000     0.000     1.000     0.000     1.000     2.000     3.000     4.000     5.000     6.000     7.000   394.025    36.318   -19.421     7.574    14.820     0.893    -0.079     0.180
   450.000   550.000   450.000   480.000   400.000   350.000   280.000    13.000    13.000    16.000    16.000    17.000    16.000    12.000    15.065     5.000    -6.000     1.000     1.000     0.000     1.000     2.000     3.000     4.000     5.000     6.000     7.000   545.939    34.409   -33.009     6.624    14.609     0.816     0.022     0.153
   450.000   600.000   500.000   340.000   300.000   250.000   220.000     9.000    13.000    12.000    12.000    10.000    12.000    12.000    10.156     5.000     0.000     0.000     1.000     1.000     1.000     2.000     3.000     4.000     5.000     6.000     7.000   565.234    34.409   -47.614     6.624    10.769     0.816     0.189     0.153
   450.000   210.000   300.000   250.000   240.000         *         *    14.000    15.000    14.000    14.000    14.000    15.000    15.000    16.352    10.000    -2.000     0.000     1.000     0.000     1.000     2.000     3.000     4.000     5.000     6.000     7.000   380.940    34.520   -29.254     7.752    14.152     0.921     0.091     0.178
   400.000   480.000   450.000   450.000   400.000   350.000   260.000    14.000    13.000    14.000    13.000    13.000    12.000    12.000     4.374     6.000     0.000     1.000     1.000     1.000     1.000     2.000     3.000     4.000     5.000     6.000     7.000   499.019    34.409   -26.457     6.624    14.303     0.816    -0.302     0.153
   400.000   470.000   320.000   260.000         *         *         *    15.000    14.000    17.000    15.000    13.000         *         *     9.663     7.000     6.000     0.000     1.000     0.000     1.000     2.000     3.000     4.000     5.000         *         *   418.693    36.154   -22.824     8.604    14.729     0.961    -0.002     0.213
   300.000   340.000   410.000   310.000         *         *         *    12.000    13.000    14.000    14.000    13.000    13.000    14.000    11.749     5.000    -3.000     0.000     0.000     0.000     1.000     2.000     3.000     4.000     5.000     6.000     7.000   423.565    34.883   -34.234     8.111    13.362     0.959     0.016     0.187
   450.000   420.000   410.000         *         *         *         *    13.000    15.000    13.000    15.000         *         *         *     8.308    13.000     2.000     0.000     0.000     1.000     1.000     2.000     3.000     4.000         *         *         *   500.205    37.836   -36.971     8.926    13.877     0.995     0.148     0.228
   500.000   500.000   460.000   380.000         *         *         *    16.000    16.000    14.000    14.000    15.000    16.000         *     1.907     7.000     0.000     0.000     1.000     0.000     1.000     2.000     3.000     4.000     5.000     6.000         *   537.289    35.564   -32.534     8.405    15.764     0.961    -0.172     0.201
   400.000   540.000   530.000   450.000         *         *         *    26.000    23.000    24.000    19.000    25.000         *         *     7.613    13.000     3.000     0.000     0.000     0.000     1.000     2.000     3.000     4.000     5.000         *         *   465.840    36.154     4.402     8.604    24.050     0.961    -0.325     0.213
   350.000   340.000   300.000   280.000         *         *         *    17.000    15.000    18.000    18.000    18.000         *         *    14.597     7.000   -13.000     0.000     1.000     1.000     1.000     2.000     3.000     4.000     5.000         *         *   386.230    36.154   -28.211     8.604    17.409     0.961    -0.074     0.213
   550.000         *         *         *         *         *         *    13.000    15.000         *         *         *         *         *     1.729     7.000     1.000     0.000     1.000     0.000     1.000     2.000         *         *         *         *         *   567.448    53.301   -38.810     9.048    14.255     1.164    -0.089     0.236
   380.000   380.000         *         *         *         *         *    13.000    15.000    14.000    13.000    14.000         *         *    14.701     1.000     2.000     0.000     0.000     0.000     1.000     2.000     3.000     4.000     5.000         *         *   413.136    41.616   -26.755     8.871    13.452     0.993     0.099     0.222
   510.000   480.000   680.000   540.000   450.000         *         *    18.000    18.000    18.000    21.000    17.000    18.000         *    14.638     7.000     8.000     0.000     1.000     0.000     1.000     2.000     3.000     4.000     5.000     6.000     7.000   544.659    35.296    -8.250     7.999    18.220     0.921    -0.015     0.191
   410.000   260.000         *   240.000   210.000   210.000   200.000    19.000    15.000    17.000    16.000    16.000    18.000    19.000    15.585    11.000    -4.000     0.000     0.000     0.000     1.000     2.000     3.000     4.000     5.000     6.000     7.000   372.612    36.724   -27.489     6.713    16.476     0.820     0.157     0.154
   250.000   160.000   150.000         *         *         *         *    11.000    14.000    12.000    14.000         *         *         *    14.920     3.000    -5.000     0.000     0.000     0.000     1.000     2.000     3.000     4.000         *         *         *   273.564    37.836   -35.039     8.926    12.512     0.995     0.131     0.228
   440.000   320.000         *         *         *         *         *    25.000    25.000    25.000    23.000         *         *         *    12.768     9.000    11.000     0.000     1.000     0.000     1.000     2.000     3.000     4.000         *         *         *   343.753    41.891    23.864     8.972    24.604     1.003    -0.320     0.230
   450.000   350.000   350.000   400.000         *         *         *    26.000    20.000    23.000    19.000         *         *         *     8.500    11.000    -7.000     0.000     1.000     0.000     1.000     2.000     3.000     4.000     5.000     6.000     7.000   386.973    36.580    -1.467     8.693    23.078     0.973    -0.534     0.221
   680.000   850.000   550.000         *         *         *         *    14.000    20.000    15.000    17.000    14.000         *    15.000    -0.379     6.000     3.000     0.000     1.000     0.000     1.000     2.000     3.000     4.000     5.000     6.000     7.000   735.335    36.711   -35.980     8.377    16.225     0.983    -0.138     0.198
   270.000   380.000         *         *         *         *         *    25.000    23.000    28.000    24.000    21.000    25.000         *    10.348    11.000   -13.000     0.000     0.000     0.000     1.000     2.000     3.000     4.000     5.000     6.000         *   339.949    41.277    -3.456     8.647    25.279     0.993    -0.360     0.209
   500.000   450.000   410.000   360.000   310.000   300.000         *    12.000    14.000    12.000    12.000    15.000    13.000    13.000    15.290    11.000     3.000     0.000     0.000     0.000     1.000     2.000     3.000     4.000     5.000     6.000     7.000   518.896    34.514   -38.427     7.234    12.107     0.871     0.261     0.166
   300.000         *         *         *         *         *         *    12.000    12.000         *         *         *         *         *     5.899     3.000    13.000     0.000     1.000     1.000     1.000     2.000     3.000         *         *         *         *   341.140    53.301   -16.461     9.048    12.479     1.164    -0.132     0.236
   200.000   280.000   210.000   200.000   164.000   254.000   210.000    15.000    10.000    13.000    13.000    11.000    14.000     9.000     9.255    -1.000    11.000     0.000     0.000     0.000     1.000     2.000     3.000     4.000     5.000     6.000     7.000   254.869    34.409    -8.197     6.624    13.192     0.816    -0.250     0.153
   580.000   520.000   500.000         *         *         *         *    14.000         *         *    13.000    13.000         *         *     6.047     9.000    -3.000     0.000     0.000     0.000     1.000     2.000     3.000     4.000     5.000     6.000         *   609.503    38.384   -46.610     9.349    13.487     1.177     0.048     0.224
   380.000   350.000   280.000   240.000         *         *         *    11.000    12.000    12.000    12.000    14.000    12.000         *    17.181     7.000    -9.000     1.000     0.000     0.000     1.000     2.000     3.000     4.000     5.000     6.000         *   426.564    35.564   -45.901     8.405    11.520     0.961     0.221     0.201
   300.000   200.000   200.000         *         *         *         *    15.000    19.000    16.000    17.000         *         *         *    18.821     9.000    -8.000     0.000     1.000     0.000     1.000     2.000     3.000     4.000         *         *         *   283.516    37.836   -20.551     8.926    16.810     0.995    -0.022     0.228
   380.000   530.000   400.000         *         *         *         *    11.000    14.000    11.000    15.000         *         *         *     6.931     5.000    11.000     0.000     0.000     0.000     1.000     2.000     3.000     4.000         *         *         *   502.029    37.836   -31.681     8.926    12.380     0.995     0.169     0.228
   210.000   200.000   200.000         *         *         *         *    15.000    16.000    16.000    16.000         *         *         *    10.118     5.000    -9.000     1.000     0.000     0.000     1.000     2.000     3.000     4.000         *         *         *   264.292    37.836   -24.135     8.926    16.135     0.995    -0.186     0.228
   400.000   300.000   300.000   280.000   280.000   300.000   280.000    14.000    17.000    14.000    14.000    16.000    13.000    13.000     3.533     9.000     1.000     1.000     1.000     0.000     1.000     2.000     3.000     4.000     5.000     6.000     7.000   381.183    34.409   -18.509     6.624    15.959     0.816    -0.367     0.153
   350.000         *         *         *         *         *         *    11.000    12.000         *         *         *         *         *     9.518     5.000    -1.000     1.000     1.000     0.000     1.000     2.000         *         *         *         *         *   391.566    53.301   -33.533     9.048    11.956     1.164    -0.075     0.236
   250.000   240.000   370.000   320.000         *   300.000         *    15.000    16.000    15.000    14.000    15.000    14.000    14.000    14.101    13.000     4.000     1.000     1.000     0.000     1.000     2.000     3.000     4.000     5.000     6.000     7.000   317.640    34.826    -5.802     7.387    16.038     0.888    -0.285     0.170
   550.000   520.000         *   480.000   440.000   400.000         *    11.000    10.000    11.000    11.000    10.000    12.000    10.000     7.175     7.000     1.000     1.000     1.000     0.000     1.000     2.000     3.000     4.000     5.000     6.000     7.000   606.278    36.751   -39.290     7.279    11.438     0.872    -0.120     0.167
   270.000   250.000   230.000   200.000   160.000   120.000   110.000    16.000    15.000    16.000    16.000    17.000    16.000    13.000    13.869     5.000    -1.000     1.000     1.000     1.000     1.000     2.000     3.000     4.000     5.000     6.000     7.000   263.520    34.409   -16.832     6.624    15.513     0.816    -0.033     0.153
   300.000         *         *   240.000   220.000         *         *    13.000    13.000    13.000    12.000    13.000    13.000    13.000     3.506    10.000     4.000     0.000     1.000     0.000     1.000     2.000     3.000     4.000     5.000     6.000     7.000   365.769    42.416   -29.538     7.984    13.569     0.932    -0.138     0.181
   310.000   260.000   220.000   200.000   210.000   200.000         *    17.000    16.000    13.000    15.000    12.000    12.000    11.000     9.264     3.000     5.000     0.000     1.000     0.000     1.000     2.000     3.000     4.000     5.000     6.000     7.000   261.897    34.514    -7.005     7.234    15.340     0.871    -0.412     0.166
   480.000   310.000   280.000   260.000         *   280.000         *    14.000    15.000    10.000    12.000    15.000    10.000    10.000    10.731    13.000     6.000     0.000     0.000     0.000     1.000     2.000     3.000     4.000     5.000     6.000     7.000   405.955    34.826   -24.931     7.387    12.958     0.888    -0.110     0.170
   250.000         *   220.000   200.000         *         *         *    17.000    14.000    19.000    14.000    17.000         *         *    12.908     5.000    -3.000     0.000     1.000     0.000     1.000     2.000     3.000     4.000     5.000         *         *   270.650    40.821   -14.989     8.731    16.707     0.966    -0.184     0.214
   300.000   260.000   240.000         *         *         *         *    16.000    16.000    16.000    14.000         *         *         *    14.107    11.000    -3.000     0.000     0.000     0.000     1.000     2.000     3.000     4.000         *         *         *   322.613    37.836   -24.471     8.926    15.639     0.995    -0.003     0.228
   380.000   300.000   160.000   150.000   150.000         *         *    19.000    16.000    18.000    15.000    22.000    21.000         *     6.704    11.000    -4.000     0.000     0.000     0.000     1.000     2.000     3.000     4.000     5.000     6.000         *   352.889    35.296   -36.938     7.999    17.251     0.921     0.278     0.191
   160.000         *         *         *         *         *         *    20.000    14.000         *         *         *         *         *     5.896     5.000    -2.000     0.000     1.000     1.000     1.000     2.000         *         *         *         *         *   192.762    53.301    -4.254     9.048    17.934     1.164    -0.549     0.236
   520.000   450.000   400.000   400.000   400.000         *         *    18.000    18.000    16.000    17.000    17.000    16.000         *     6.865     2.000     0.000     0.000     1.000     0.000     1.000     2.000     3.000     4.000     5.000     6.000         *   482.739    35.296   -18.689     7.999    17.593     0.921    -0.227     0.191
   380.000   360.000         *         *         *         *         *    11.000    12.000    10.000         *         *         *         *     6.211    12.000    18.000     1.000     1.000     0.000     1.000     2.000     3.000         *         *         *         *   412.446    42.074   -21.418     8.982    11.289     1.045     0.026     0.235
   640.000   580.000         *         *         *         *         *    18.000         *    15.000         *         *         *         *     3.678     5.000    -1.000     0.000     1.000     0.000     1.000     2.000     3.000     4.000         *         *         *   619.122    42.425   -30.175     9.281    16.702     1.205    -0.209     0.236
   420.000   360.000   320.000   300.000         *         *         *    13.000    14.000    15.000    15.000    15.000    22.000         *     6.257     8.000     8.000     0.000     1.000     0.000     1.000     2.000     3.000     4.000     5.000     6.000         *   450.388    35.564   -34.671     8.405    14.306     0.961     0.349     0.201
   220.000   200.000         *         *         *         *         *    10.000     9.000    12.000         *         *         *         *     6.621     5.000    11.000     0.000     1.000     0.000     1.000     2.000     3.000         *         *         *         *   283.097    42.074   -25.269     8.982    10.811     1.045    -0.042     0.235
   410.000   360.000   320.000         *         *         *         *    13.000    16.000    15.000    12.000         *         *         *     3.446     6.000    -1.000     0.000     1.000     0.000     1.000     2.000     3.000     4.000         *         *         *   424.232    37.836   -31.129     8.926    14.631     0.995    -0.217     0.228
   460.000   410.000         *         *         *         *         *    10.000    13.000    13.000         *         *         *         *     3.667    12.000    -6.000     0.000     0.000     0.000     1.000     2.000     3.000         *         *         *         *   526.794    42.074   -57.893     8.982    12.107     1.045     0.166     0.235
   420.000   400.000   400.000   400.000         *         *         *    15.000    17.000    15.000    15.000    16.000         *         *     6.879     9.000     6.000     0.000     1.000     0.000     1.000     2.000     3.000     4.000     5.000         *         *   451.752    36.154   -18.802     8.604    16.065     0.961    -0.142     0.213
   520.000   500.000         *         *         *         *         *    19.000    14.000    16.000    13.000         *         *         *     8.010     9.000    -5.000     0.000     0.000     0.000     1.000     2.000     3.000     4.000         *         *         *   536.499    41.891   -33.829     8.972    15.910     1.003    -0.126     0.230
   500.000   500.000         *         *         *         *         *    21.000    20.000    18.000         *         *         *         *     0.637     5.000    -7.000     0.000     1.000     0.000     1.000     2.000     3.000         *         *         *         *   505.034    42.074   -18.902     8.982    20.342     1.045    -0.509     0.235
   520.000   500.000         *         *         *         *         *    17.000    16.000    16.000         *         *         *         *     9.154     8.000     8.000     0.000     1.000     0.000     1.000     2.000     3.000         *         *         *         *   519.989    42.074   -17.523     8.982    16.321     1.045    -0.058     0.235
   450.000   482.000         *         *         *         *         *    15.000    15.000    15.000         *         *         *         *     0.965     7.000    -2.000     0.000     0.000     0.000     1.000     2.000     3.000         *         *         *         *   517.331    42.074   -38.129     8.982    15.259     1.045    -0.112     0.235
   360.000         *         *         *         *         *         *    15.000    15.000         *         *         *         *         *    15.665    10.000    -1.000     0.000     1.000     0.000     1.000     2.000         *         *         *         *         *   386.886    53.301   -23.640     9.048    15.241     1.164     0.014     0.236
   250.000   250.000         *         *         *         *         *    13.000    14.000    14.000         *         *         *         *     8.094     7.000   -21.000     0.000     1.000     0.000     1.000     2.000     3.000         *         *         *         *   331.785    42.074   -46.284     8.982    14.649     1.045    -0.264     0.235
   250.000         *         *         *         *         *         *    24.000    20.000         *         *         *         *         *     3.060     8.000    -7.000     0.000     1.000     2.000     1.000     2.000         *         *         *         *         *   253.720    53.301     3.746     9.048    22.729     1.164    -0.712     0.236
   300.000         *         *         *         *         *         *    19.000    17.000    15.000         *         *         *         *     4.010     7.000     8.000     1.000     1.000     0.000     1.000     2.000     3.000         *         *         *         *   313.893    53.202    -0.289     9.010    17.738     1.045    -0.466     0.235
   320.000   300.000         *         *         *         *         *    25.000    23.000    18.000         *         *         *         *     1.578    11.000    -8.000     0.000     1.000     0.000     1.000     2.000     3.000         *         *         *         *   310.650    42.074    -1.518     8.982    23.230     1.045    -0.735     0.235
   300.000   300.000         *         *         *         *         *    18.000    21.000    20.000         *         *         *         *     2.630     9.000     3.000     1.000     1.000     0.000     1.000     2.000     3.000         *         *         *         *   318.408    42.074    -1.822     8.982    20.142     1.045    -0.445     0.235
   400.000   360.000         *         *         *         *         *    13.000    13.000    11.000         *         *         *         *     4.609    -1.000     3.000     1.000     1.000     0.000     1.000     2.000     3.000         *         *         *         *   409.618    42.074   -24.970     8.982    12.824     1.045    -0.274     0.235
   460.000         *         *         *         *         *         *    15.000    14.000    15.000         *         *         *         *    15.290    12.000     5.000     0.000     0.000     0.000     1.000     2.000     3.000         *         *         *         *   478.298    53.202   -29.428     9.010    14.242     1.045     0.270     0.235
   200.000         *         *         *         *         *         *    12.000    12.000         *         *         *         *         *     1.357     5.000    -9.000     0.000     1.000     0.000     1.000     2.000         *         *         *         *         *   287.225    53.301   -38.639     9.048    13.236     1.164    -0.356     0.236
   280.000         *         *         *         *         *         *    16.000    17.000         *         *         *         *         *     0.946     5.000    -1.000     0.000     1.000     0.000     1.000     2.000         *         *         *         *         *   330.748    53.301   -18.017     9.048    17.107     1.164    -0.433     0.236
   300.000         *         *         *         *         *         *    18.000    14.000         *         *         *         *         *     0.760     9.000   -10.000     1.000     0.000     0.000     1.000     2.000         *         *         *         *         *   346.264    53.301   -30.902     9.048    16.671     1.164    -0.380     0.236
   580.000         *         *         *         *         *         *    14.000    10.000         *         *         *         *         *     1.570    13.000     8.000     0.000     0.000     0.000     1.000     2.000         *         *         *         *         *   599.247    53.301   -45.430     9.048    12.243     1.164     0.165     0.236
