   300.000         *         *         *         *         *         *    50.000    46.000         *         *         *         *         *     2.687    11.000     8.000     1.000     1.000     0.000     1.000     2.000         *         *         *         *         *   349.418    55.800   -15.698    12.524    49.087     3.868     0.108     0.569
   550.000   300.000   600.000   450.000   530.000   510.000   460.000    56.000    60.000    54.000    54.000    64.000    48.000    58.000    10.712     9.000     8.000     0.000     0.000     0.000     1.000     2.000     3.000     4.000     5.000     6.000     7.000   514.929    39.175    -9.219     8.079    55.645     2.837     0.090     0.412
   400.000         *         *         *         *         *         *    64.000    62.000         *         *         *         *         *    15.259    13.000     3.000     1.000     0.000     1.000     1.000     2.000         *         *         *         *         *   427.083    55.800   -30.139    12.524    62.871     3.868    -1.527     0.569
   300.000         *   540.000   170.000         *         *         *    34.000    20.000    32.000    26.000    42.000    44.000         *     0.856     6.000     6.000     0.000     0.000     0.000     1.000     2.000     3.000     4.000     5.000     6.000         *   409.281    45.423   -25.164    11.103    30.768     3.023     1.195     0.522
   450.000   350.000         *         *         *         *         *    62.000    66.000    62.000    62.000    64.000    58.000         *    13.819    13.000    -8.000     0.000     0.000     0.000     1.000     2.000     3.000     4.000     5.000     6.000         *   445.178    44.499   -31.918    11.525    64.434     3.039    -0.820     0.537
   850.000   570.000   580.000   500.000   470.000   420.000   260.000    58.000    64.000    58.000    46.000    54.000    38.000    48.000     2.605    11.000    13.000     1.000     0.000     0.000     1.000     2.000     3.000     4.000     5.000     6.000     7.000   764.014    39.175   -61.798     8.079    59.675     2.837    -1.967     0.412
   470.000         *   460.000   450.000         *         *         *    60.000    52.000    54.000    54.000    58.000         *         *     1.272     9.000    -2.000     0.000     1.000     0.000     1.000     2.000     3.000     4.000     5.000         *         *   513.932    46.158   -23.356    11.434    52.665     3.081     0.676     0.536
   410.000         *   450.000         *         *         *   410.000    54.000    58.000    48.000    42.000    56.000    56.000    58.000     9.091    10.000     8.000     0.000     1.000     1.000     1.000     2.000     3.000     4.000     5.000     6.000     7.000   447.608    46.482    -9.507     8.921    51.819     2.887     0.201     0.441
   300.000   450.000   300.000         *         *   250.000         *    54.000    52.000    52.000    54.000    46.000         *    46.000     1.737    13.000    14.000     0.000     1.000     0.000     1.000     2.000     3.000     4.000     5.000     6.000     7.000   404.926    41.026   -22.566     9.521    51.532     2.965    -0.119     0.462
   450.000   550.000   450.000   480.000   400.000   350.000   280.000    54.000    60.000    44.000    50.000    28.000    30.000    54.000    15.065     5.000    -6.000     1.000     1.000     0.000     1.000     2.000     3.000     4.000     5.000     6.000     7.000   548.873    39.175   -33.700     8.079    50.437     2.837    -1.191     0.412
   450.000   600.000   500.000   340.000   300.000   250.000   220.000    30.000    29.000    28.000    34.000    38.000    30.000    26.000    10.156     5.000     0.000     0.000     1.000     1.000     1.000     2.000     3.000     4.000     5.000     6.000     7.000   555.138    39.175   -45.080     8.079    33.743     2.837    -0.490     0.412
   450.000   210.000   300.000   250.000   240.000         *         *    62.000    56.000    60.000    66.000    42.000    64.000    42.000    16.352    10.000    -2.000     0.000     1.000     0.000     1.000     2.000     3.000     4.000     5.000     6.000     7.000   375.373    39.968   -27.115     9.896    60.087     2.947    -1.198     0.475
   400.000   480.000   450.000   450.000   400.000   350.000   260.000    44.000    52.000    48.000    44.000    42.000    48.000    60.000     4.374     6.000     0.000     1.000     1.000     1.000     1.000     2.000     3.000     4.000     5.000     6.000     7.000   484.925    39.175   -22.995     8.079    46.073     2.837     0.375     0.412
   400.000   470.000   320.000   260.000         *         *         *    40.000    56.000    44.000    44.000    42.000         *         *     9.663     7.000     6.000     0.000     1.000     0.000     1.000     2.000     3.000     4.000     5.000         *         *   433.163    41.456   -27.097    11.279    46.676     3.073    -0.429     0.529
   300.000   340.000   410.000   310.000         *         *         *    56.000    44.000    40.000    64.000    54.000    46.000    42.000    11.749     5.000    -3.000     0.000     0.000     0.000     1.000     2.000     3.000     4.000     5.000     6.000     7.000   396.317    39.979   -22.734    10.573    48.569     2.991     0.158     0.499
   450.000   420.000   410.000         *         *         *         *    44.000    44.000    38.000    36.000         *         *         *     8.308    13.000     2.000     0.000     0.000     1.000     1.000     2.000     3.000     4.000         *         *         *   500.005    42.419   -38.531    12.036    43.991     3.211    -0.391     0.557
   500.000   500.000   460.000   380.000         *         *         *    40.000    42.000    52.000    42.000    34.000    42.000         *     1.907     7.000     0.000     0.000     1.000     0.000     1.000     2.000     3.000     4.000     5.000     6.000         *   540.574    40.780   -34.075    10.959    41.346     3.013     0.386     0.517
   400.000   540.000   530.000   450.000         *         *         *    40.000    52.000    58.000    48.000    40.000         *         *     7.613    13.000     3.000     0.000     0.000     0.000     1.000     2.000     3.000     4.000     5.000         *         *   539.406    41.456   -27.071    11.279    49.744     3.073    -0.152     0.529
   350.000   340.000   300.000   280.000         *         *         *    44.000    34.000    32.000    42.000    28.000         *         *    14.597     7.000   -13.000     0.000     1.000     1.000     1.000     2.000     3.000     4.000     5.000         *         *   396.751    41.456   -33.519    11.279    37.999     3.073    -0.149     0.529
   550.000         *         *         *         *         *         *    53.000    64.000         *         *         *         *         *     1.729     7.000     1.000     0.000     1.000     0.000     1.000     2.000         *         *         *         *         *   547.576    55.800   -26.929    12.524    53.717     3.868     0.424     0.569
   380.000   380.000         *         *         *         *         *    32.000    42.000    34.000    44.000    32.000         *         *    14.701     1.000     2.000     0.000     0.000     0.000     1.000     2.000     3.000     4.000     5.000         *         *   413.250    44.942   -25.630    11.901    37.677     3.093    -0.047     0.552
   510.000   480.000   680.000   540.000   450.000         *         *    42.000    56.000    52.000    54.000    52.000    52.000         *    14.638     7.000     8.000     0.000     1.000     0.000     1.000     2.000     3.000     4.000     5.000     6.000     7.000   555.070    40.779   -12.447    10.210    52.738     2.975    -0.514     0.489
   410.000   260.000         *   240.000   210.000   210.000   200.000    62.000    64.000    60.000    58.000    64.000    52.000    56.000    15.585    11.000    -4.000     0.000     0.000     0.000     1.000     2.000     3.000     4.000     5.000     6.000     7.000   376.369    41.554   -28.356     8.185    62.297     2.844    -0.900     0.416
   250.000   160.000   150.000         *         *         *         *    38.000    40.000    42.000    46.000         *         *         *    14.920     3.000    -5.000     0.000     0.000     0.000     1.000     2.000     3.000     4.000         *         *         *   241.658    42.419   -20.783    12.036    41.209     3.211     0.282     0.557
   440.000   320.000         *         *         *         *         *    66.000    58.000    64.000    58.000         *         *         *    12.768     9.000    11.000     0.000     1.000     0.000     1.000     2.000     3.000     4.000         *         *         *   408.419    45.291   -15.095    12.192    61.319     3.213    -0.831     0.562
   450.000   350.000   350.000   400.000         *         *         *    56.000    60.000    56.000    64.000         *         *         *     8.500    11.000    -7.000     0.000     1.000     0.000     1.000     2.000     3.000     4.000     5.000     6.000     7.000   437.153    41.983   -21.307    11.521    57.715     3.200     0.069     0.538
   680.000   850.000   550.000         *         *         *         *    38.000    32.000    50.000    50.000    44.000         *    42.000    -0.379     6.000     3.000     0.000     1.000     0.000     1.000     2.000     3.000     4.000     5.000     6.000     7.000   740.135    41.041   -38.269    11.181    41.597     3.057     0.393     0.522
   270.000   380.000         *         *         *         *         *    64.000    60.000    66.000    58.000    58.000    64.000         *    10.348    11.000   -13.000     0.000     0.000     0.000     1.000     2.000     3.000     4.000     5.000     6.000         *   369.345    44.499   -26.509    11.525    60.399     3.039     0.100     0.537
   500.000   450.000   410.000   360.000   310.000   300.000         *    62.000    60.000    64.000    58.000    30.000    60.000    56.000    15.290    11.000     3.000     0.000     0.000     0.000     1.000     2.000     3.000     4.000     5.000     6.000     7.000   510.672    39.783   -35.522     9.023    60.997     2.892    -1.422     0.444
   300.000         *         *         *         *         *         *    40.000    48.000         *         *         *         *         *     5.899     3.000    13.000     0.000     1.000     1.000     1.000     2.000     3.000         *         *         *         *   332.958    55.800   -10.735    12.524    40.336     3.868     0.772     0.569
   200.000   280.000   210.000   200.000   164.000   254.000   210.000    34.000    38.000    28.000    30.000    46.000    30.000    42.000     9.255    -1.000    11.000     0.000     0.000     0.000     1.000     2.000     3.000     4.000     5.000     6.000     7.000   261.139    39.175    -9.597     8.079    31.890     2.837     0.998     0.412
   580.000   520.000   500.000         *         *         *         *    54.000         *         *    50.000    56.000         *         *     6.047     9.000    -3.000     0.000     0.000     0.000     1.000     2.000     3.000     4.000     5.000     6.000         *   594.382    41.997   -37.669    11.779    53.099     3.671    -0.094     0.550
   380.000   350.000   280.000   240.000         *         *         *    54.000    48.000    52.000    30.000    44.000    38.000         *    17.181     7.000    -9.000     1.000     0.000     0.000     1.000     2.000     3.000     4.000     5.000     6.000         *   414.911    40.780   -41.126    10.959    49.806     3.013    -1.375     0.517
   300.000   200.000   200.000         *         *         *         *    46.000    50.000    44.000    46.000         *         *         *    18.821     9.000    -8.000     0.000     1.000     0.000     1.000     2.000     3.000     4.000         *         *         *   284.154    42.419   -21.580    12.036    49.238     3.211    -0.696     0.557
   380.000   530.000   400.000         *         *         *         *    50.000    56.000    48.000    60.000         *         *         *     6.931     5.000    11.000     0.000     0.000     0.000     1.000     2.000     3.000     4.000         *         *         *   469.932    42.419   -18.307    12.036    51.261     3.211     0.258     0.557
   210.000   200.000   200.000         *         *         *         *    36.000    44.000    48.000    42.000         *         *         *    10.118     5.000    -9.000     1.000     0.000     0.000     1.000     2.000     3.000     4.000         *         *         *   258.516    42.419   -22.305    12.036    42.300     3.211     0.399     0.557
   400.000   300.000   300.000   280.000   280.000   300.000   280.000    38.000    34.000    32.000    44.000    36.000    54.000    38.000     3.533     9.000     1.000     1.000     1.000     0.000     1.000     2.000     3.000     4.000     5.000     6.000     7.000   375.744    39.175   -17.445     8.079    38.719     2.837     0.529     0.412
   350.000         *         *         *         *         *         *    36.000    34.000         *         *         *         *         *     9.518     5.000    -1.000     1.000     1.000     0.000     1.000     2.000         *         *         *         *         *   371.602    55.800   -22.102    12.524    38.390     3.868    -0.037     0.569
   250.000   240.000   370.000   320.000         *   300.000         *    50.000    56.000    52.000    60.000    56.000    52.000    60.000    14.101    13.000     4.000     1.000     1.000     0.000     1.000     2.000     3.000     4.000     5.000     6.000     7.000   299.362    39.840    -0.995     9.294    57.295     2.908    -0.494     0.454
   550.000   520.000         *   480.000   440.000   400.000         *    34.000    46.000    44.000    44.000    36.000    46.000    44.000     7.175     7.000     1.000     1.000     1.000     0.000     1.000     2.000     3.000     4.000     5.000     6.000     7.000   559.752    41.934   -26.124     9.071    43.582     2.896    -0.222     0.446
   270.000   250.000   230.000   200.000   160.000   120.000   110.000    40.000    50.000    44.000    46.000    42.000    36.000    44.000    13.869     5.000    -1.000     1.000     1.000     1.000     1.000     2.000     3.000     4.000     5.000     6.000     7.000   294.854    39.175   -24.959     8.079    45.110     2.837    -0.586     0.412
   300.000         *         *   240.000   220.000         *         *    42.000    38.000    44.000    46.000    44.000    34.000    36.000     3.506    10.000     4.000     0.000     1.000     0.000     1.000     2.000     3.000     4.000     5.000     6.000     7.000   360.453    47.846   -27.214    10.183    40.938     2.970     0.227     0.486
   310.000   260.000   220.000   200.000   210.000   200.000         *    50.000    40.000    56.000    60.000    56.000    60.000    48.000     9.264     3.000     5.000     0.000     1.000     0.000     1.000     2.000     3.000     4.000     5.000     6.000     7.000   280.571    39.783   -11.319     9.023    49.620     2.892     0.443     0.444
   480.000   310.000   280.000   260.000         *   280.000         *    48.000    44.000    58.000    60.000    56.000    48.000    56.000    10.731    13.000     6.000     0.000     0.000     0.000     1.000     2.000     3.000     4.000     5.000     6.000     7.000   406.108    39.840   -25.110     9.294    55.320     2.908    -0.548     0.454
   250.000         *   220.000   200.000         *         *         *    36.000    34.000    34.000    48.000    40.000         *         *    12.908     5.000    -3.000     0.000     1.000     0.000     1.000     2.000     3.000     4.000     5.000         *         *   272.698    46.158   -15.208    11.434    38.460     3.081     0.357     0.536
   300.000   260.000   240.000         *         *         *         *    52.000    62.000    64.000    50.000         *         *         *    14.107    11.000    -3.000     0.000     0.000     0.000     1.000     2.000     3.000     4.000         *         *         *   324.952    42.419   -23.544    12.036    57.779     3.211    -0.491     0.557
   380.000   300.000   160.000   150.000   150.000         *         *    58.000    64.000    50.000    66.000    64.000    62.000         *     6.704    11.000    -4.000     0.000     0.000     0.000     1.000     2.000     3.000     4.000     5.000     6.000         *   340.046    40.779   -33.469    10.210    59.785     2.975    -0.110     0.489
   160.000         *         *         *         *         *         *    38.000    50.000         *         *         *         *         *     5.896     5.000    -2.000     0.000     1.000     1.000     1.000     2.000         *         *         *         *         *   216.008    55.800   -11.083    12.524    40.465     3.868     1.283     0.569
   520.000   450.000   400.000   400.000   400.000         *         *    38.000    42.000    40.000    36.000    42.000    42.000         *     6.865     2.000     0.000     0.000     1.000     0.000     1.000     2.000     3.000     4.000     5.000     6.000         *   504.489    40.779   -25.851    10.210    38.409     2.975     0.496     0.489
   380.000   360.000         *         *         *         *         *    50.000    56.000    48.000         *         *         *         *     6.211    12.000    18.000     1.000     1.000     0.000     1.000     2.000     3.000         *         *         *         *   403.644    45.539   -14.453    12.395    53.377     3.445    -0.722     0.567
   640.000   580.000         *         *         *         *         *    32.000         *    46.000         *         *         *         *     3.678     5.000    -1.000     0.000     1.000     0.000     1.000     2.000     3.000     4.000         *         *         *   627.686    45.540   -34.015    12.410    39.807     3.927     0.395     0.568
   420.000   360.000   320.000   300.000         *         *         *    42.000    46.000    32.000    46.000    44.000    36.000         *     6.257     8.000     8.000     0.000     1.000     0.000     1.000     2.000     3.000     4.000     5.000     6.000         *   420.120    40.780   -25.944    10.959    42.198     3.013    -0.076     0.517
   220.000   200.000         *         *         *         *         *    44.000    52.000    26.000         *         *         *         *     6.621     5.000    11.000     0.000     1.000     0.000     1.000     2.000     3.000         *         *         *         *   256.532    45.539    -9.792    12.395    40.189     3.445     0.588     0.567
   410.000   360.000   320.000         *         *         *         *    50.000    60.000    56.000    58.000         *         *         *     3.446     6.000    -1.000     0.000     1.000     0.000     1.000     2.000     3.000     4.000         *         *         *   405.342    42.419   -19.487    12.036    51.995     3.211     0.726     0.557
   460.000   410.000         *         *         *         *         *    38.000    60.000    46.000         *         *         *         *     3.667    12.000    -6.000     0.000     0.000     0.000     1.000     2.000     3.000         *         *         *         *   485.671    45.539   -35.399    12.395    48.964     3.445     0.345     0.567
   420.000   400.000   400.000   400.000         *         *         *    50.000    44.000    58.000    56.000    56.000         *         *     6.879     9.000     6.000     0.000     1.000     0.000     1.000     2.000     3.000     4.000     5.000         *         *   436.513    41.456   -13.587    11.279    51.578     3.073     0.252     0.529
   520.000   500.000         *         *         *         *         *    52.000    62.000    66.000    60.000         *         *         *     8.010     9.000    -5.000     0.000     0.000     0.000     1.000     2.000     3.000     4.000         *         *         *   540.173    45.291   -32.217    12.192    58.534     3.213    -0.087     0.562
   500.000   500.000         *         *         *         *         *    50.000    28.000    46.000         *         *         *         *     0.637     5.000    -7.000     0.000     1.000     0.000     1.000     2.000     3.000         *         *         *         *   531.852    45.539   -32.570    12.395    39.897     3.445     0.979     0.567
   520.000   500.000         *         *         *         *         *    34.000    30.000    16.000         *         *         *         *     9.154     8.000     8.000     0.000     1.000     0.000     1.000     2.000     3.000         *         *         *         *   544.164    45.539   -32.137    12.395    33.072     3.445    -0.436     0.567
   450.000   482.000         *         *         *         *         *    62.000    52.000    46.000         *         *         *         *     0.965     7.000    -2.000     0.000     0.000     0.000     1.000     2.000     3.000         *         *         *         *   513.937    45.539   -33.890    12.395    50.586     3.445     0.642     0.567
   360.000         *         *         *         *         *         *    58.000    50.000         *         *         *         *         *    15.665    10.000    -1.000     0.000     1.000     0.000     1.000     2.000         *         *         *         *         *   383.084    55.800   -20.243    12.524    54.953     3.868    -0.766     0.569
   250.000   250.000         *         *         *         *         *    40.000    48.000    56.000         *         *         *         *     8.094     7.000   -21.000     0.000     1.000     0.000     1.000     2.000     3.000         *         *         *         *   288.140    45.539   -21.600    12.395    45.741     3.445     1.064     0.567
   250.000         *         *         *         *         *         *    42.000    38.000         *         *         *         *         *     3.060     8.000    -7.000     0.000     1.000     2.000     1.000     2.000         *         *         *         *         *   298.647    55.800   -24.272    12.524    37.800     3.868     1.301     0.569
   300.000         *         *         *         *         *         *    56.000    64.000    58.000         *         *         *         *     4.010     7.000     8.000     1.000     1.000     0.000     1.000     2.000     3.000         *         *         *         *   338.504    55.690   -10.816    12.399    55.791     3.446     0.183     0.568
   320.000   300.000         *         *         *         *         *    66.000    64.000    66.000         *         *         *         *     1.578    11.000    -8.000     0.000     1.000     0.000     1.000     2.000     3.000         *         *         *         *   353.760    45.539   -19.519    12.395    60.298     3.445     0.817     0.567
   300.000   300.000         *         *         *         *         *    56.000    52.000    52.000         *         *         *         *     2.630     9.000     3.000     1.000     1.000     0.000     1.000     2.000     3.000         *         *         *         *   340.989    45.539   -16.734    12.395    51.733     3.445     0.283     0.567
   400.000   360.000         *         *         *         *         *    50.000    40.000    46.000         *         *         *         *     4.609    -1.000     3.000     1.000     1.000     0.000     1.000     2.000     3.000         *         *         *         *   406.736    45.539   -19.282    12.395    41.827     3.445     0.556     0.567
   460.000         *         *         *         *         *         *    56.000    50.000    54.000         *         *         *         *    15.290    12.000     5.000     0.000     0.000     0.000     1.000     2.000     3.000         *         *         *         *   480.229    55.690   -29.437    12.399    56.587     3.446    -1.189     0.568
   200.000         *         *         *         *         *         *    32.000    20.000         *         *         *         *         *     1.357     5.000    -9.000     0.000     1.000     0.000     1.000     2.000         *         *         *         *         *   261.789    55.800   -19.225    12.524    28.609     3.868     1.789     0.569
   280.000         *         *         *         *         *         *    56.000    44.000         *         *         *         *         *     0.946     5.000    -1.000     0.000     1.000     0.000     1.000     2.000         *         *         *         *         *   330.471    55.800   -15.976    12.524    45.520     3.868     1.277     0.569
   300.000         *         *         *         *         *         *    42.000    52.000         *         *         *         *         *     0.760     9.000   -10.000     1.000     0.000     0.000     1.000     2.000         *         *         *         *         *   353.192    55.800   -29.471    12.524    46.655     3.868     0.844     0.569
   580.000         *         *         *         *         *         *    56.000    52.000         *         *         *         *         *     1.570    13.000     8.000     0.000     0.000     0.000     1.000     2.000         *         *         *         *         *   597.768    55.800   -35.589    12.524    54.822     3.868    -0.181     0.569
