    20.000    16.000         *         *         *         *         *    24.415    23.698    20.830    22.981         *         *         *     8.146     3.000   -13.000     0.000     0.000     0.000     1.000     2.000     3.000     4.000         *         *         *    21.292     1.814    -2.619     0.428    23.523     0.356    -0.043     0.044
    24.000         *    24.000         *    20.000    20.000    18.000    28.000    27.283    27.283    27.283    28.000    28.000    27.283     1.455    11.000   -13.000     0.000     1.000     0.000     1.000     2.000     3.000     4.000     5.000     6.000     7.000    26.222     1.848    -1.275     0.339    27.681     0.288    -0.020     0.033
    32.000    28.000         *         *         *         *         *    27.283    28.000    28.000    28.000         *         *         *     3.010     2.000    -8.000     0.000     1.000     0.000     1.000     2.000     3.000     4.000         *         *         *    32.954     1.814    -2.974     0.428    27.786     0.356    -0.025     0.044
    19.000    16.000         *         *         *         *         *    25.132    22.981    25.132         *         *         *         *    13.929     8.000    -5.000     0.000     0.000     1.000     1.000     2.000     3.000         *         *         *         *    20.560     1.815    -2.245     0.429    24.937     0.396    -0.085     0.045
    19.000    20.000    12.000         *         *         *         *    25.849    27.283    25.849    25.849    25.849    24.415         *    25.962     7.000   -14.000     0.000     0.000     0.000     1.000     2.000     3.000     4.000     5.000     6.000         *    23.472     1.658    -3.426     0.420    26.297     0.313    -0.117     0.041
    16.000         *         *         *         *         *         *    28.000    28.000    28.000         *         *         *         *     1.841     5.000    -8.000     1.000     0.000     0.000     1.000     2.000     3.000         *         *         *         *    17.870     2.280    -1.823     0.429    27.641     0.398     0.057     0.046
    19.000    20.000    20.000    14.000     9.000    12.000    12.000    24.415    23.698    25.849    21.547    22.981    24.415    22.981     2.134     3.000    -5.000     0.000     1.000     1.000     1.000     2.000     3.000     4.000     5.000     6.000     7.000    22.027     1.591    -1.751     0.323    24.232     0.287    -0.084     0.033
    15.000         *    20.000    12.000    10.000     8.000     6.000    28.000    27.283    27.283    26.566    28.000    26.566    26.566     0.379     9.000     2.000     0.000     1.000     0.000     1.000     2.000     3.000     4.000     5.000     6.000     7.000    19.321     1.776    -1.679     0.338    27.090     0.287     0.020     0.033
    16.000         *         *         *         *         *         *    25.849    25.132         *         *         *         *         *    15.577    10.000   -17.000     1.000     1.000     0.000     1.000     2.000         *         *         *         *         *    17.487     2.280    -2.195     0.429    25.877     0.463    -0.034     0.047
    15.000         *         *         *         *         *         *    22.264    22.981         *         *         *         *         *    14.014     3.000   -21.000     0.000     0.000     0.000     1.000     2.000         *         *         *         *         *    17.122     2.280    -2.914     0.429    23.469     0.463    -0.015     0.047
    21.000    10.000    20.000     4.000    10.000         *         *    28.000    28.000    28.000    28.000    28.000    28.000         *     1.083     5.000    -7.000     0.000     0.000     0.000     1.000     2.000     3.000     4.000     5.000     6.000         *    19.640     1.612    -2.173     0.386    27.620     0.306     0.076     0.037
    29.000         *    30.000    24.000    30.000    26.000         *    28.000    28.000    28.000    28.000    28.000    28.000    27.283     0.828     6.000    -4.000     0.000     1.000     0.000     1.000     2.000     3.000     4.000     5.000     6.000     7.000    33.072     1.786    -1.633     0.368    28.261     0.291    -0.100     0.035
    20.000         *         *         *         *         *         *    27.283    28.000         *         *         *         *         *    12.593     7.000   -20.000     0.000     0.000     0.000     1.000     2.000         *         *         *         *         *    21.560     2.280    -2.584     0.429    27.416     0.463     0.015     0.047
    15.000         *         *         *         *         *         *    27.283    27.283         *         *         *         *         *     5.028     5.000   -22.000     0.000     0.000     0.000     1.000     2.000         *         *         *         *         *    17.004     2.280    -2.064     0.429    26.986     0.463     0.077     0.047
    24.000    26.000         *         *         *         *         *    28.000    28.000    28.000         *         *         *         *    13.923     5.000    -4.000     0.000     1.000     0.000     1.000     2.000     3.000         *         *         *         *    28.781     1.815    -3.103     0.429    27.995     0.396    -0.085     0.045
    21.000    20.000    20.000    18.000         *    12.000         *    27.283    27.283    25.849    28.000    28.000    24.415    27.283     2.756    13.000   -11.000     0.000     1.000     0.000     1.000     2.000     3.000     4.000     5.000     6.000     7.000    22.544     1.612    -1.417     0.364    26.907     0.293     0.006     0.036
    20.000    20.000    18.000         *         *         *         *    28.000    27.283    26.566    26.566         *         *         *     7.306     5.000    -9.000     0.000     1.000     0.000     1.000     2.000     3.000     4.000         *         *         *    23.755     1.660    -2.373     0.424    27.150     0.355    -0.033     0.043
    16.000    16.000         *         *         *         *         *    27.283    28.000    27.283    28.000         *         *         *    15.941    11.000   -14.000     0.000     0.000     1.000     1.000     2.000     3.000     4.000         *         *         *    18.847     1.814    -1.949     0.428    27.604     0.356    -0.031     0.044
    14.000    20.000         *         *         *         *         *    28.000    28.000    28.000         *         *         *         *     1.362     5.000   -15.000     0.000     1.000     0.000     1.000     2.000     3.000         *         *         *         *    19.589     1.815    -1.820     0.429    27.712     0.396     0.050     0.045
    20.000    28.000    30.000         *         *         *         *    25.132    25.849    25.849    25.132    25.132         *         *     1.450    13.000    -8.000     1.000     1.000     0.000     1.000     2.000     3.000     4.000     5.000         *         *    26.647     1.659    -0.976     0.422    25.895     0.329    -0.074     0.042
    20.000    18.000         *    12.000     4.000         *     6.000    27.283    28.000    28.000    28.000    27.283    26.566    28.000     4.171     9.000    -4.000     0.000     0.000     0.000     1.000     2.000     3.000     4.000     5.000     6.000     7.000    20.465     1.690    -2.188     0.338    27.335     0.289     0.052     0.034
         *    18.000         *         *         *         *         *    28.000    26.566    28.000         *         *         *         *     5.592     5.000    -5.000     0.000     1.000     0.000     1.000     2.000     3.000         *         *         *         *    22.428     2.455    -2.362     0.445    27.420     0.397    -0.006     0.045
    19.000    14.000    18.000         *    14.000     8.000     4.000    27.283    28.000    28.000    28.000    28.000    28.000    26.566    13.641     8.000   -23.000     1.000     0.000     0.000     1.000     2.000     3.000     4.000     5.000     6.000     7.000    21.348     1.634    -2.211     0.323    27.657     0.288    -0.009     0.033
    15.000    22.000    18.000         *         *         *         *    26.566    26.566    23.698    27.283    27.283         *         *     3.949     5.000     1.000     0.000     1.000     0.000     1.000     2.000     3.000     4.000     5.000         *         *    22.291     1.659    -2.112     0.422    26.453     0.329    -0.037     0.042
    12.000    12.000         *         *         *         *         *    25.849    25.849    24.415         *         *         *         *    15.243     3.000   -31.000     1.000     0.000     0.000     1.000     2.000     3.000         *         *         *         *    15.556     1.815    -2.650     0.429    25.453     0.396     0.017     0.045
    18.000    14.000         *     8.000         *         *         *    26.566    27.283    27.283    26.566    25.849    27.283         *    14.246     8.000   -32.000     0.000     0.000     0.000     1.000     2.000     3.000     4.000     5.000     6.000         *    18.796     1.716    -2.480     0.408    26.663     0.311     0.040     0.040
    20.000    12.000    14.000    10.000     8.000     6.000     8.000    27.283    28.000    28.000    26.566    28.000    27.283    28.000     1.515     5.000   -10.000     0.000     0.000     0.000     1.000     2.000     3.000     4.000     5.000     6.000     7.000    18.947     1.591    -1.949     0.323    27.286     0.287     0.060     0.033
    19.000         *         *         *         *         *         *    26.566    27.283    26.566    26.566    25.849    27.283    26.566     4.825     7.000   -22.000     0.000     1.000     0.000     1.000     2.000     3.000     4.000     5.000     6.000     7.000    20.095     2.279    -1.942     0.420    26.563     0.309     0.034     0.043
    20.000         *         *         *         *         *         *    28.000    28.000         *         *         *         *         *     3.147    11.000    -2.000     0.000     0.000     0.000     1.000     2.000         *         *         *         *         *    21.310     2.280    -1.622     0.429    27.786     0.463     0.022     0.047
    17.000         *    14.000    12.000     8.000     6.000     6.000    27.283    27.283    28.000    28.000    27.283    27.283    28.000     3.070     3.000   -15.000     1.000     1.000     0.000     1.000     2.000     3.000     4.000     5.000     6.000     7.000    19.391     1.776    -2.078     0.338    27.358     0.287     0.041     0.033
    18.000    12.000     8.000     6.000         *         *         *    22.981    25.132    24.415    25.849    25.132    25.132    25.132     1.647     0.000   -12.000     1.000     1.000     0.000     1.000     2.000     3.000     4.000     5.000     6.000     7.000    17.362     1.613    -2.556     0.405    24.729     0.299     0.055     0.039
    14.000         *         *         *         *         *         *    28.000    28.000         *         *         *         *         *     7.695     5.000   -10.000     0.000     1.000     0.000     1.000     2.000         *         *         *         *         *    17.177     2.280    -2.235     0.429    27.638     0.463     0.023     0.047
    24.000    24.000    22.000    18.000         *         *         *    27.283    25.849    27.283    28.000    25.849         *         *     2.605     7.000   -15.000     0.000     0.000     0.000     1.000     2.000     3.000     4.000     5.000         *         *    26.488     1.617    -2.049     0.410    26.855     0.327     0.010     0.040
    24.000    22.000    14.000    10.000     8.000     6.000     4.000    27.283    23.698    25.849    25.849    28.000    27.283    27.283     1.244     7.000   -30.000     0.000     1.000     0.000     1.000     2.000     3.000     4.000     5.000     6.000     7.000    22.802     1.591    -2.600     0.323    25.999     0.287     0.137     0.033
    20.000    22.000    18.000    12.000    10.000     8.000    10.000    28.000    28.000    28.000    28.000    28.000    27.283    28.000     1.472     6.000    -1.000     0.000     0.000     0.000     1.000     2.000     3.000     4.000     5.000     6.000     7.000    22.974     1.591    -2.176     0.323    27.690     0.287     0.032     0.033
    25.000    16.000    14.000    10.000     4.000     4.000     2.000    27.283    28.000    25.849    28.000    26.566    28.000    25.849    15.087     1.000    -5.000     0.000     1.000     0.000     1.000     2.000     3.000     4.000     5.000     6.000     7.000    24.819     1.591    -3.536     0.323    27.261     0.287    -0.063     0.033
    20.000         *         *         *         *         *         *    25.849    23.698         *         *         *         *         *    14.252     7.000   -19.000     0.000     1.000     0.000     1.000     2.000         *         *         *         *         *    21.415     2.280    -2.669     0.429    25.326     0.463    -0.042     0.047
    18.000    18.000         *         *         *         *         *    26.566    25.849    25.849         *         *         *         *     1.844     7.000    -9.000     0.000     1.000     0.000     1.000     2.000     3.000         *         *         *         *    20.443     1.815    -1.803     0.429    26.220     0.396     0.013     0.045
    15.000    14.000    12.000    10.000         *         *         *    22.981    24.415    24.415    25.132    23.698         *         *     6.348     8.000   -16.000     0.000     0.000     0.000     1.000     2.000     3.000     4.000     5.000         *         *    17.238     1.617    -1.881     0.410    24.373     0.327     0.014     0.040
    15.000    12.000    10.000     6.000         *     4.000     4.000    28.000    28.000    28.000    28.000    28.000    28.000    28.000     8.894     9.000   -16.000     0.000     0.000     0.000     1.000     2.000     3.000     4.000     5.000     6.000     7.000    15.938     1.601    -1.914     0.325    27.693     0.288     0.055     0.033
    15.000    16.000    10.000    10.000     8.000    10.000         *    26.566    25.849    26.566    26.566    26.566    28.000    27.283     8.461     6.000   -21.000     0.000     0.000     1.000     1.000     2.000     3.000     4.000     5.000     6.000     7.000    17.545     1.607    -1.771     0.355    26.670     0.291     0.022     0.035
    18.000         *         *         *         *         *         *    26.566    27.283    28.000         *         *         *         *    16.656     5.000   -19.000     0.000     1.000     0.000     1.000     2.000     3.000         *         *         *         *    20.548     2.280    -2.996     0.429    27.211     0.398    -0.018     0.046
    22.000    20.000    14.000    10.000     6.000         *         *    28.000    25.849    28.000    27.283    27.283    28.000    27.283     6.764    10.000    -7.000     0.000     1.000     0.000     1.000     2.000     3.000     4.000     5.000     6.000     7.000    21.919     1.609    -2.476     0.384    27.211     0.295     0.042     0.037
    10.000    22.000    14.000    10.000     8.000     8.000     6.000    25.849    23.698    25.132    23.698    25.132    28.000    23.698    10.504     9.000   -21.000     0.000     0.000     0.000     1.000     2.000     3.000     4.000     5.000     6.000     7.000    18.281     1.591    -1.843     0.323    25.228     0.287    -0.013     0.033
    22.000    14.000         *         *         *         *         *    25.849    25.849    25.849         *         *         *         *    12.259     6.000   -26.000     0.000     1.000     0.000     1.000     2.000     3.000         *         *         *         *    21.361     1.815    -2.678     0.429    26.008     0.396     0.004     0.045
    24.000    22.000    20.000    18.000         *         *         *    28.000    28.000    28.000    28.000    28.000         *         *     5.044     5.000    -5.000     0.000     1.000     0.000     1.000     2.000     3.000     4.000     5.000         *         *    26.678     1.617    -2.421     0.410    27.970     0.327    -0.024     0.040
    12.000         *         *         *         *         *         *    28.000    26.566    27.283    26.566    27.283    25.849         *    12.105     3.000   -34.000     0.000     1.000     3.000     1.000     2.000     3.000     4.000     5.000     6.000         *    14.237     2.279    -1.388     0.423    26.888     0.318    -0.023     0.044
    20.000    12.000    12.000    10.000     8.000     6.000         *    28.000    27.283    28.000    28.000    28.000    27.283    26.566    14.115     5.000   -22.000     0.000     9.000     0.000     1.000     2.000     3.000     4.000     5.000     6.000     7.000    20.464     1.607    -2.551     0.355    28.075     0.291    -0.118     0.035
    10.000    16.000    14.000    12.000     8.000     8.000     4.000    28.000    28.000    27.283    28.000    28.000    27.283    28.000     4.418     7.000   -12.000     0.000     0.000     0.000     1.000     2.000     3.000     4.000     5.000     6.000     7.000    16.967     1.591    -1.664     0.323    27.547     0.287     0.042     0.033
    14.000    14.000    12.000    10.000    10.000     8.000     6.000    26.566    27.283    28.000    27.283    27.283    28.000    28.000     3.996    10.000   -18.000     0.000     1.000     0.000     1.000     2.000     3.000     4.000     5.000     6.000     7.000    16.425     1.591    -1.469     0.323    27.224     0.287     0.064     0.033
    16.000    14.000    14.000    12.000     8.000    10.000     4.000    27.283    27.283    27.283    27.283    27.283    27.283    27.283     9.907     9.000   -30.000     0.000     1.000     0.000     1.000     2.000     3.000     4.000     5.000     6.000     7.000    18.425     1.591    -1.859     0.323    27.146     0.287     0.032     0.033
    16.000         *         *         *         *         *         *    26.566    27.283    28.000         *         *         *         *    13.529     7.000   -15.000     0.000     1.000     0.000     1.000     2.000     3.000         *         *         *         *    18.607     2.280    -2.526     0.429    27.206     0.398    -0.003     0.046
    24.000         *    18.000    16.000    14.000    10.000     6.000    28.000    28.000    27.283    27.283    28.000    28.000    28.000     7.602    11.000   -26.000     0.000     0.000     0.000     1.000     2.000     3.000     4.000     5.000     6.000     7.000    24.077     1.776    -2.238     0.338    27.503     0.287     0.067     0.033
    20.000    18.000    14.000     8.000     6.000     4.000         *    27.283    26.566    26.566    28.000    28.000    26.566    26.566    10.397     5.000   -31.000     0.000     1.000     0.000     1.000     2.000     3.000     4.000     5.000     6.000     7.000    21.369     1.607    -2.808     0.355    26.848     0.291     0.053     0.035
    22.000    22.000    20.000    18.000    14.000         *         *    26.566    25.132    26.566    27.283    26.566    26.566         *     2.129    11.000    -1.000     0.000     1.000     1.000     1.000     2.000     3.000     4.000     5.000     6.000         *    23.436     1.612    -1.463     0.386    26.603     0.306    -0.022     0.037
    14.000         *         *         *         *         *         *    26.566    26.566    27.283         *         *         *         *    17.754     5.000   -13.000     1.000     0.000     0.000     1.000     2.000     3.000         *         *         *         *    16.858     2.280    -2.816     0.429    26.747     0.398    -0.021     0.046
    14.000    12.000         *         *         *         *         *    27.283    27.283    28.000         *         *         *         *     7.158    10.000   -21.000     0.000     0.000     0.000     1.000     2.000     3.000         *         *         *         *    15.601     1.815    -1.691     0.429    27.274     0.396     0.074     0.045
    22.000    20.000    18.000    14.000     6.000         *         *    26.566    22.981    26.566    23.698    25.849    23.698         *    16.713     3.000   -15.000     0.000     1.000     0.000     1.000     2.000     3.000     4.000     5.000     6.000         *    25.752     1.612    -3.361     0.386    25.357     0.306    -0.094     0.037
    24.000    12.000    10.000     8.000         *     6.000         *    27.283    26.566    27.283    28.000    28.000    26.566    25.132     7.637     5.000    -8.000     0.000     0.000     0.000     1.000     2.000     3.000     4.000     5.000     6.000     7.000    20.315     1.612    -2.559     0.364    26.873     0.293     0.015     0.036
    18.000    20.000    14.000    12.000     8.000         *         *    28.000    28.000    28.000    28.000    28.000    28.000         *     4.574     5.000   -12.000     0.000     0.000     0.000     1.000     2.000     3.000     4.000     5.000     6.000         *    21.459     1.612    -2.372     0.386    27.701     0.306     0.053     0.037
    14.000    14.000         *         *         *         *         *    27.283    27.283    26.566         *         *         *         *     9.354     5.000   -20.000     1.000     0.000     0.000     1.000     2.000     3.000         *         *         *         *    17.041     1.815    -2.192     0.429    26.867     0.396     0.034     0.045
    16.000    12.000         *         *         *         *         *    24.415    25.132    24.415    24.415         *         *         *     7.303     4.000   -21.000     1.000     0.000     0.000     1.000     2.000     3.000     4.000         *         *         *    16.848     1.814    -2.215     0.428    24.756     0.356     0.026     0.044
    16.000    12.000         *    10.000    10.000     8.000     4.000    28.000    26.566    27.283    27.283    27.283    28.000    28.000     6.298     5.000   -16.000     0.000     0.000     0.000     1.000     2.000     3.000     4.000     5.000     6.000     7.000    18.085     1.690    -1.967     0.327    27.287     0.287     0.034     0.033
    26.000    22.000    18.000    14.000         *         *         *    28.000    28.000    27.283    27.283    28.000         *         *    10.090     4.000   -13.000     0.000     1.000     1.000     1.000     2.000     3.000     4.000     5.000         *         *    26.482     1.617    -2.707     0.410    27.706     0.327    -0.036     0.040
    26.000         *         *         *         *         *         *    26.566    28.000         *         *         *         *         *     8.875     5.000    -9.000     0.000     1.000     0.000     1.000     2.000         *         *         *         *         *    27.107     2.280    -2.809     0.429    27.275     0.463    -0.034     0.047
    26.000         *         *         *         *         *         *    26.566    25.849         *         *         *         *         *    10.706     9.000    -1.000     0.000     1.000     0.000     1.000     2.000         *         *         *         *         *    26.947     2.280    -2.553     0.429    26.583     0.463    -0.078     0.047
    18.000         *         *         *         *         *         *    27.283    28.000         *         *         *         *         *     6.402     5.000   -10.000     0.000     1.000     0.000     1.000     2.000         *         *         *         *         *    20.332     2.280    -2.315     0.429    27.416     0.463     0.014     0.047
    16.000         *         *         *         *         *         *    26.566    26.566         *         *         *         *         *     8.259     2.000   -15.000     0.000     1.000     0.000     1.000     2.000         *         *         *         *         *    18.776     2.280    -2.637     0.429    26.505     0.463     0.013     0.047
    12.000    12.000     8.000     6.000     4.000         *     4.000    27.283    28.000    26.566    28.000    25.849    25.132    25.849    15.758     6.000   -14.000     1.000     0.000     0.000     1.000     2.000     3.000     4.000     5.000     6.000     7.000    15.067     1.591    -2.008     0.336    26.851     0.289    -0.059     0.034
    20.000    14.000         *     8.000    14.000    10.000     6.000    26.566    26.566    26.566    28.000    28.000    27.283    28.000    10.438    11.000   -16.000     0.000     1.000     0.000     1.000     2.000     3.000     4.000     5.000     6.000     7.000    19.808     1.690    -1.923     0.327    27.260     0.287     0.009     0.033
    14.000    12.000     8.000         *         *         *         *    26.566    26.566    27.283    27.283    28.000    27.283         *    14.747     9.000   -18.000     1.000     1.000     0.000     1.000     2.000     3.000     4.000     5.000     6.000         *    15.870     1.658    -2.278     0.420    27.083     0.313     0.016     0.041
    20.000    14.000         *    12.000    10.000     8.000         *    25.849    25.849    27.283    25.849    26.566    26.566    26.566     3.979     6.000   -10.000     1.000     0.000     1.000     1.000     2.000     3.000     4.000     5.000     6.000     7.000    19.065     1.698    -1.769     0.357    26.287     0.291     0.022     0.035
    18.000    14.000     6.000         *         *         *         *    27.283    26.566    27.283    27.283         *         *         *    16.264     6.000   -21.000     0.000     0.000     0.000     1.000     2.000     3.000     4.000         *         *         *    18.598     1.660    -2.958     0.424    26.962     0.355     0.024     0.043
    22.000    18.000    18.000    14.000    12.000     6.000    10.000    27.283    26.566    27.283    28.000    27.283    28.000    28.000     6.556     5.000   -14.000     0.000     1.000     0.000     1.000     2.000     3.000     4.000     5.000     6.000     7.000    23.700     1.591    -2.412     0.323    27.420     0.287     0.009     0.033
    18.000    12.000    10.000     6.000     6.000     4.000     4.000    28.000    27.283    28.000    27.283    28.000    28.000    25.849    11.374     9.000   -16.000     0.000     0.000     0.000     1.000     2.000     3.000     4.000     5.000     6.000     7.000    17.163     1.591    -2.126     0.323    27.334     0.287     0.023     0.033
    18.000    16.000    10.000     8.000     8.000     8.000         *    28.000    28.000    27.283    26.566    26.566    28.000    27.283     9.376     5.000   -27.000     0.000     1.000     0.000     1.000     2.000     3.000     4.000     5.000     6.000     7.000    19.121     1.607    -2.253     0.355    27.232     0.291     0.026     0.035
    20.000         *    14.000         *         *         *         *    24.415    26.566    26.566    28.000         *         *         *    17.680    13.000   -15.000     0.000     0.000     0.000     1.000     2.000     3.000     4.000         *         *         *    21.210     1.909    -2.469     0.426    26.557     0.355    -0.021     0.043
    14.000    12.000     6.000     4.000     2.000         *         *    26.566    28.000    28.000    28.000    28.000    27.283         *    22.457    11.000   -17.000     0.000     1.000     0.000     1.000     2.000     3.000     4.000     5.000     6.000         *    16.173     1.612    -2.795     0.386    27.612     0.306    -0.011     0.037
    14.000         *    12.000     8.000     6.000     4.000     6.000    25.849    26.566    27.283    26.566    27.283    28.000    27.283     9.581     9.000   -10.000     0.000     1.000     0.000     1.000     2.000     3.000     4.000     5.000     6.000     7.000    16.750     1.776    -1.945     0.338    26.942     0.287     0.011     0.033
    20.000         *         *         *         *         *         *    28.000    27.283    27.283         *         *         *         *    11.793     5.000   -10.000     0.000     0.000     0.000     1.000     2.000     3.000         *         *         *         *    22.234     2.280    -2.755     0.429    27.386     0.398    -0.013     0.046
    12.000    12.000     8.000     6.000         *         *         *    26.566    25.849    27.283    28.000    28.000         *         *    11.506     6.000   -10.000     0.000     1.000     0.000     1.000     2.000     3.000     4.000     5.000         *         *    15.880     1.617    -2.465     0.410    27.030     0.327     0.020     0.040
    14.000    14.000         *         *         *         *         *    28.000    26.566    28.000         *         *         *         *     6.966    13.000   -15.000     0.000     1.000     0.000     1.000     2.000     3.000         *         *         *         *    16.213     1.815    -1.376     0.429    27.422     0.396     0.037     0.045
    20.000         *         *         *         *         *         *    28.000    28.000         *         *         *         *         *     6.372     6.000   -11.000     0.000     1.000     0.000     1.000     2.000         *         *         *         *         *    21.886     2.280    -2.276     0.429    27.733     0.463     0.011     0.047
    20.000         *    14.000         *         *     8.000     6.000    27.283    28.000    27.283    28.000    28.000    28.000    28.000    14.778    11.000   -12.000     0.000     0.000     0.000     1.000     2.000     3.000     4.000     5.000     6.000     7.000    21.595     1.887    -2.326     0.340    27.798     0.289    -0.014     0.033
    14.000    10.000         *         *         *         *         *    25.132    26.566    27.283         *         *         *         *    19.309     5.000    -9.000     0.000     1.000     0.000     1.000     2.000     3.000         *         *         *         *    17.034     1.815    -3.079     0.429    26.431     0.396    -0.046     0.045
    16.000    12.000         *         *         *         *         *    25.132    25.849    26.566         *         *         *         *     3.432     5.000   -16.000     0.000     1.000     0.000     1.000     2.000     3.000         *         *         *         *    17.087     1.815    -2.036     0.429    25.899     0.396     0.049     0.045
    12.000    10.000     8.000         *         *         *         *    26.566    27.283    27.283    27.283         *         *         *    14.203     7.000   -23.000     0.000     0.000     0.000     1.000     2.000     3.000     4.000         *         *         *    14.892     1.660    -2.384     0.424    26.923     0.355     0.041     0.043
    22.000    16.000    12.000     8.000         *     6.000         *    27.283    28.000    28.000    27.283    28.000    28.000    27.283    12.130    11.000    -9.000     1.000     1.000     0.000     1.000     2.000     3.000     4.000     5.000     6.000     7.000    20.354     1.612    -2.360     0.364    27.623     0.293     0.007     0.036
    18.000         *         *         *         *         *         *    27.283    28.000    28.000    28.000    28.000         *         *     4.667     6.000    -7.000     1.000     1.000     0.000     1.000     2.000     3.000     4.000     5.000         *         *    19.733     2.279    -2.020     0.426    27.686     0.333     0.022     0.045
    18.000    14.000    10.000     6.000     8.000     8.000         *    28.000    27.283    27.283    28.000    28.000    28.000    27.283     5.748     9.000   -12.000     0.000     0.000     0.000     1.000     2.000     3.000     4.000     5.000     6.000     7.000    17.340     1.607    -1.881     0.355    27.400     0.291     0.059     0.035
    14.000         *    10.000         *         *         *         *    28.000    28.000    28.000    28.000         *         *         *    20.442    11.000   -26.000     0.000     1.000     0.000     1.000     2.000     3.000     4.000         *         *         *    16.862     1.909    -2.426     0.426    27.879     0.355    -0.004     0.043
    16.000         *    10.000     6.000     4.000    10.000         *    28.000    28.000    28.000    28.000    25.849    27.283    25.849    12.108    11.000   -25.000     0.000     1.000     0.000     1.000     2.000     3.000     4.000     5.000     6.000     7.000    15.686     1.786    -1.674     0.368    27.232     0.291     0.005     0.035
    18.000    12.000    10.000         *         *         *         *    27.283    27.283    27.283    28.000         *         *         *    10.189     8.000   -17.000     0.000     0.000     0.000     1.000     2.000     3.000     4.000         *         *         *    17.955     1.660    -2.297     0.424    27.253     0.355     0.048     0.043
    16.000    12.000    10.000     6.000     8.000         *         *    26.566    27.283    27.283    28.000    28.000    28.000         *     3.725     5.000   -12.000     0.000     0.000     0.000     1.000     2.000     3.000     4.000     5.000     6.000         *    16.918     1.612    -2.146     0.386    27.163     0.306     0.082     0.037
    14.000    10.000     8.000     6.000     6.000         *         *    27.283    25.849    26.566    26.566    28.000    26.566         *     3.955     9.000    -4.000     0.000     1.000     0.000     1.000     2.000     3.000     4.000     5.000     6.000         *    14.287     1.612    -1.712     0.386    26.653     0.306     0.047     0.037
    10.000         *         *         *         *         *         *    28.000    27.283         *         *         *         *         *    10.345    11.000   -22.000     1.000     0.000     0.000     1.000     2.000         *         *         *         *         *    12.021     2.280    -1.490     0.429    27.329     0.463     0.065     0.047
     8.000         *     8.000         *         *         *         *    27.283    25.132    27.283    27.283         *         *         *    10.731     5.000   -17.000     0.000     1.000     0.000     1.000     2.000     3.000     4.000         *         *         *    12.950     1.909    -2.171     0.426    26.635     0.355     0.028     0.043
    12.000     8.000     6.000         *         *         *         *    27.283    26.566    22.264    26.566         *         *         *     1.817    11.000    -2.000     1.000     1.000     0.000     1.000     2.000     3.000     4.000     5.000         *         *    11.348     1.660    -1.042     0.424    25.749     0.355     0.032     0.043
     8.000         *         *         *         *         *         *    26.566    27.283         *         *         *         *         *    10.545    11.000   -18.000     0.000     1.000     1.000     1.000     2.000         *         *         *         *         *    10.872     2.280    -1.213     0.429    26.841     0.463     0.021     0.047
     8.000    10.000         *         *         *         *         *    28.000    27.283    28.000    28.000    28.000         *         *     5.858    13.000   -15.000     0.000     1.000     0.000     1.000     2.000     3.000     4.000     5.000         *         *    11.390     1.814    -1.080     0.426    27.585     0.331     0.069     0.044
    12.000     6.000     8.000         *         *         *         *    27.283    27.283    27.283    27.283         *         *         *    12.801     5.000    -9.000     0.000     1.000     0.000     1.000     2.000     3.000     4.000         *         *         *    14.183     1.660    -2.467     0.424    27.151     0.355     0.005     0.043
    10.000     6.000     6.000     6.000         *         *         *    27.283    26.566    27.283    27.283    26.566         *         *     5.806    11.000   -12.000     0.000     1.000     0.000     1.000     2.000     3.000     4.000     5.000         *         *    10.773     1.617    -1.305     0.410    26.818     0.327     0.059     0.040
    18.000    12.000         *         *         *         *         *    26.566    25.849    25.132         *         *         *         *     4.316     5.000     3.000     0.000     0.000     0.000     1.000     2.000     3.000         *         *         *         *    18.665     1.815    -2.202     0.429    25.957     0.396    -0.003     0.045
    16.000    14.000     8.000         *     8.000         *         *    26.566    26.566    25.132    27.283    25.849    26.566         *     5.707     7.000    -6.000     1.000     0.000     0.000     1.000     2.000     3.000     4.000     5.000     6.000         *    16.764     1.644    -1.902     0.390    26.277     0.308     0.021     0.038
     8.000     4.000     6.000     6.000     6.000         *         *    27.283    28.000    27.283    28.000    28.000    28.000         *    15.273    11.000   -22.000     0.000     0.000     0.000     1.000     2.000     3.000     4.000     5.000     6.000         *    10.850     1.612    -1.573     0.386    27.566     0.306     0.031     0.037
    12.000         *         *         *         *         *         *    28.000    27.283    26.566         *         *         *         *     7.697     5.000   -23.000     0.000     1.000     0.000     1.000     2.000     3.000         *         *         *         *    14.831     2.280    -2.072     0.429    27.047     0.398     0.056     0.046
         *         *         *     4.000         *         *         *    27.283    28.000    28.000    27.283    27.283         *         *     7.216     5.000   -15.000     1.000     1.000     0.000     1.000     2.000     3.000     4.000     5.000         *         *    13.316     2.934    -2.011     0.465    27.284     0.328     0.056     0.041
     8.000     6.000         *         *         *         *         *    26.566    24.415    23.698    23.698         *         *         *     9.970     7.000   -14.000     0.000     0.000     0.000     1.000     2.000     3.000     4.000         *         *         *    10.588     1.814    -1.842     0.428    24.771     0.356     0.014     0.044
    12.000     6.000     4.000         *         *         *         *    25.132    27.283    27.283    25.132         *         *         *    15.760     8.000   -19.000     0.000     0.000     0.000     1.000     2.000     3.000     4.000         *         *         *    12.576     1.660    -2.407     0.424    26.154     0.355     0.032     0.043
    10.000     8.000     8.000         *         *         *         *    28.000    28.000    27.283    28.000    28.000         *         *     5.159     9.000   -18.000     0.000     0.000     0.000     1.000     2.000     3.000     4.000     5.000         *         *    12.066     1.659    -1.477     0.422    27.458     0.329     0.094     0.042
     6.000     6.000         *         *         *         *         *    25.132    25.132    25.849         *         *         *         *     2.493    -4.000   -20.000     1.000     0.000     0.000     1.000     2.000     3.000         *         *         *         *    10.145     1.815    -2.347     0.429    25.185     0.396     0.095     0.045
    10.000     8.000         *         *         *         *         *    24.415    22.981    23.698    22.981         *         *         *    14.638     5.000   -27.000     0.000     0.000     0.000     1.000     2.000     3.000     4.000         *         *         *    12.753     1.814    -2.447     0.428    23.842     0.356     0.008     0.044
         *         *         *         *         *         *         *    25.849    27.283    27.283         *         *         *         *     2.583    11.000   -10.000     1.000     1.000     0.000     1.000     2.000     3.000         *         *         *         *    15.773     4.905    -1.227     0.475    26.784     0.404     0.044     0.050
     8.000     8.000         *         *         *         *         *    26.566    26.566    26.566         *         *         *         *     1.181     9.000   -11.000     0.000     1.000     0.000     1.000     2.000     3.000         *         *         *         *    10.687     1.815    -1.165     0.429    26.458     0.396     0.077     0.045
     6.000     6.000         *         *         *         *         *    25.849    25.132    26.566         *         *         *         *     6.939     5.000    -9.000     1.000     0.000     0.000     1.000     2.000     3.000         *         *         *         *     9.534     1.815    -1.795     0.429    25.789     0.396     0.050     0.045
     6.000     8.000         *         *         *         *         *    27.283    28.000    27.283         *         *         *         *    11.993     5.000   -25.000     0.000     0.000     0.000     1.000     2.000     3.000         *         *         *         *    10.985     1.815    -2.181     0.429    27.148     0.396     0.074     0.045
    20.000         *         *         *         *         *         *    26.566    25.849    25.849         *         *         *         *     0.557     7.000    -5.000     0.000     0.000     0.000     1.000     2.000     3.000         *         *         *         *    21.179     2.280    -1.823     0.429    26.175     0.398     0.024     0.046
     4.000         *         *         *         *         *         *    23.698    24.415         *         *         *         *         *    16.338     3.000   -21.000     0.000     0.000     0.000     1.000     2.000         *         *         *         *         *     8.410     2.280    -2.631     0.429    24.411     0.463     0.025     0.047
    10.000     8.000         *         *         *         *         *    25.849    25.849    25.849         *         *         *         *     6.419    11.000   -19.000     0.000     0.000     0.000     1.000     2.000     3.000         *         *         *         *    11.511     1.815    -1.378     0.429    25.868     0.396     0.073     0.045
     6.000         *         *         *         *         *         *    23.698    24.415         *         *         *         *         *     4.984    -1.000   -21.000     0.000     0.000     0.000     1.000     2.000         *         *         *         *         *     9.788     2.280    -2.343     0.429    24.297     0.463     0.081     0.047
    16.000         *         *         *         *         *         *    25.849    27.283         *         *         *         *         *     1.822     5.000   -24.000     0.000     0.000     0.000     1.000     2.000         *         *         *         *         *    17.379     2.280    -1.901     0.429    26.432     0.463     0.094     0.047
    16.000         *         *         *         *         *         *    25.849    27.283    26.566         *         *         *         *     5.020     9.000   -13.000     0.000     0.000     0.000     1.000     2.000     3.000         *         *         *         *    17.599     2.280    -1.765     0.429    26.532     0.398     0.046     0.046
    10.000     6.000         *         *         *         *         *    26.566    26.566    27.283         *         *         *         *    11.916     2.000   -18.000     1.000     1.000     0.000     1.000     2.000     3.000         *         *         *         *    12.393     1.815    -2.514     0.429    26.610     0.396     0.033     0.045
     6.000     8.000         *         *         *         *         *    26.566    24.415    25.849         *         *         *         *     4.910     5.000    -7.000     0.000     0.000     0.000     1.000     2.000     3.000         *         *         *         *    10.634     1.815    -1.770     0.429    25.611     0.396     0.047     0.045
    16.000    14.000         *         *         *         *         *    27.283    28.000    27.283         *         *         *         *     9.247    13.000    -9.000     1.000     1.000     0.000     1.000     2.000     3.000         *         *         *         *    17.219     1.815    -1.500     0.429    27.481     0.396     0.001     0.045
    18.000         *         *         *         *         *         *    28.000    27.283    28.000         *         *         *         *     3.123     8.000   -14.000     0.000     0.000     0.000     1.000     2.000     3.000         *         *         *         *    19.440     2.280    -1.790     0.429    27.501     0.398     0.061     0.046
         *         *         *         *         *         *         *    27.283    27.283         *         *         *         *         *    14.580     5.000   -28.000     0.000     0.000     1.000     1.000     2.000         *         *         *         *         *    16.578     4.906    -2.288     0.476    27.000     0.469     0.016     0.051
     6.000         *         *         *         *         *         *    28.000    27.283    28.000         *         *         *         *     9.206    13.000    -7.000     0.000     0.000     0.000     1.000     2.000     3.000         *         *         *         *     9.613     2.280    -1.267     0.429    27.499     0.398     0.054     0.046
    14.000         *         *         *         *         *         *    25.849    26.566    28.000         *         *         *         *     7.383     2.000   -17.000     0.000     0.000     0.000     1.000     2.000     3.000         *         *         *         *    16.824     2.280    -2.560     0.429    26.592     0.398     0.057     0.046
    16.000         *         *         *         *         *         *    28.000    27.283    26.566         *         *         *         *     7.933    13.000   -15.000     0.000     1.000     0.000     1.000     2.000     3.000         *         *         *         *    17.520     2.280    -1.482     0.429    27.259     0.398     0.019     0.046
     4.000         *         *         *         *         *         *    27.283    25.849         *         *         *         *         *     2.107    10.000   -19.000     1.000     0.000     0.000     1.000     2.000         *         *         *         *         *     6.575     2.280    -0.814     0.429    26.378     0.463     0.116     0.047
     6.000         *         *         *         *         *         *    27.283    26.566         *         *         *         *         *     3.010    12.000   -12.000     0.000     1.000     0.000     1.000     2.000         *         *         *         *         *     9.082     2.280    -0.903     0.429    26.821     0.463     0.078     0.047
     8.000         *         *         *         *         *         *    24.415    26.566         *         *         *         *         *     7.848     4.000   -36.000     0.000     0.000     0.000     1.000     2.000         *         *         *         *         *    10.544     2.280    -2.056     0.429    25.471     0.463     0.115     0.047
    18.000         *         *         *         *         *         *    27.283    28.000    28.000         *         *         *         *     3.624     6.000    -6.000     1.000     1.000     0.000     1.000     2.000     3.000         *         *         *         *    19.699     2.280    -1.929     0.429    27.569     0.398     0.019     0.046
     8.000         *         *         *         *         *         *    25.849    25.849         *         *         *         *         *     5.198     9.000    -1.000     0.000     0.000     0.000     1.000     2.000         *         *         *         *         *    11.441     2.280    -1.510     0.429    25.962     0.463     0.034     0.047
     6.000         *         *         *         *         *         *    25.132    25.132         *         *         *         *         *     3.306     7.000     0.000     0.000     1.000     0.000     1.000     2.000         *         *         *         *         *     9.972     2.280    -1.495     0.429    25.408     0.463     0.028     0.047
    20.000         *         *         *         *         *         *    25.849    26.566         *         *         *         *         *     4.960    13.000   -13.000     1.000     0.000     0.000     1.000     2.000         *         *         *         *         *    19.839     2.280    -1.387     0.429    26.430     0.463     0.026     0.047
     6.000         *         *         *         *         *         *    25.849    26.566         *         *         *         *         *     4.261     5.000   -20.000     0.000     0.000     0.000     1.000     2.000         *         *         *         *         *     9.395     2.280    -1.687     0.429    26.047     0.463     0.102     0.047
         *         *         *         *         *         *         *    22.981    26.566         *         *         *         *         *    14.304     0.000   -17.000     1.000     0.000     1.000     1.000     2.000         *         *         *         *         *    15.516     4.906    -2.690     0.476    25.006     0.469    -0.026     0.051
    14.000         *         *         *         *         *         *    27.283    27.283         *         *         *         *         *     9.072    13.000   -22.000     0.000     1.000     0.000     1.000     2.000         *         *         *         *         *    15.590     2.280    -1.484     0.429    27.221     0.463     0.046     0.047
     6.000         *         *         *         *         *         *    26.566    28.000         *         *         *         *         *     4.825     7.000   -23.000     0.000     0.000     0.000     1.000     2.000         *         *         *         *         *     9.216     2.280    -1.514     0.429    26.893     0.463     0.118     0.047
         *         *         *         *         *         *         *    24.415    22.981         *         *         *         *         *    14.630    11.000   -18.000     0.000     1.000     0.000     1.000     2.000         *         *         *         *         *    14.794     4.906    -2.035     0.476    24.495     0.469    -0.026     0.051
    12.000         *         *         *         *         *         *    26.566    27.283         *         *         *         *         *     3.248     9.000   -12.000     1.000     1.000     1.000     1.000     2.000         *         *         *         *         *    13.690     2.280    -0.974     0.429    26.832     0.463     0.027     0.047
    10.000         *         *         *         *         *         *    26.566    26.566         *         *         *         *         *     9.080     5.000   -16.000     0.000     0.000     0.000     1.000     2.000         *         *         *         *         *    13.296     2.280    -2.174     0.429    26.416     0.463     0.050     0.047
     6.000         *         *         *         *         *         *    27.283    26.566         *         *         *         *         *     8.136     6.000   -16.000     1.000     0.000     0.000     1.000     2.000         *         *         *         *         *     9.339     2.280    -1.714     0.429    26.639     0.463     0.069     0.047
    18.000         *         *         *         *         *         *    25.849    25.849         *         *         *         *         *     4.804     9.000   -11.000     0.000     0.000     0.000     1.000     2.000         *         *         *         *         *    19.238     2.280    -1.829     0.429    26.065     0.463     0.027     0.047
         *         *         *         *         *         *         *    25.132    26.566         *         *         *         *         *     9.009     9.000   -18.000     0.000     0.000     2.000     1.000     2.000         *         *         *         *         *    16.389     4.906    -1.257     0.476    26.009     0.469    -0.015     0.051
     8.000         *         *         *         *         *         *    26.566    26.566         *         *         *         *         *    12.787     9.000   -30.000     0.000     1.000     0.000     1.000     2.000         *         *         *         *         *    10.886     2.280    -1.867     0.429    26.502     0.463     0.061     0.047
     8.000         *         *         *         *         *         *    24.415    25.132         *         *         *         *         *     6.966     1.000   -16.000     0.000     0.000     0.000     1.000     2.000         *         *         *         *         *    11.683     2.280    -2.373     0.429    24.938     0.463     0.055     0.047
    12.000         *         *         *         *         *         *    28.000    28.000         *         *         *         *         *     6.027     9.000   -16.000     0.000     1.000     0.000     1.000     2.000         *         *         *         *         *    14.625     2.280    -1.621     0.429    27.660     0.463     0.058     0.047
