    20.000    16.000         *         *         *         *         *    32.000    36.000    38.000    31.000         *         *         *     8.146     3.000   -13.000     0.000     0.000     0.000     1.000     2.000     3.000     4.000         *         *         *    21.726     1.717    -2.897     0.260    35.980     2.741    -0.394     0.443
    24.000         *    24.000         *    20.000    20.000    18.000    47.000    66.000    60.000    58.000    66.000    53.000    51.000     1.455    11.000   -13.000     0.000     1.000     0.000     1.000     2.000     3.000     4.000     5.000     6.000     7.000    26.923     1.502    -1.490     0.225    60.717     2.490    -0.654     0.403
    32.000    28.000         *         *         *         *         *    55.000    63.000    66.000    61.000         *         *         *     3.010     2.000    -8.000     0.000     1.000     0.000     1.000     2.000     3.000     4.000         *         *         *    32.145     1.717    -2.521     0.260    62.047     2.741    -0.450     0.443
    19.000    16.000         *         *         *         *         *    51.000    45.000    42.000         *         *         *         *    13.929     8.000    -5.000     0.000     0.000     1.000     1.000     2.000     3.000         *         *         *         *    20.592     1.727    -2.005     0.266    47.511     3.018    -0.859     0.450
    19.000    20.000    12.000         *         *         *         *    42.000    31.000    32.000    27.000    28.000    23.000         *    25.962     7.000   -14.000     0.000     0.000     0.000     1.000     2.000     3.000     4.000     5.000     6.000         *    23.688     1.482    -3.515     0.247    37.731     2.510    -1.930     0.420
    16.000         *         *         *         *         *         *    32.000    33.000    39.000         *         *         *         *     1.841     5.000    -8.000     1.000     0.000     0.000     1.000     2.000     3.000         *         *         *         *    17.427     2.218    -2.082     0.268    35.532     3.036    -0.057     0.457
    19.000    20.000    20.000    14.000     9.000    12.000    12.000    43.000    44.000    43.000    39.000    43.000    44.000    46.000     2.134     3.000    -5.000     0.000     1.000     1.000     1.000     2.000     3.000     4.000     5.000     6.000     7.000    22.540     1.298    -1.880     0.218    42.521     2.472     0.208     0.394
    15.000         *    20.000    12.000    10.000     8.000     6.000    60.000    53.000    48.000    49.000    50.000    52.000    48.000     0.379     9.000     2.000     0.000     1.000     0.000     1.000     2.000     3.000     4.000     5.000     6.000     7.000    19.972     1.423    -1.848     0.224    52.593     2.486    -0.257     0.402
    16.000         *         *         *         *         *         *    53.000    52.000         *         *         *         *         *    15.577    10.000   -17.000     1.000     1.000     0.000     1.000     2.000         *         *         *         *         *    17.730     2.223    -2.024     0.275    53.658     3.554    -1.205     0.462
    15.000         *         *         *         *         *         *    33.000    37.000         *         *         *         *         *    14.014     3.000   -21.000     0.000     0.000     0.000     1.000     2.000         *         *         *         *         *    17.600     2.223    -3.002     0.275    36.320     3.554    -0.469     0.462
    21.000    10.000    20.000     4.000    10.000         *         *    57.000    70.000    67.000    62.000    69.000    66.000         *     1.083     5.000    -7.000     0.000     0.000     0.000     1.000     2.000     3.000     4.000     5.000     6.000         *    18.592     1.338    -1.805     0.241    63.294     2.509     0.284     0.418
    29.000         *    30.000    24.000    30.000    26.000         *    66.000    72.000    55.000    70.000    71.000    55.000    63.000     0.828     6.000    -4.000     0.000     1.000     0.000     1.000     2.000     3.000     4.000     5.000     6.000     7.000    33.846     1.431    -1.845     0.232    67.146     2.489    -0.523     0.406
    20.000         *         *         *         *         *         *    61.000    60.000         *         *         *         *         *    12.593     7.000   -20.000     0.000     0.000     0.000     1.000     2.000         *         *         *         *         *    21.476     2.223    -2.325     0.275    60.624     3.554    -0.918     0.462
    15.000         *         *         *         *         *         *    55.000    54.000         *         *         *         *         *     5.028     5.000   -22.000     0.000     0.000     0.000     1.000     2.000         *         *         *         *         *    17.146     2.223    -2.107     0.275    53.779     3.554    -0.105     0.462
    24.000    26.000         *         *         *         *         *    80.000    63.000    54.000         *         *         *         *    13.923     5.000    -4.000     0.000     1.000     0.000     1.000     2.000     3.000         *         *         *         *    28.705     1.727    -2.644     0.266    66.626     3.018    -1.099     0.450
    21.000    20.000    20.000    18.000         *    12.000         *    65.000    62.000    66.000    53.000    61.000    72.000    58.000     2.756    13.000   -11.000     0.000     1.000     0.000     1.000     2.000     3.000     4.000     5.000     6.000     7.000    22.380     1.335    -1.384     0.230    65.515     2.476    -0.730     0.400
    20.000    20.000    18.000         *         *         *         *    45.000    38.000    38.000    39.000         *         *         *     7.306     5.000    -9.000     0.000     1.000     0.000     1.000     2.000     3.000     4.000         *         *         *    24.100     1.510    -2.643     0.260    42.265     2.734    -0.531     0.442
    16.000    16.000         *         *         *         *         *    59.000    63.000    45.000    59.000         *         *         *    15.941    11.000   -14.000     0.000     0.000     1.000     1.000     2.000     3.000     4.000         *         *         *    18.569     1.717    -1.580     0.260    58.616     2.741    -1.094     0.443
    14.000    20.000         *         *         *         *         *    70.000    63.000    49.000         *         *         *         *     1.362     5.000   -15.000     0.000     1.000     0.000     1.000     2.000     3.000         *         *         *         *    20.170     1.727    -1.914     0.266    60.052     3.018    -0.004     0.450
    20.000    28.000    30.000         *         *         *         *    59.000    55.000    54.000    48.000    43.000         *         *     1.450    13.000    -8.000     1.000     1.000     0.000     1.000     2.000     3.000     4.000     5.000         *         *    27.755     1.496    -1.404     0.253    57.020     2.585    -1.378     0.432
    20.000    18.000         *    12.000     4.000         *     6.000    53.000    58.000    51.000    48.000    51.000    58.000    51.000     4.171     9.000    -4.000     0.000     0.000     0.000     1.000     2.000     3.000     4.000     5.000     6.000     7.000    19.692     1.405    -2.009     0.223    54.593     2.479    -0.485     0.398
         *    18.000         *         *         *         *         *    51.000    64.000    63.000         *         *         *         *     5.592     5.000    -5.000     0.000     1.000     0.000     1.000     2.000     3.000         *         *         *         *    22.154     2.321    -2.123     0.275    58.767     3.037    -0.048     0.470
    19.000    14.000    18.000         *    14.000     8.000     4.000    38.000    43.000    44.000    46.000    36.000    39.000    34.000    13.641     8.000   -23.000     1.000     0.000     0.000     1.000     2.000     3.000     4.000     5.000     6.000     7.000    21.465     1.351    -2.280     0.218    45.478     2.474    -1.285     0.395
    15.000    22.000    18.000         *         *         *         *    42.000    48.000    46.000    51.000         *         *         *     3.949     5.000     1.000     0.000     1.000     0.000     1.000     2.000     3.000     4.000     5.000         *         *    22.376     1.510    -2.203     0.260    47.032     2.734     0.135     0.442
    12.000    12.000         *         *         *         *         *    39.000    38.000    33.000         *         *         *         *    15.243     3.000   -31.000     1.000     0.000     0.000     1.000     2.000     3.000         *         *         *         *    15.935     1.727    -2.765     0.266    38.021     3.018    -0.827     0.450
    18.000    14.000         *     8.000         *         *         *    54.000    48.000    53.000    49.000    44.000    48.000         *    14.246     8.000   -32.000     0.000     0.000     0.000     1.000     2.000     3.000     4.000     5.000     6.000         *    18.706     1.517    -2.447     0.245    53.289     2.514    -1.156     0.420
    20.000    12.000    14.000    10.000     8.000     6.000     8.000    37.000    47.000    38.000    50.000    45.000    46.000    48.000     1.515     5.000   -10.000     0.000     0.000     0.000     1.000     2.000     3.000     4.000     5.000     6.000     7.000    19.173     1.298    -2.052     0.218    43.642     2.472     0.304     0.394
    19.000         *         *         *         *         *         *    67.000    75.000    63.000    64.000    63.000    69.000    61.000     4.825     7.000   -22.000     0.000     1.000     0.000     1.000     2.000     3.000     4.000     5.000     6.000     7.000    20.454     2.174    -1.831     0.241    67.263     2.512    -0.434     0.412
    20.000         *         *         *         *         *         *    51.000    57.000         *         *         *         *         *     3.147    11.000    -2.000     0.000     0.000     0.000     1.000     2.000         *         *         *         *         *    20.836     2.223    -1.667     0.275    55.591     3.554    -0.468     0.462
    17.000         *    14.000    12.000     8.000     6.000     6.000    57.000    55.000    60.000    51.000    54.000    62.000    58.000     3.070     3.000   -15.000     1.000     1.000     0.000     1.000     2.000     3.000     4.000     5.000     6.000     7.000    18.742     1.423    -1.902     0.224    55.778     2.486     0.081     0.402
    18.000    12.000     8.000     6.000         *         *         *    20.000    13.000    21.000         *         *         *         *     1.647     0.000   -12.000     1.000     1.000     0.000     1.000     2.000     3.000     4.000     5.000     6.000     7.000    17.964     1.425    -2.843     0.265    19.193     3.010     0.159     0.449
    14.000         *         *         *         *         *         *    64.000    69.000         *         *         *         *         *     7.695     5.000   -10.000     0.000     1.000     0.000     1.000     2.000         *         *         *         *         *    17.177     2.223    -1.967     0.275    63.761     3.554     0.110     0.462
    24.000    24.000    22.000    18.000         *         *         *    39.000    35.000    33.000    41.000    39.000         *         *     2.605     7.000   -15.000     0.000     0.000     0.000     1.000     2.000     3.000     4.000     5.000         *         *    27.000     1.399    -2.395     0.252    41.086     2.584    -0.760     0.432
    24.000    22.000    14.000    10.000     8.000     6.000     4.000    37.000    38.000    32.000    29.000    34.000    27.000    29.000     1.244     7.000   -30.000     0.000     1.000     0.000     1.000     2.000     3.000     4.000     5.000     6.000     7.000    23.009     1.298    -2.675     0.218    37.444     2.472    -1.111     0.394
    20.000    22.000    18.000    12.000    10.000     8.000    10.000    48.000    48.000    49.000    40.000    45.000    50.000    39.000     1.472     6.000    -1.000     0.000     0.000     0.000     1.000     2.000     3.000     4.000     5.000     6.000     7.000    23.283     1.298    -2.273     0.218    47.211     2.472    -0.343     0.394
    25.000    16.000    14.000    10.000     4.000     4.000     2.000    35.000    33.000    32.000    29.000    32.000    36.000    35.000    15.087     1.000    -5.000     0.000     1.000     0.000     1.000     2.000     3.000     4.000     5.000     6.000     7.000    24.210     1.298    -3.408     0.218    35.342     2.472    -0.493     0.394
    20.000         *         *         *         *         *         *    31.000    40.000         *         *         *         *         *    14.252     7.000   -19.000     0.000     1.000     0.000     1.000     2.000         *         *         *         *         *    21.127     2.223    -2.807     0.275    39.024     3.554    -0.966     0.462
    18.000    18.000         *         *         *         *         *    55.000    39.000    47.000         *         *         *         *     1.844     7.000    -9.000     0.000     1.000     0.000     1.000     2.000     3.000         *         *         *         *    20.780     1.727    -2.058     0.266    48.220     3.018    -0.188     0.450
    15.000    14.000    12.000    10.000         *         *         *    67.000    59.000    36.000    53.000    60.000         *         *     6.348     8.000   -16.000     0.000     0.000     0.000     1.000     2.000     3.000     4.000     5.000         *         *    17.651     1.399    -1.963     0.252    56.129     2.584    -0.453     0.432
    15.000    12.000    10.000     6.000         *     4.000     4.000    53.000    47.000    61.000    45.000    46.000    36.000    40.000     8.894     9.000   -16.000     0.000     0.000     0.000     1.000     2.000     3.000     4.000     5.000     6.000     7.000    16.930     1.328    -2.170     0.219    50.339     2.472    -0.845     0.395
    15.000    16.000    10.000    10.000     8.000    10.000         *    39.000    45.000    46.000    41.000    40.000    40.000    42.000     8.461     6.000   -21.000     0.000     0.000     1.000     1.000     2.000     3.000     4.000     5.000     6.000     7.000    17.665     1.301    -1.798     0.228    43.256     2.476    -0.310     0.400
    18.000         *         *         *         *         *         *    48.000    51.000    44.000         *         *         *         *    16.656     5.000   -19.000     0.000     1.000     0.000     1.000     2.000     3.000         *         *         *         *    20.418     2.218    -2.826     0.268    49.121     3.036    -0.840     0.457
    22.000    20.000    14.000    10.000     6.000         *         *    54.000    44.000    45.000    56.000    53.000    39.000    54.000     6.764    10.000    -7.000     0.000     1.000     0.000     1.000     2.000     3.000     4.000     5.000     6.000     7.000    20.855     1.317    -2.149     0.234    52.339     2.478    -0.754     0.403
    10.000    22.000    14.000    10.000     8.000     8.000     6.000    38.000    50.000    51.000    49.000    48.000    43.000    43.000    10.504     9.000   -21.000     0.000     0.000     0.000     1.000     2.000     3.000     4.000     5.000     6.000     7.000    19.018     1.298    -2.039     0.218    48.985     2.472    -0.611     0.394
    22.000    14.000         *         *         *         *         *    36.000    39.000    34.000         *         *         *         *    12.259     6.000   -26.000     0.000     1.000     0.000     1.000     2.000     3.000         *         *         *         *    21.454     1.727    -2.845     0.266    39.566     3.018    -0.984     0.450
    24.000    22.000    20.000    18.000         *         *         *    63.000    59.000    55.000    60.000    57.000         *         *     5.044     5.000    -5.000     0.000     1.000     0.000     1.000     2.000     3.000     4.000     5.000         *         *    26.330     1.399    -2.256     0.252    59.879     2.584    -0.420     0.432
    12.000         *         *         *         *         *         *    33.000    25.000    30.000         *    37.000    26.000         *    12.105     3.000   -34.000     0.000     1.000     3.000     1.000     2.000     3.000     4.000     5.000     6.000         *    13.894     2.189    -1.315     0.249    30.503     2.675    -0.166     0.429
    20.000    12.000    12.000    10.000     8.000     6.000         *    54.000    53.000    54.000    54.000    63.000    53.000    48.000    14.115     5.000   -22.000     0.000     9.000     0.000     1.000     2.000     3.000     4.000     5.000     6.000     7.000    20.482     1.301    -2.550     0.228    54.975     2.476    -0.151     0.400
    10.000    16.000    14.000    12.000     8.000     8.000     4.000    84.000    82.000    82.000    79.000    87.000    78.000    79.000     4.418     7.000   -12.000     0.000     0.000     0.000     1.000     2.000     3.000     4.000     5.000     6.000     7.000    16.213     1.298    -1.405     0.218    79.895     2.472     0.070     0.394
    14.000    14.000    12.000    10.000    10.000     8.000     6.000    75.000    75.000    63.000    75.000    77.000    72.000    82.000     3.996    10.000   -18.000     0.000     1.000     0.000     1.000     2.000     3.000     4.000     5.000     6.000     7.000    15.449     1.298    -1.192     0.218    73.156     2.472     0.071     0.394
    16.000    14.000    14.000    12.000     8.000    10.000     4.000    66.000    55.000    62.000    58.000    59.000    63.000    62.000     9.907     9.000   -30.000     0.000     1.000     0.000     1.000     2.000     3.000     4.000     5.000     6.000     7.000    18.233     1.298    -1.811     0.218    62.928     2.472    -0.589     0.394
    16.000         *         *         *         *         *         *    46.000    45.000    48.000         *         *         *         *    13.529     7.000   -15.000     0.000     1.000     0.000     1.000     2.000     3.000         *         *         *         *    18.401     2.218    -2.483     0.268    47.779     3.036    -0.617     0.457
    24.000         *    18.000    16.000    14.000    10.000     6.000    59.000    63.000    61.000    57.000    63.000    52.000    57.000     7.602    11.000   -26.000     0.000     0.000     0.000     1.000     2.000     3.000     4.000     5.000     6.000     7.000    22.940     1.423    -1.976     0.224    63.982     2.486    -1.329     0.402
    20.000    18.000    14.000     8.000     6.000     4.000         *    62.000    60.000    58.000    58.000    57.000    57.000    57.000    10.397     5.000   -31.000     0.000     1.000     0.000     1.000     2.000     3.000     4.000     5.000     6.000     7.000    20.354     1.301    -2.491     0.228    60.953     2.476    -0.798     0.400
    22.000    22.000    20.000    18.000    14.000         *         *    57.000    36.000    62.000    56.000    57.000    56.000         *     2.129    11.000    -1.000     0.000     1.000     1.000     1.000     2.000     3.000     4.000     5.000     6.000         *    22.393     1.338    -1.135     0.241    55.329     2.509    -0.335     0.418
    14.000         *         *         *         *         *         *    22.000    33.000    31.000         *         *         *         *    17.754     5.000   -13.000     1.000     0.000     0.000     1.000     2.000     3.000         *         *         *         *    16.244     2.218    -2.835     0.268    30.801     3.036    -0.832     0.457
    14.000    12.000         *         *         *         *         *    64.000    61.000    56.000         *         *         *         *     7.158    10.000   -21.000     0.000     0.000     0.000     1.000     2.000     3.000         *         *         *         *    15.801     1.727    -1.691     0.266    60.816     3.018    -0.531     0.450
    22.000    20.000    18.000    14.000     6.000         *         *    34.000    36.000    35.000    33.000    25.000         *         *    16.713     3.000   -15.000     0.000     1.000     0.000     1.000     2.000     3.000     4.000     5.000     6.000         *    25.991     1.358    -3.456     0.247    36.783     2.584    -1.184     0.430
    24.000    12.000    10.000     8.000         *     6.000         *    51.000    45.000    45.000    47.000    49.000    47.000    31.000     7.637     5.000    -8.000     0.000     0.000     0.000     1.000     2.000     3.000     4.000     5.000     6.000     7.000    20.597     1.335    -2.628     0.230    47.343     2.476    -0.619     0.400
    18.000    20.000    14.000    12.000     8.000         *         *    69.000    71.000    77.000    72.000    79.000    75.000         *     4.574     5.000   -12.000     0.000     0.000     0.000     1.000     2.000     3.000     4.000     5.000     6.000         *    19.831     1.338    -1.782     0.241    72.251     2.509     0.088     0.418
    14.000    14.000         *         *         *         *         *    74.000    69.000    66.000         *         *         *         *     9.354     5.000   -20.000     1.000     0.000     0.000     1.000     2.000     3.000         *         *         *         *    17.064     1.727    -1.778     0.266    67.870     3.018    -0.464     0.450
    16.000    12.000         *         *         *         *         *    33.000    36.000    33.000    32.000         *         *         *     7.303     4.000   -21.000     1.000     0.000     0.000     1.000     2.000     3.000     4.000         *         *         *    17.291     1.717    -2.453     0.260    35.101     2.741    -0.496     0.443
    16.000    12.000         *    10.000    10.000     8.000     4.000    68.000    61.000    52.000    61.000    54.000    60.000    58.000     6.298     5.000   -16.000     0.000     0.000     0.000     1.000     2.000     3.000     4.000     5.000     6.000     7.000    18.572     1.382    -2.036     0.220    59.358     2.479    -0.148     0.397
    26.000    22.000    18.000    14.000         *         *         *    45.000    33.000    50.000    43.000    35.000         *         *    10.090     4.000   -13.000     0.000     1.000     1.000     1.000     2.000     3.000     4.000     5.000         *         *    25.773     1.399    -2.432     0.252    43.777     2.584    -0.829     0.432
    26.000         *         *         *         *         *         *    52.000    45.000         *         *         *         *         *     8.875     5.000    -9.000     0.000     1.000     0.000     1.000     2.000         *         *         *         *         *    26.955     2.223    -2.684     0.275    50.430     3.554    -0.802     0.462
    26.000         *         *         *         *         *         *    58.000    65.000         *         *         *         *         *    10.706     9.000    -1.000     0.000     1.000     0.000     1.000     2.000         *         *         *         *         *    26.637     2.223    -2.191     0.275    62.714     3.554    -0.977     0.462
    18.000         *         *         *         *         *         *    61.000    62.000         *         *         *         *         *     6.402     5.000   -10.000     0.000     1.000     0.000     1.000     2.000         *         *         *         *         *    20.336     2.223    -2.112     0.275    60.162     3.554    -0.104     0.462
    16.000         *         *         *         *         *         *    46.000    43.000         *         *         *         *         *     8.259     2.000   -15.000     0.000     1.000     0.000     1.000     2.000         *         *         *         *         *    18.931     2.223    -2.686     0.275    44.289     3.554    -0.004     0.462
    12.000    12.000     8.000     6.000     4.000         *     4.000    51.000    43.000    49.000    45.000    49.000    50.000    59.000    15.758     6.000   -14.000     1.000     0.000     0.000     1.000     2.000     3.000     4.000     5.000     6.000     7.000    14.825     1.311    -1.977     0.222    49.931     2.473    -0.199     0.396
    20.000    14.000         *     8.000    14.000    10.000     6.000    58.000    62.000    65.000    68.000    55.000    44.000    60.000    10.438    11.000   -16.000     0.000     1.000     0.000     1.000     2.000     3.000     4.000     5.000     6.000     7.000    19.622     1.382    -1.849     0.220    62.458     2.479    -0.919     0.397
    14.000    12.000     8.000         *         *         *         *    36.000    20.000    27.000    25.000    23.000         *         *    14.747     9.000   -18.000     1.000     1.000     0.000     1.000     2.000     3.000     4.000     5.000     6.000         *    16.242     1.496    -2.528     0.253    30.749     2.585    -1.215     0.432
    20.000    14.000         *    12.000    10.000     8.000         *    37.000    38.000    35.000    30.000    22.000    29.000    23.000     3.979     6.000   -10.000     1.000     0.000     1.000     1.000     2.000     3.000     4.000     5.000     6.000     7.000    19.689     1.390    -1.911     0.229    34.224     2.481    -0.873     0.402
    18.000    14.000     6.000         *         *         *         *    42.000    57.000    51.000    47.000         *         *         *    16.264     6.000   -21.000     0.000     0.000     0.000     1.000     2.000     3.000     4.000         *         *         *    18.034     1.510    -2.667     0.260    50.780     2.734    -0.829     0.442
    22.000    18.000    18.000    14.000    12.000     6.000    10.000    59.000    50.000    55.000    67.000    58.000    53.000    61.000     6.556     5.000   -14.000     0.000     1.000     0.000     1.000     2.000     3.000     4.000     5.000     6.000     7.000    22.904     1.298    -2.197     0.218    58.312     2.472    -0.231     0.394
    18.000    12.000    10.000     6.000     6.000     4.000     4.000    50.000    43.000    43.000    49.000    50.000    40.000         *    11.374     9.000   -16.000     0.000     0.000     0.000     1.000     2.000     3.000     4.000     5.000     6.000     7.000    17.430     1.320    -2.223     0.225    48.506     2.504    -0.728     0.410
    18.000    16.000    10.000     8.000     8.000     8.000         *    48.000    45.000    51.000    52.000         *    46.000    43.000     9.376     5.000   -27.000     0.000     1.000     0.000     1.000     2.000     3.000     4.000     5.000     6.000     7.000    19.641     1.305    -2.420     0.230    49.495     2.555    -0.478     0.402
    20.000         *    14.000         *         *         *         *    48.000    49.000    49.000    49.000         *         *         *    17.680    13.000   -15.000     0.000     0.000     0.000     1.000     2.000     3.000     4.000         *         *         *    20.770     1.771    -2.246     0.261    53.206     2.743    -1.558     0.447
    14.000    12.000     6.000     4.000     2.000         *         *    39.000    33.000    33.000    33.000    34.000    30.000         *    22.457    11.000   -17.000     0.000     1.000     0.000     1.000     2.000     3.000     4.000     5.000     6.000         *    15.979     1.338    -2.775     0.241    39.114     2.509    -1.404     0.418
    14.000         *    12.000     8.000     6.000     4.000     6.000    46.000    46.000    58.000    45.000    56.000    61.000    47.000     9.581     9.000   -10.000     0.000     1.000     0.000     1.000     2.000     3.000     4.000     5.000     6.000     7.000    16.415     1.423    -1.860     0.224    51.814     2.486    -0.086     0.402
    20.000         *         *         *         *         *         *    65.000    59.000    47.000         *         *         *         *    11.793     5.000   -10.000     0.000     0.000     0.000     1.000     2.000     3.000         *         *         *         *    22.611     2.218    -2.542     0.268    57.524     3.036    -0.738     0.457
    12.000    12.000     8.000     6.000         *         *         *    47.000    52.000    47.000    56.000    52.000         *         *    11.506     6.000   -10.000     0.000     1.000     0.000     1.000     2.000     3.000     4.000     5.000         *         *    15.379     1.399    -2.245     0.252    50.552     2.584    -0.022     0.432
    14.000    14.000         *         *         *         *         *    73.000    81.000    77.000         *         *         *         *     6.966    13.000   -15.000     0.000     1.000     0.000     1.000     2.000     3.000         *         *         *         *    16.057     1.727    -1.099     0.266    76.499     3.018    -0.451     0.450
    20.000         *         *         *         *         *         *    55.000    61.000         *         *         *         *         *     6.372     6.000   -11.000     0.000     1.000     0.000     1.000     2.000         *         *         *         *         *    21.558     2.223    -2.136     0.275    57.815     3.554    -0.300     0.462
    20.000         *    14.000         *         *     8.000     6.000    44.000    57.000    51.000    46.000    57.000    56.000    49.000    14.778    11.000   -12.000     0.000     0.000     0.000     1.000     2.000     3.000     4.000     5.000     6.000     7.000    20.351     1.570    -2.067     0.225    55.198     2.492    -0.902     0.403
    14.000    10.000         *         *         *         *         *    50.000    54.000    39.000         *         *         *         *    19.309     5.000    -9.000     0.000     1.000     0.000     1.000     2.000     3.000         *         *         *         *    17.145     1.727    -2.840     0.266    48.136     3.018    -0.615     0.450
    16.000    12.000         *         *         *         *         *    35.000         *         *         *         *         *         *     3.432     5.000   -16.000     0.000     1.000     0.000     1.000     2.000     3.000         *         *         *         *    17.363     1.738    -2.340     0.284    38.420     4.670     0.053     0.457
    12.000    10.000     8.000         *         *         *         *    40.000    31.000    37.000    23.000         *         *         *    14.203     7.000   -23.000     0.000     0.000     0.000     1.000     2.000     3.000     4.000         *         *         *    15.606     1.510    -2.740     0.260    35.664     2.734    -0.844     0.442
    22.000    16.000    12.000     8.000         *     6.000         *    49.000    56.000    57.000    52.000    50.000    60.000    47.000    12.130    11.000    -9.000     1.000     1.000     0.000     1.000     2.000     3.000     4.000     5.000     6.000     7.000    18.820     1.335    -1.865     0.230    56.942     2.476    -1.088     0.400
    18.000         *         *         *         *         *         *    64.000    50.000    57.000    59.000         *         *         *     4.667     6.000    -7.000     1.000     1.000     0.000     1.000     2.000     3.000     4.000     5.000         *         *    19.965     2.210    -1.785     0.261    57.478     2.761    -0.300     0.450
    18.000    14.000    10.000     6.000     8.000     8.000         *    48.000    53.000    48.000    43.000    48.000    50.000    35.000     5.748     9.000   -12.000     0.000     0.000     0.000     1.000     2.000     3.000     4.000     5.000     6.000     7.000    18.003     1.301    -2.064     0.228    49.114     2.476    -0.619     0.400
    14.000         *    10.000         *         *         *         *    42.000    36.000         *         *         *         *         *    20.442    11.000   -26.000     0.000     1.000     0.000     1.000     2.000     3.000     4.000         *         *         *    16.895     1.785    -2.594     0.275    42.865     3.547    -1.412     0.458
    16.000         *    10.000     6.000     4.000    10.000         *    54.000    62.000    54.000    63.000    60.000    53.000    52.000    12.108    11.000   -25.000     0.000     1.000     0.000     1.000     2.000     3.000     4.000     5.000     6.000     7.000    16.023     1.431    -1.805     0.232    59.848     2.489    -0.761     0.406
    18.000    12.000    10.000         *         *         *         *    44.000    51.000    51.000    51.000         *         *         *    10.189     8.000   -17.000     0.000     0.000     0.000     1.000     2.000     3.000     4.000         *         *         *    17.611     1.510    -2.202     0.260    50.621     2.734    -0.550     0.442
    16.000    12.000    10.000     6.000     8.000         *         *    50.000    50.000    44.000    58.000    65.000    62.000         *     3.725     5.000   -12.000     0.000     0.000     0.000     1.000     2.000     3.000     4.000     5.000     6.000         *    15.959     1.338    -1.869     0.241    52.702     2.509     0.527     0.418
    14.000    10.000     8.000     6.000     6.000         *         *    57.000    55.000    54.000    57.000    53.000    54.000         *     3.955     9.000    -4.000     0.000     1.000     0.000     1.000     2.000     3.000     4.000     5.000     6.000         *    14.355     1.338    -1.713     0.241    54.581     2.509     0.051     0.418
    10.000         *         *         *         *         *         *    45.000    40.000         *         *         *         *         *    10.345    11.000   -22.000     1.000     0.000     0.000     1.000     2.000         *         *         *         *         *    12.084     2.223    -1.737     0.275    44.219     3.554    -0.822     0.462
     8.000         *     8.000         *         *         *         *    35.000    28.000    36.000    35.000         *         *         *    10.731     5.000   -17.000     0.000     1.000     0.000     1.000     2.000     3.000     4.000         *         *         *    13.535     1.771    -2.548     0.261    34.233     2.743     0.015     0.447
    12.000     8.000     6.000         *         *         *         *    71.000    72.000         *    59.000         *         *         *     1.817    11.000    -2.000     1.000     1.000     0.000     1.000     2.000     3.000     4.000     5.000         *         *    11.676     1.511    -0.952     0.263    65.688     3.048    -0.023     0.444
     8.000         *         *         *         *         *         *    61.000    56.000         *         *         *         *         *    10.545    11.000   -18.000     0.000     1.000     1.000     1.000     2.000         *         *         *         *         *    11.214     2.223    -1.103     0.275    57.405     3.554    -0.271     0.462
     8.000    10.000         *         *         *         *         *    63.000    65.000    58.000    56.000    58.000         *         *     5.858    13.000   -15.000     0.000     1.000     0.000     1.000     2.000     3.000     4.000     5.000         *         *    11.919     1.706    -1.274     0.253    60.756     2.591    -0.294     0.433
    12.000     6.000     8.000         *         *         *         *    50.000    43.000    49.000    41.000         *         *         *    12.801     5.000    -9.000     0.000     1.000     0.000     1.000     2.000     3.000     4.000         *         *         *    14.357     1.510    -2.497     0.260    45.618     2.734    -0.088     0.442
    10.000     6.000     6.000     6.000         *         *         *    49.000    48.000    41.000    37.000    58.000         *         *     5.806    11.000   -12.000     0.000     1.000     0.000     1.000     2.000     3.000     4.000     5.000         *         *    11.290     1.399    -1.627     0.252    47.001     2.584    -0.001     0.432
    18.000    12.000         *         *         *         *         *    48.000    45.000    44.000         *         *         *         *     4.316     5.000     3.000     0.000     0.000     0.000     1.000     2.000     3.000         *         *         *         *    18.848     1.727    -2.280     0.266    45.464     3.018     0.106     0.450
    16.000    14.000     8.000         *     8.000         *         *    35.000    33.000         *    37.000    29.000    29.000         *     5.707     7.000    -6.000     1.000     0.000     0.000     1.000     2.000     3.000     4.000     5.000     6.000         *    17.407     1.407    -2.176     0.242    35.178     2.685    -0.524     0.418
     8.000     4.000     6.000     6.000     6.000         *         *    63.000    70.000    60.000    50.000    66.000    47.000         *    15.273    11.000   -22.000     0.000     0.000     0.000     1.000     2.000     3.000     4.000     5.000     6.000         *    11.648     1.338    -1.743     0.241    61.418     2.509    -0.711     0.418
    12.000         *         *         *         *         *         *    53.000    56.000    69.000         *         *         *         *     7.697     5.000   -23.000     0.000     1.000     0.000     1.000     2.000     3.000         *         *         *         *    14.512     2.218    -1.984     0.268    57.848     3.036     0.165     0.457
         *         *         *     4.000         *         *         *    51.000    51.000    44.000    38.000    46.000         *         *     7.216     5.000   -15.000     1.000     1.000     0.000     1.000     2.000     3.000     4.000     5.000         *         *    13.465     2.542    -2.074     0.273    46.037     2.653    -0.198     0.475
     8.000     6.000         *         *         *         *         *    29.000    34.000    35.000    37.000         *         *         *     9.970     7.000   -14.000     0.000     0.000     0.000     1.000     2.000     3.000     4.000         *         *         *    10.978     1.717    -2.313     0.260    34.302     2.741     0.037     0.443
    12.000     6.000     4.000         *         *         *         *    37.000    40.000    43.000    39.000         *         *         *    15.760     8.000   -19.000     0.000     0.000     0.000     1.000     2.000     3.000     4.000         *         *         *    12.629     1.510    -2.480     0.260    41.315     2.734    -0.572     0.442
    10.000     8.000     8.000         *         *         *         *    77.000    81.000    73.000    68.000    65.000         *         *     5.159     9.000   -18.000     0.000     0.000     0.000     1.000     2.000     3.000     4.000     5.000         *         *    12.417     1.496    -1.372     0.253    71.778     2.585    -0.112     0.432
     6.000     6.000         *         *         *         *         *    14.000    18.000    24.000         *         *         *         *     2.493    -4.000   -20.000     1.000     0.000     0.000     1.000     2.000     3.000         *         *         *         *    10.661     1.727    -2.844     0.266    17.113     3.018     0.957     0.450
    10.000     8.000         *         *         *         *         *    58.000    45.000    51.000    40.000         *         *         *    14.638     5.000   -27.000     0.000     0.000     0.000     1.000     2.000     3.000     4.000         *         *         *    13.568     1.717    -2.558     0.260    49.144     2.741    -0.530     0.443
         *         *         *         *         *         *         *    59.000    52.000    62.000         *         *         *         *     2.583    11.000   -10.000     1.000     1.000     0.000     1.000     2.000     3.000         *         *         *         *    16.611     4.675    -1.220     0.301    58.176     3.176    -0.400     0.555
     8.000     8.000         *         *         *         *         *    46.000    51.000    55.000         *         *         *         *     1.181     9.000   -11.000     0.000     1.000     0.000     1.000     2.000     3.000         *         *         *         *    10.954     1.727    -1.457     0.266    49.863     3.018     0.500     0.450
     6.000     6.000         *         *         *         *         *    29.000    29.000    30.000         *         *         *         *     6.939     5.000    -9.000     1.000     0.000     0.000     1.000     2.000     3.000         *         *         *         *    10.008     1.727    -2.164     0.266    29.394     3.018     0.185     0.450
     6.000     8.000         *         *         *         *         *    44.000    48.000    40.000         *         *         *         *    11.993     5.000   -25.000     0.000     0.000     0.000     1.000     2.000     3.000         *         *         *         *    11.347     1.727    -2.394     0.266    43.829     3.018    -0.096     0.450
    20.000         *         *         *         *         *         *    47.000    56.000    53.000         *         *         *         *     0.557     7.000    -5.000     0.000     0.000     0.000     1.000     2.000     3.000         *         *         *         *    20.989     2.218    -1.891     0.268    52.408     3.036    -0.051     0.457
     4.000         *         *         *         *         *         *    30.000         *         *         *         *         *         *    16.338     3.000   -21.000     0.000     0.000     0.000     1.000     2.000         *         *         *         *         *     8.973     2.228    -2.905     0.286    30.211     4.674     0.040     0.465
    10.000     8.000         *         *         *         *         *    29.000    23.000    44.000         *         *         *         *     6.419    11.000   -19.000     0.000     0.000     0.000     1.000     2.000     3.000         *         *         *         *    11.618     1.727    -1.922     0.266    34.443     3.018    -0.253     0.450
     6.000         *         *         *         *         *         *    16.000    10.000         *         *         *         *         *     4.984    -1.000   -21.000     0.000     0.000     0.000     1.000     2.000         *         *         *         *         *    10.406     2.223    -3.067     0.275    14.230     3.554     0.731     0.462
    16.000         *         *         *         *         *         *    58.000    62.000         *         *         *         *         *     1.822     5.000   -24.000     0.000     0.000     0.000     1.000     2.000         *         *         *         *         *    17.611     2.223    -1.882     0.275    58.679     3.554     0.027     0.462
    16.000         *         *         *         *         *         *    81.000    82.000    70.000         *         *         *         *     5.020     9.000   -13.000     0.000     0.000     0.000     1.000     2.000     3.000         *         *         *         *    18.276     2.218    -1.415     0.268    76.207     3.036    -0.316     0.457
    10.000     6.000         *         *         *         *         *    29.000    39.000    31.000         *         *         *         *    11.916     2.000   -18.000     1.000     1.000     0.000     1.000     2.000     3.000         *         *         *         *    12.573     1.727    -2.631     0.266    32.838     3.018    -0.047     0.450
     6.000     8.000         *         *         *         *         *    31.000    29.000    21.000         *         *         *         *     4.910     5.000    -7.000     0.000     0.000     0.000     1.000     2.000     3.000         *         *         *         *    11.537     1.727    -2.407     0.266    27.573     3.018     0.379     0.450
    16.000    14.000         *         *         *         *         *    57.000    60.000    66.000         *         *         *         *     9.247    13.000    -9.000     1.000     1.000     0.000     1.000     2.000     3.000         *         *         *         *    16.817     1.727    -1.287     0.266    62.103     3.018    -0.841     0.450
    18.000         *         *         *         *         *         *    74.000    42.000    55.000         *         *         *         *     3.123     8.000   -14.000     0.000     0.000     0.000     1.000     2.000     3.000         *         *         *         *    20.286     2.218    -1.889     0.268    57.783     3.036    -0.476     0.457
         *         *         *         *         *         *         *    33.000    38.000         *         *         *         *         *    14.580     5.000   -28.000     0.000     0.000     1.000     1.000     2.000         *         *         *         *         *    15.187     4.678    -2.283     0.308    36.544     3.673    -0.574     0.559
     6.000         *         *         *         *         *         *    50.000    54.000    59.000         *         *         *         *     9.206    13.000    -7.000     0.000     0.000     0.000     1.000     2.000     3.000         *         *         *         *     9.340     2.218    -1.383     0.268    54.346     3.036    -0.098     0.457
    14.000         *         *         *         *         *         *    23.000    37.000    30.000         *         *         *         *     7.383     2.000   -17.000     0.000     0.000     0.000     1.000     2.000     3.000         *         *         *         *    16.419     2.218    -2.828     0.268    30.735     3.036     0.092     0.457
    16.000         *         *         *         *         *         *    55.000    63.000    65.000         *         *         *         *     7.933    13.000   -15.000     0.000     1.000     0.000     1.000     2.000     3.000         *         *         *         *    17.055     2.218    -1.467     0.268    62.342     3.036    -0.634     0.457
     4.000         *         *         *         *         *         *    22.000    29.000         *         *         *         *         *     2.107    10.000   -19.000     1.000     0.000     0.000     1.000     2.000         *         *         *         *         *     6.503     2.223    -1.545     0.275    27.751     3.554     0.099     0.462
     6.000         *         *         *         *         *         *    56.000    60.000         *         *         *         *         *     3.010    12.000   -12.000     0.000     1.000     0.000     1.000     2.000         *         *         *         *         *     9.300     2.223    -1.141     0.275    57.297     3.554     0.263     0.462
     8.000         *         *         *         *         *         *    38.000    41.000         *         *         *         *         *     7.848     4.000   -36.000     0.000     0.000     0.000     1.000     2.000         *         *         *         *         *    10.926     2.223    -2.386     0.275    39.623     3.554     0.033     0.462
    18.000         *         *         *         *         *         *    63.000    64.000    70.000         *         *         *         *     3.624     6.000    -6.000     1.000     1.000     0.000     1.000     2.000     3.000         *         *         *         *    19.568     2.218    -1.557     0.268    64.196     3.036    -0.106     0.457
     8.000         *         *         *         *         *         *    50.000    44.000         *         *         *         *         *     5.198     9.000    -1.000     0.000     0.000     0.000     1.000     2.000         *         *         *         *         *    11.923     2.223    -1.743     0.275    46.808     3.554     0.229     0.462
     6.000         *         *         *         *         *         *    50.000    48.000         *         *         *         *         *     3.306     7.000     0.000     0.000     1.000     0.000     1.000     2.000         *         *         *         *         *    10.605     2.223    -1.710     0.275    47.533     3.554     0.711     0.462
    20.000         *         *         *         *         *         *    44.000    45.000         *         *         *         *         *     4.960    13.000   -13.000     1.000     0.000     0.000     1.000     2.000         *         *         *         *         *    19.728     2.223    -1.549     0.275    48.014     3.554    -1.140     0.462
     6.000         *         *         *         *         *         *    40.000    53.000         *         *         *         *         *     4.261     5.000   -20.000     0.000     0.000     0.000     1.000     2.000         *         *         *         *         *     9.496     2.223    -1.937     0.275    45.047     3.554     0.555     0.462
         *         *         *         *         *         *         *    18.000    27.000         *         *         *         *         *    14.304     0.000   -17.000     1.000     0.000     1.000     1.000     2.000         *         *         *         *         *    16.245     4.678    -2.668     0.308    22.970     3.673    -0.340     0.559
    14.000         *         *         *         *         *         *    66.000    70.000         *         *         *         *         *     9.072    13.000   -22.000     0.000     1.000     0.000     1.000     2.000         *         *         *         *         *    15.617     2.223    -1.386     0.275    68.129     3.554    -0.716     0.462
     6.000         *         *         *         *         *         *    32.000    25.000         *         *         *         *         *     4.825     7.000   -23.000     0.000     0.000     0.000     1.000     2.000         *         *         *         *         *     9.393     2.223    -2.166     0.275    30.400     3.554     0.166     0.462
         *         *         *         *         *         *         *    57.000    57.000         *         *         *         *         *    14.630    11.000   -18.000     0.000     1.000     0.000     1.000     2.000         *         *         *         *         *    17.717     4.678    -2.040     0.308    58.257     3.673    -0.978     0.559
    12.000         *         *         *         *         *         *    39.000    31.000         *         *         *         *         *     3.248     9.000   -12.000     1.000     1.000     1.000     1.000     2.000         *         *         *         *         *    13.835     2.223    -1.221     0.275    36.409     3.554    -0.223     0.462
    10.000         *         *         *         *         *         *    38.000    44.000         *         *         *         *         *     9.080     5.000   -16.000     0.000     0.000     0.000     1.000     2.000         *         *         *         *         *    13.267     2.223    -2.374     0.275    41.035     3.554     0.047     0.462
     6.000         *         *         *         *         *         *    35.000    35.000         *         *         *         *         *     8.136     6.000   -16.000     1.000     0.000     0.000     1.000     2.000         *         *         *         *         *     9.501     2.223    -2.036     0.275    35.071     3.554    -0.010     0.462
    18.000         *         *         *         *         *         *    42.000    33.000         *         *         *         *         *     4.804     9.000   -11.000     0.000     0.000     0.000     1.000     2.000         *         *         *         *         *    19.404     2.223    -2.172     0.275    40.691     3.554    -0.539     0.462
         *         *         *         *         *         *         *    30.000    44.000         *         *         *         *         *     9.009     9.000   -18.000     0.000     0.000     2.000     1.000     2.000         *         *         *         *         *    15.687     4.678    -1.184     0.308    38.318     3.673    -0.468     0.559
     8.000         *         *         *         *         *         *    66.000    59.000         *         *         *         *         *    12.787     9.000   -30.000     0.000     1.000     0.000     1.000     2.000         *         *         *         *         *    11.494     2.223    -1.833     0.275    61.334     3.554    -0.430     0.462
     8.000         *         *         *         *         *         *    31.000    17.000         *         *         *         *         *     6.966     1.000   -16.000     0.000     0.000     0.000     1.000     2.000         *         *         *         *         *    12.425     2.223    -2.878     0.275    24.742     3.554     0.415     0.462
    12.000         *         *         *         *         *         *    54.000    53.000         *         *         *         *         *     6.027     9.000   -16.000     0.000     1.000     0.000     1.000     2.000         *         *         *         *         *    14.611     2.223    -1.767     0.275    53.685     3.554    -0.134     0.462
