    23.000         *         *         *         *         *         *    24.000    20.000         *         *         *         *         *     2.687    11.000     8.000     1.000     1.000     0.000     1.000     2.000         *         *         *         *         *    28.562     3.426    -2.001     0.855    22.463     2.540     0.708     0.584
    21.000    20.000    28.000    16.000    14.000     8.000     8.000    24.000    29.000    24.000    25.000    19.000    21.000    30.000    10.712     9.000     8.000     0.000     0.000     0.000     1.000     2.000     3.000     4.000     5.000     6.000     7.000    27.918     2.661    -2.826     0.562    25.595     2.150    -0.307     0.417
    25.000         *         *         *         *         *         *    31.000    35.000         *         *         *         *         *    15.259    13.000     3.000     1.000     0.000     1.000     1.000     2.000         *         *         *         *         *    26.231     3.426    -2.669     0.855    33.035     2.540    -1.140     0.584
    35.000         *    50.000    32.000         *         *         *    20.000    13.000    18.000    14.000    19.000    13.000         *     0.856     6.000     6.000     0.000     0.000     0.000     1.000     2.000     3.000     4.000     5.000     6.000         *    41.459     3.011    -1.636     0.773    16.325     2.217     0.058     0.479
    34.000    34.000    34.000    30.000         *         *         *    33.000    27.000    22.000    23.000    20.000    30.000         *    13.819    13.000    -8.000     0.000     0.000     0.000     1.000     2.000     3.000     4.000     5.000     6.000         *    36.814     2.747    -2.754     0.765    29.557     2.216    -1.354     0.479
    27.000    32.000    28.000    22.000    20.000    16.000    10.000    34.000    24.000    34.000    33.000    30.000    28.000    17.000     2.605    11.000    13.000     1.000     0.000     0.000     1.000     2.000     3.000     4.000     5.000     6.000     7.000    33.147     2.661    -2.650     0.562    29.476     2.150    -0.193     0.417
    33.000         *    32.000    30.000         *         *         *    16.000    28.000    30.000    29.000    25.000         *         *     1.272     9.000    -2.000     0.000     1.000     0.000     1.000     2.000     3.000     4.000     5.000         *         *    36.173     3.025    -2.086     0.783    23.450     2.217     0.601     0.511
    31.000         *    42.000         *         *         *    34.000    31.000    32.000    25.000    16.000    23.000    15.000    21.000     9.091    10.000     8.000     0.000     1.000     1.000     1.000     2.000     3.000     4.000     5.000     6.000     7.000    34.839     3.069    -0.501     0.623    30.264     2.166    -1.879     0.424
    35.000    30.000    32.000         *         *    26.000         *    33.000    31.000    29.000    31.000    25.000         *    28.000     1.737    13.000    14.000     0.000     1.000     0.000     1.000     2.000     3.000     4.000     5.000     6.000     7.000    35.382     2.761    -1.673     0.670    31.573     2.179    -0.661     0.448
    19.000    20.000    16.000    14.000    12.000    10.000     8.000     9.000    22.000    21.000    18.000    18.000    18.000    20.000    15.065     5.000    -6.000     1.000     1.000     0.000     1.000     2.000     3.000     4.000     5.000     6.000     7.000    24.011     2.661    -2.459     0.562    16.083     2.150     0.528     0.417
    24.000    25.000    34.000    24.000    20.000    18.000    16.000     5.000     6.000     9.000     8.000     6.000     6.000     5.000    10.156     5.000     0.000     0.000     1.000     1.000     1.000     2.000     3.000     4.000     5.000     6.000     7.000    30.053     2.661    -1.663     0.562     8.318     2.150    -0.227     0.417
    19.000    18.000    14.000    12.000    12.000         *         *    23.000    18.000    19.000    19.000    19.000    23.000    12.000    16.352    10.000    -2.000     0.000     1.000     0.000     1.000     2.000     3.000     4.000     5.000     6.000     7.000    22.249     2.733    -2.300     0.701    22.771     2.189    -0.945     0.433
    31.000    32.000    34.000    30.000    22.000    18.000    28.000    20.000    22.000    31.000    24.000    25.000    29.000    34.000     4.374     6.000     0.000     1.000     1.000     1.000     1.000     2.000     3.000     4.000     5.000     6.000     7.000    35.008     2.661    -1.932     0.562    21.840     2.150     1.092     0.417
    25.000    26.000    20.000    14.000         *         *         *    24.000    21.000    25.000    19.000    18.000         *         *     9.663     7.000     6.000     0.000     1.000     0.000     1.000     2.000     3.000     4.000     5.000         *         *    27.613     2.763    -2.287     0.775    22.351     2.216    -0.290     0.511
    19.000    20.000    20.000    16.000         *         *         *    21.000    24.000    18.000    25.000    15.000    23.000    21.000    11.749     5.000    -3.000     0.000     0.000     0.000     1.000     2.000     3.000     4.000     5.000     6.000     7.000    24.815     2.733    -2.339     0.755    21.170     2.209    -0.073     0.442
    25.000    36.000    20.000         *         *         *         *    12.000    17.000    16.000    18.000         *         *         *     8.308    13.000     2.000     0.000     0.000     1.000     1.000     2.000     3.000     4.000         *         *         *    31.196     2.798    -2.032     0.825    18.689     2.246    -0.790     0.549
    27.000    36.000    20.000    18.000         *         *         *    20.000    25.000    26.000    27.000    23.000    30.000         *     1.907     7.000     0.000     0.000     1.000     0.000     1.000     2.000     3.000     4.000     5.000     6.000         *    31.960     2.747    -2.489     0.765    21.751     2.216     0.965     0.479
    29.000    34.000    18.000    16.000         *         *         *    20.000    24.000    27.000    26.000    32.000         *         *     7.613    13.000     3.000     0.000     0.000     0.000     1.000     2.000     3.000     4.000     5.000         *         *    33.007     2.763    -3.543     0.775    25.180     2.216     0.127     0.511
    28.000    22.000    16.000    10.000         *         *         *    25.000    24.000    21.000    16.000    18.000         *         *    14.597     7.000   -13.000     0.000     1.000     1.000     1.000     2.000     3.000     4.000     5.000         *         *    24.548     2.763    -2.206     0.775    23.030     2.216    -0.825     0.511
    30.000         *         *         *         *         *         *    14.000    18.000         *         *         *         *         *     1.729     7.000     1.000     0.000     1.000     0.000     1.000     2.000         *         *         *         *         *    33.246     3.426    -1.876     0.855    16.285     2.540     0.732     0.584
    25.000    32.000         *         *         *         *         *    21.000    21.000    22.000    22.000    15.000         *         *    14.701     1.000     2.000     0.000     0.000     0.000     1.000     2.000     3.000     4.000     5.000         *         *    31.057     2.932    -2.776     0.826    20.081     2.240    -0.157     0.530
    38.000    32.000    22.000    18.000    20.000         *         *    22.000    29.000    30.000    20.000    22.000    24.000         *    14.638     7.000     8.000     0.000     1.000     0.000     1.000     2.000     3.000     4.000     5.000     6.000     7.000    34.946     2.746    -3.316     0.707    25.705     2.194    -0.549     0.468
    20.000    22.000         *    20.000    14.000     8.000     6.000    19.000    19.000    25.000    16.000    15.000    20.000    15.000    15.585    11.000    -4.000     0.000     0.000     0.000     1.000     2.000     3.000     4.000     5.000     6.000     7.000    26.308     2.801    -2.749     0.567    22.201     2.150    -0.951     0.417
    10.000    22.000    18.000         *         *         *         *    16.000    26.000    21.000    18.000         *         *         *    14.920     3.000    -5.000     0.000     0.000     0.000     1.000     2.000     3.000     4.000         *         *         *    21.607     2.798    -2.227     0.825    20.153     2.246    -0.101     0.549
    32.000    22.000         *         *         *         *         *    26.000    29.000    28.000    26.000         *         *         *    12.768     9.000    11.000     0.000     1.000     0.000     1.000     2.000     3.000     4.000         *         *         *    30.441     2.939    -2.666     0.839    28.269     2.252    -0.751     0.557
    30.000    32.000    28.000    18.000         *         *         *    23.000    25.000    20.000    20.000         *         *         *     8.500    11.000    -7.000     0.000     1.000     0.000     1.000     2.000     3.000     4.000     5.000     6.000     7.000    32.230     2.780    -2.418     0.783    23.061     2.232    -0.479     0.534
    48.000    50.000    42.000         *         *         *         *    11.000    18.000    13.000    16.000    12.000         *    20.000    -0.379     6.000     3.000     0.000     1.000     0.000     1.000     2.000     3.000     4.000     5.000     6.000     7.000    48.444     2.767    -2.347     0.793    12.615     2.223     0.748     0.465
    12.000    14.000         *         *         *         *         *    35.000    36.000    35.000    28.000    30.000    23.000         *    10.348    11.000   -13.000     0.000     0.000     0.000     1.000     2.000     3.000     4.000     5.000     6.000         *    17.345     2.925    -1.803     0.811    34.060     2.239    -1.014     0.493
    26.000    18.000    16.000    14.000    12.000    10.000         *    17.000    24.000    20.000    16.000    12.000    21.000    13.000    15.290    11.000     3.000     0.000     0.000     0.000     1.000     2.000     3.000     4.000     5.000     6.000     7.000    26.036     2.712    -2.848     0.632    21.799     2.168    -1.017     0.425
    30.000         *         *         *         *         *         *    12.000    10.000         *         *         *         *         *     5.899     3.000    13.000     0.000     1.000     1.000     1.000     2.000     3.000         *         *         *         *    33.138     3.426    -1.239     0.855    12.812     2.540     0.175     0.584
    24.000    34.000    26.000    20.000    16.000    18.000    18.000    15.000    18.000    19.000    14.000    23.000    24.000    25.000     9.255    -1.000    11.000     0.000     0.000     0.000     1.000     2.000     3.000     4.000     5.000     6.000     7.000    32.664     2.661    -2.609     0.562    15.371     2.150     1.051     0.417
    30.000    22.000    20.000         *         *         *         *    26.000         *         *    17.000    21.000         *         *     6.047     9.000    -3.000     0.000     0.000     0.000     1.000     2.000     3.000     4.000     5.000     6.000         *    28.996     2.791    -2.348     0.815    22.040     2.622    -0.161     0.530
    24.000    18.000    12.000     8.000         *         *         *     6.000    10.000    13.000    10.000    14.000     8.000         *    17.181     7.000    -9.000     1.000     0.000     0.000     1.000     2.000     3.000     4.000     5.000     6.000         *    25.108     2.747    -3.694     0.765     9.603     2.216     0.439     0.479
    12.000     8.000     6.000         *         *         *         *    21.000    15.000    13.000    10.000         *         *         *    18.821     9.000    -8.000     0.000     1.000     0.000     1.000     2.000     3.000     4.000         *         *         *    14.564     2.798    -1.945     0.825    18.423     2.246    -1.139     0.549
    42.000    24.000    18.000         *         *         *         *    24.000    24.000    19.000    25.000         *         *         *     6.931     5.000    11.000     0.000     0.000     0.000     1.000     2.000     3.000     4.000         *         *         *    34.942     2.798    -3.329     0.825    21.667     2.246     0.450     0.549
    28.000    24.000    22.000         *         *         *         *    11.000    21.000    21.000    22.000         *         *         *    10.118     5.000    -9.000     1.000     0.000     0.000     1.000     2.000     3.000     4.000         *         *         *    30.957     2.798    -3.478     0.825    15.591     2.246     1.341     0.549
    42.000    28.000    34.000    24.000    18.000    20.000    18.000    25.000    26.000    27.000    23.000    24.000    31.000    31.000     3.533     9.000     1.000     1.000     1.000     0.000     1.000     2.000     3.000     4.000     5.000     6.000     7.000    38.124     2.661    -3.092     0.562    22.689     2.150     0.990     0.417
    22.000         *         *         *         *         *         *    26.000    27.000         *         *         *         *         *     9.518     5.000    -1.000     1.000     1.000     0.000     1.000     2.000         *         *         *         *         *    26.056     3.426    -2.558     0.855    24.222     2.540     0.870     0.584
    14.000    12.000    20.000    14.000         *    16.000         *    17.000    17.000    14.000    15.000    17.000    17.000    17.000    14.101    13.000     4.000     1.000     1.000     0.000     1.000     2.000     3.000     4.000     5.000     6.000     7.000    20.730     2.713    -1.528     0.655    19.223     2.176    -0.577     0.428
    34.000    28.000         *    22.000    20.000    18.000         *    18.000     8.000    20.000    19.000    21.000    26.000    16.000     7.175     7.000     1.000     1.000     1.000     0.000     1.000     2.000     3.000     4.000     5.000     6.000     7.000    34.452     2.836    -2.893     0.635    14.866     2.168     0.970     0.425
    26.000    24.000    20.000    14.000    12.000     8.000    10.000    19.000    23.000    21.000    21.000    29.000    20.000    23.000    13.869     5.000    -1.000     1.000     1.000     1.000     1.000     2.000     3.000     4.000     5.000     6.000     7.000    27.419     2.661    -2.771     0.562    20.608     2.150     0.406     0.417
    30.000         *         *    24.000    20.000         *         *    14.000    14.000    12.000    19.000    12.000    15.000    15.000     3.506    10.000     4.000     0.000     1.000     0.000     1.000     2.000     3.000     4.000     5.000     6.000     7.000    32.005     3.180    -1.961     0.718    14.883     2.192     0.090     0.434
    32.000    28.000    22.000    16.000    18.000    16.000         *    21.000    21.000    14.000    19.000    14.000    21.000    15.000     9.264     3.000     5.000     0.000     1.000     0.000     1.000     2.000     3.000     4.000     5.000     6.000     7.000    31.065     2.712    -2.511     0.632    17.644     2.168     0.096     0.425
    30.000    24.000    18.000    16.000         *    18.000         *    15.000    20.000    24.000     9.000    12.000     8.000     8.000    10.731    13.000     6.000     0.000     0.000     0.000     1.000     2.000     3.000     4.000     5.000     6.000     7.000    28.443     2.713    -2.162     0.655    20.216     2.176    -1.461     0.428
    32.000         *    28.000    20.000         *         *         *    25.000    20.000    19.000    17.000    15.000         *         *    12.908     5.000    -3.000     0.000     1.000     0.000     1.000     2.000     3.000     4.000     5.000         *         *    31.577     3.025    -2.337     0.783    20.614     2.217    -0.568     0.511
    30.000    30.000    18.000         *         *         *         *    15.000    20.000    17.000    14.000         *         *         *    14.107    11.000    -3.000     0.000     0.000     0.000     1.000     2.000     3.000     4.000         *         *         *    31.254     2.798    -3.180     0.825    18.832     2.246    -0.791     0.549
    20.000    14.000    12.000    10.000    12.000         *         *    34.000    27.000    30.000    32.000    32.000    29.000         *     6.704    11.000    -4.000     0.000     0.000     0.000     1.000     2.000     3.000     4.000     5.000     6.000         *    21.543     2.746    -2.336     0.707    30.720     2.194    -0.128     0.468
    28.000         *         *         *         *         *         *    30.000    30.000         *         *         *         *         *     5.896     5.000    -2.000     0.000     1.000     1.000     1.000     2.000         *         *         *         *         *    29.176     3.426    -1.297     0.855    28.187     2.540    -0.156     0.584
    22.000    20.000    24.000    22.000    26.000         *         *    15.000    21.000    21.000    17.000    20.000    21.000         *     6.865     2.000     0.000     0.000     1.000     0.000     1.000     2.000     3.000     4.000     5.000     6.000         *    26.638     2.746    -1.150     0.707    17.445     2.194     0.504     0.468
    22.000    18.000         *         *         *         *         *    31.000    30.000    27.000         *         *         *         *     6.211    12.000    18.000     1.000     1.000     0.000     1.000     2.000     3.000         *         *         *         *    25.688     2.946    -2.084     0.849    29.540     2.323    -0.004     0.574
    24.000    18.000         *         *         *         *         *    19.000         *    12.000         *         *         *         *     3.678     5.000    -1.000     0.000     1.000     0.000     1.000     2.000     3.000     4.000         *         *         *    25.895     2.949    -1.528     0.849    15.670     2.635     0.669     0.574
    24.000    20.000    16.000    12.000         *         *         *    18.000    31.000    20.000    33.000    30.000    33.000         *     6.257     8.000     8.000     0.000     1.000     0.000     1.000     2.000     3.000     4.000     5.000     6.000         *    26.642     2.747    -2.858     0.765    24.122     2.216     0.915     0.479
    38.000    36.000         *         *         *         *         *    11.000    13.000    12.000         *         *         *         *     6.621     5.000    11.000     0.000     1.000     0.000     1.000     2.000     3.000         *         *         *         *    39.164     2.946    -2.373     0.849    12.467     2.323     0.297     0.574
    38.000    28.000    26.000         *         *         *         *    22.000    28.000    28.000    33.000         *         *         *     3.446     6.000    -1.000     0.000     1.000     0.000     1.000     2.000     3.000     4.000         *         *         *    35.502     2.798    -2.727     0.825    24.545     2.246     0.918     0.549
    22.000    20.000         *         *         *         *         *    20.000    36.000    28.000         *         *         *         *     3.667    12.000    -6.000     0.000     0.000     0.000     1.000     2.000     3.000         *         *         *         *    25.846     2.946    -2.297     0.849    27.381     2.323     0.160     0.574
    20.000    20.000    26.000    32.000         *         *         *    23.000    25.000    21.000    27.000    26.000         *         *     6.879     9.000     6.000     0.000     1.000     0.000     1.000     2.000     3.000     4.000     5.000         *         *    27.213     2.763    -1.037     0.775    25.317     2.216    -0.389     0.511
    22.000    16.000         *         *         *         *         *    16.000    13.000    19.000    24.000         *         *         *     8.010     9.000    -5.000     0.000     0.000     0.000     1.000     2.000     3.000     4.000         *         *         *    25.133     2.939    -2.554     0.839    17.717     2.252     0.371     0.557
    28.000    30.000         *         *         *         *         *    19.000    17.000    17.000         *         *         *         *     0.637     5.000    -7.000     0.000     1.000     0.000     1.000     2.000     3.000         *         *         *         *    31.884     2.946    -1.643     0.849    16.331     2.323     0.982     0.574
    28.000    36.000         *         *         *         *         *    23.000    24.000    18.000         *         *         *         *     9.154     8.000     8.000     0.000     1.000     0.000     1.000     2.000     3.000         *         *         *         *    33.522     2.946    -2.039     0.849    22.602     2.323    -0.573     0.574
    28.000    34.000         *         *         *         *         *    13.000    23.000    16.000         *         *         *         *     0.965     7.000    -2.000     0.000     0.000     0.000     1.000     2.000     3.000         *         *         *         *    34.154     2.946    -2.179     0.849    16.570     2.323     0.792     0.574
    28.000         *         *         *         *         *         *    22.000    20.000         *         *         *         *         *    15.665    10.000    -1.000     0.000     1.000     0.000     1.000     2.000         *         *         *         *         *    28.194     3.426    -2.553     0.855    22.290     2.540    -1.036     0.584
    26.000    20.000         *         *         *         *         *    17.000    14.000    18.000         *         *         *         *     8.094     7.000   -21.000     0.000     1.000     0.000     1.000     2.000     3.000         *         *         *         *    26.370     2.946    -2.180     0.849    15.860     2.323     0.479     0.574
    20.000         *         *         *         *         *         *    30.000    22.000         *         *         *         *         *     3.060     8.000    -7.000     0.000     1.000     2.000     1.000     2.000         *         *         *         *         *    23.445     3.426     0.069     0.855    26.779     2.540    -0.602     0.584
    26.000         *         *         *         *         *         *    32.000    39.000    33.000         *         *         *         *     4.010     7.000     8.000     1.000     1.000     0.000     1.000     2.000     3.000         *         *         *         *    29.991     3.424    -2.372     0.849    31.521     2.323     0.865     0.578
    26.000    28.000         *         *         *         *         *    30.000    33.000    28.000         *         *         *         *     1.578    11.000    -8.000     0.000     1.000     0.000     1.000     2.000     3.000         *         *         *         *    29.301     2.946    -1.684     0.849    29.331     2.323     0.061     0.574
    38.000    36.000         *         *         *         *         *    31.000    33.000    32.000         *         *         *         *     2.630     9.000     3.000     1.000     1.000     0.000     1.000     2.000     3.000         *         *         *         *    38.474     2.946    -2.776     0.849    29.114     2.323     0.791     0.574
    30.000    28.000         *         *         *         *         *    23.000    23.000    37.000         *         *         *         *     4.609    -1.000     3.000     1.000     1.000     0.000     1.000     2.000     3.000         *         *         *         *    33.525     2.946    -2.872     0.849    21.950     2.323     2.184     0.574
    14.000         *         *         *         *         *         *    13.000    23.000    22.000         *         *         *         *    15.290    12.000     5.000     0.000     0.000     0.000     1.000     2.000     3.000         *         *         *         *    21.560     3.424    -2.573     0.849    21.866     2.323    -0.926     0.578
    30.000         *         *         *         *         *         *    21.000    17.000         *         *         *         *         *     1.357     5.000    -9.000     0.000     1.000     0.000     1.000     2.000         *         *         *         *         *    31.803     3.426    -1.840     0.855    17.849     2.540     0.995     0.584
    30.000         *         *         *         *         *         *    21.000    25.000         *         *         *         *         *     0.946     5.000    -1.000     0.000     1.000     0.000     1.000     2.000         *         *         *         *         *    32.810     3.426    -1.872     0.855    21.230     2.540     0.926     0.584
    28.000         *         *         *         *         *         *    24.000    28.000         *         *         *         *         *     0.760     9.000   -10.000     1.000     0.000     0.000     1.000     2.000         *         *         *         *         *    31.052     3.426    -2.785     0.855    23.680     2.540     1.451     0.584
    32.000         *         *         *         *         *         *    30.000    33.000         *         *         *         *         *     1.570    13.000     8.000     0.000     0.000     0.000     1.000     2.000         *         *         *         *         *    34.034     3.426    -2.305     0.855    30.920     2.540    -0.311     0.584
