    20.000    16.000         *         *         *         *         *    39.000    34.000    32.000    37.000         *         *         *     8.146     3.000   -13.000     0.000     0.000     0.000     1.000     2.000     3.000     4.000         *         *         *    21.566     1.808    -2.595     0.397    34.553     1.319     0.185     0.249
    24.000         *    24.000         *    20.000    20.000    18.000    34.000    35.000    40.000    41.000    38.000    39.000    37.000     1.455    11.000   -13.000     0.000     1.000     0.000     1.000     2.000     3.000     4.000     5.000     6.000     7.000    26.407     1.825    -1.330     0.330    37.615     1.046     0.070     0.184
    32.000    28.000         *         *         *         *         *    30.000    29.000    30.000    34.000         *         *         *     3.010     2.000    -8.000     0.000     1.000     0.000     1.000     2.000     3.000     4.000         *         *         *    32.985     1.808    -3.081     0.397    31.882     1.319    -0.223     0.249
    19.000    16.000         *         *         *         *         *    32.000    27.000    19.000         *         *         *         *    13.929     8.000    -5.000     0.000     0.000     1.000     1.000     2.000     3.000         *         *         *         *    21.138     1.809    -2.502     0.397    29.440     1.477    -1.338     0.267
    19.000    20.000    12.000         *         *         *         *    26.000    30.000    26.000    19.000    22.000    16.000         *    25.962     7.000   -14.000     0.000     0.000     0.000     1.000     2.000     3.000     4.000     5.000     6.000         *    23.810     1.640    -3.594     0.395    27.709     1.155    -1.289     0.214
    16.000         *         *         *         *         *         *    29.000    35.000    29.000         *         *         *         *     1.841     5.000    -8.000     1.000     0.000     0.000     1.000     2.000     3.000         *         *         *         *    17.609     2.288    -1.851     0.398    31.876     1.486    -0.277     0.272
    19.000    20.000    20.000    14.000     9.000    12.000    12.000    37.000    37.000    40.000    36.000    34.000    32.000    33.000     2.134     3.000    -5.000     0.000     1.000     1.000     1.000     2.000     3.000     4.000     5.000     6.000     7.000    22.395     1.570    -1.822     0.314    36.217     1.044    -0.230     0.184
    15.000         *    20.000    12.000    10.000     8.000     6.000    31.000    30.000    37.000    34.000    32.000    36.000    35.000     0.379     9.000     2.000     0.000     1.000     0.000     1.000     2.000     3.000     4.000     5.000     6.000     7.000    19.593     1.751    -1.775     0.329    33.449     1.044     0.090     0.184
    16.000         *         *         *         *         *         *    22.000    26.000         *         *         *         *         *    15.577    10.000   -17.000     1.000     1.000     0.000     1.000     2.000         *         *         *         *         *    17.818     2.288    -2.412     0.399    27.205     1.751    -1.092     0.294
    15.000         *         *         *         *         *         *    23.000    18.000         *         *         *         *         *    14.014     3.000   -21.000     0.000     0.000     0.000     1.000     2.000         *         *         *         *         *    17.909     2.288    -3.256     0.399    23.931     1.751    -0.687     0.294
    21.000    10.000    20.000     4.000    10.000         *         *    38.000    37.000    38.000    40.000    38.000    43.000         *     1.083     5.000    -7.000     0.000     0.000     0.000     1.000     2.000     3.000     4.000     5.000     6.000         *    19.253     1.582    -2.059     0.368    36.519     1.118     0.617     0.205
    29.000         *    30.000    24.000    30.000    26.000         *    36.000    35.000    38.000    41.000    32.000    40.000    33.000     0.828     6.000    -4.000     0.000     1.000     0.000     1.000     2.000     3.000     4.000     5.000     6.000     7.000    33.179     1.757    -1.675     0.355    37.703     1.062    -0.270     0.188
    20.000         *         *         *         *         *         *    34.000    30.000         *         *         *         *         *    12.593     7.000   -20.000     0.000     0.000     0.000     1.000     2.000         *         *         *         *         *    21.467     2.288    -2.632     0.399    32.287     1.751    -0.213     0.294
    15.000         *         *         *         *         *         *    32.000    33.000         *         *         *         *         *     5.028     5.000   -22.000     0.000     0.000     0.000     1.000     2.000         *         *         *         *         *    16.934     2.288    -2.156     0.399    32.332     1.751     0.291     0.294
    24.000    26.000         *         *         *         *         *    37.000    34.000    36.000         *         *         *         *    13.923     5.000    -4.000     0.000     1.000     0.000     1.000     2.000     3.000         *         *         *         *    28.495     1.809    -2.941     0.397    35.515     1.477    -0.299     0.267
    21.000    20.000    20.000    18.000         *    12.000         *    31.000    34.000    35.000    30.000    31.000    27.000    25.000     2.756    13.000   -11.000     0.000     1.000     0.000     1.000     2.000     3.000     4.000     5.000     6.000     7.000    23.044     1.589    -1.572     0.351    32.426     1.072    -0.470     0.190
    20.000    20.000    18.000         *         *         *         *    32.000    28.000    33.000    23.000         *         *         *     7.306     5.000    -9.000     0.000     1.000     0.000     1.000     2.000     3.000     4.000         *         *         *    24.014     1.640    -2.544     0.395    30.453     1.308    -0.429     0.244
    16.000    16.000         *         *         *         *         *    34.000    25.000    33.000    24.000         *         *         *    15.941    11.000   -14.000     0.000     0.000     1.000     1.000     2.000     3.000     4.000         *         *         *    19.075     1.808    -2.138     0.397    31.954     1.319    -1.082     0.249
    14.000    20.000         *         *         *         *         *    33.000    37.000    28.000         *         *         *         *     1.362     5.000   -15.000     0.000     1.000     0.000     1.000     2.000     3.000         *         *         *         *    19.583     1.809    -1.913     0.397    32.568     1.477     0.198     0.267
    20.000    28.000    30.000         *         *         *         *    33.000    43.000    35.000    41.000    34.000         *         *     1.450    13.000    -8.000     1.000     1.000     0.000     1.000     2.000     3.000     4.000     5.000         *         *    26.819     1.640    -0.982     0.395    38.485     1.211    -0.428     0.228
    20.000    18.000         *    12.000     4.000         *     6.000    36.000    39.000    36.000    40.000    39.000    36.000    37.000     4.171     9.000    -4.000     0.000     0.000     0.000     1.000     2.000     3.000     4.000     5.000     6.000     7.000    20.162     1.670    -2.111     0.328    36.127     1.054     0.266     0.186
         *    18.000         *         *         *         *         *    35.000    33.000    35.000         *         *         *         *     5.592     5.000    -5.000     0.000     1.000     0.000     1.000     2.000     3.000         *         *         *         *    22.262     2.454    -2.311     0.413    34.023     1.478     0.054     0.269
    19.000    14.000    18.000         *    14.000     8.000     4.000    34.000    32.000    35.000    33.000    31.000    37.000    36.000    13.641     8.000   -23.000     1.000     0.000     0.000     1.000     2.000     3.000     4.000     5.000     6.000     7.000    21.215     1.614    -2.201     0.314    35.134     1.046    -0.292     0.184
    15.000    22.000    18.000         *         *         *         *    36.000    32.000    34.000    35.000    34.000         *         *     3.949     5.000     1.000     0.000     1.000     0.000     1.000     2.000     3.000     4.000     5.000         *         *    22.248     1.640    -2.038     0.395    34.346     1.211    -0.048     0.228
    12.000    12.000         *         *         *         *         *    29.000    30.000    30.000         *         *         *         *    15.243     3.000   -31.000     1.000     0.000     0.000     1.000     2.000     3.000         *         *         *         *    15.655     1.809    -2.693     0.397    30.187     1.477    -0.303     0.267
    18.000    14.000         *     8.000         *         *         *    33.000    32.000    32.000    33.000    33.000    35.000         *    14.246     8.000   -32.000     0.000     0.000     0.000     1.000     2.000     3.000     4.000     5.000     6.000         *    18.957     1.697    -2.574     0.386    32.704     1.143     0.074     0.211
    20.000    12.000    14.000    10.000     8.000     6.000     8.000    36.000    34.000    28.000    33.000    36.000    40.000    36.000     1.515     5.000   -10.000     0.000     0.000     0.000     1.000     2.000     3.000     4.000     5.000     6.000     7.000    19.001     1.570    -1.980     0.314    33.712     1.044     0.291     0.184
    19.000         *         *         *         *         *         *    32.000    38.000    37.000    36.000    34.000    35.000    33.000     4.825     7.000   -22.000     0.000     1.000     0.000     1.000     2.000     3.000     4.000     5.000     6.000     7.000    20.321     2.284    -1.989     0.397    33.939     1.159     0.233     0.209
    20.000         *         *         *         *         *         *    34.000    39.000         *         *         *         *         *     3.147    11.000    -2.000     0.000     0.000     0.000     1.000     2.000         *         *         *         *         *    21.175     2.288    -1.604     0.399    36.291     1.751    -0.007     0.294
    17.000         *    14.000    12.000     8.000     6.000     6.000    29.000    28.000    37.000    29.000    24.000    29.000    30.000     3.070     3.000   -15.000     1.000     1.000     0.000     1.000     2.000     3.000     4.000     5.000     6.000     7.000    19.365     1.751    -2.082     0.329    30.712     1.044    -0.275     0.184
    18.000    12.000     8.000     6.000         *         *         *    39.000    28.000    35.000    34.000    42.000    35.000    35.000     1.647     0.000   -12.000     1.000     1.000     0.000     1.000     2.000     3.000     4.000     5.000     6.000     7.000    16.913     1.589    -2.292     0.385    33.553     1.104     0.392     0.196
    14.000         *         *         *         *         *         *    35.000    35.000         *         *         *         *         *     7.695     5.000   -10.000     0.000     1.000     0.000     1.000     2.000         *         *         *         *         *    16.915     2.288    -2.160     0.399    33.920     1.751     0.246     0.294
    24.000    24.000    22.000    18.000         *         *         *    38.000    36.000    42.000    36.000    40.000         *         *     2.605     7.000   -15.000     0.000     0.000     0.000     1.000     2.000     3.000     4.000     5.000         *         *    26.455     1.589    -2.031     0.386    37.393     1.196     0.266     0.224
    24.000    22.000    14.000    10.000     8.000     6.000     4.000    27.000    29.000    33.000    30.000    36.000    24.000    35.000     1.244     7.000   -30.000     0.000     1.000     0.000     1.000     2.000     3.000     4.000     5.000     6.000     7.000    23.098     1.570    -2.669     0.314    29.713     1.044     0.296     0.184
    20.000    22.000    18.000    12.000    10.000     8.000    10.000    35.000    36.000    39.000    38.000    44.000    41.000    33.000     1.472     6.000    -1.000     0.000     0.000     0.000     1.000     2.000     3.000     4.000     5.000     6.000     7.000    22.695     1.570    -2.113     0.314    36.544     1.044     0.307     0.184
    25.000    16.000    14.000    10.000     4.000     4.000     2.000    25.000    36.000    31.000    30.000    29.000    35.000    30.000    15.087     1.000    -5.000     0.000     1.000     0.000     1.000     2.000     3.000     4.000     5.000     6.000     7.000    24.679     1.570    -3.518     0.314    31.586     1.044    -0.184     0.184
    20.000         *         *         *         *         *         *    26.000    22.000         *         *         *         *         *    14.252     7.000   -19.000     0.000     1.000     0.000     1.000     2.000         *         *         *         *         *    21.886     2.288    -2.970     0.399    26.839     1.751    -0.708     0.294
    18.000    18.000         *         *         *         *         *    29.000    23.000    25.000         *         *         *         *     1.844     7.000    -9.000     0.000     1.000     0.000     1.000     2.000     3.000         *         *         *         *    20.934     1.809    -2.143     0.397    28.008     1.477    -0.420     0.267
    15.000    14.000    12.000    10.000         *         *         *    37.000    36.000    35.000    36.000    31.000         *         *     6.348     8.000   -16.000     0.000     0.000     0.000     1.000     2.000     3.000     4.000     5.000         *         *    17.354     1.589    -1.841     0.386    34.383     1.196     0.113     0.224
    15.000    12.000    10.000     6.000         *     4.000     4.000    35.000    36.000    36.000    38.000    35.000    33.000    39.000     8.894     9.000   -16.000     0.000     0.000     0.000     1.000     2.000     3.000     4.000     5.000     6.000     7.000    15.787     1.582    -1.886     0.316    34.960     1.049     0.212     0.185
    15.000    16.000    10.000    10.000     8.000    10.000         *    34.000    41.000    38.000    39.000    30.000    41.000    30.000     8.461     6.000   -21.000     0.000     0.000     1.000     1.000     2.000     3.000     4.000     5.000     6.000     7.000    17.393     1.581    -1.701     0.343    36.461     1.062    -0.155     0.188
    18.000         *         *         *         *         *         *    36.000    32.000    34.000         *         *         *         *    16.656     5.000   -19.000     0.000     1.000     0.000     1.000     2.000     3.000         *         *         *         *    20.437     2.288    -2.855     0.398    33.349     1.486    -0.041     0.272
    22.000    20.000    14.000    10.000     6.000         *         *    38.000    45.000    42.000    43.000    39.000    41.000    44.000     6.764    10.000    -7.000     0.000     1.000     0.000     1.000     2.000     3.000     4.000     5.000     6.000     7.000    21.182     1.582    -2.201     0.368    38.729     1.082     0.563     0.192
    10.000    22.000    14.000    10.000     8.000     8.000     6.000    34.000    34.000    37.000    36.000    34.000    33.000    37.000    10.504     9.000   -21.000     0.000     0.000     0.000     1.000     2.000     3.000     4.000     5.000     6.000     7.000    18.492     1.570    -1.880     0.314    34.872     1.044     0.025     0.184
    22.000    14.000         *         *         *         *         *    29.000    27.000    18.000         *         *         *         *    12.259     6.000   -26.000     0.000     1.000     0.000     1.000     2.000     3.000         *         *         *         *    21.803     1.809    -2.946     0.397    26.737     1.477    -0.551     0.267
    24.000    22.000    20.000    18.000         *         *         *    28.000    34.000    35.000    27.000    29.000         *         *     5.044     5.000    -5.000     0.000     1.000     0.000     1.000     2.000     3.000     4.000     5.000         *         *    26.792     1.589    -2.496     0.386    31.970     1.196    -0.351     0.224
    12.000         *         *         *         *         *         *    32.000    38.000    34.000    36.000    39.000    31.000         *    12.105     3.000   -34.000     0.000     1.000     3.000     1.000     2.000     3.000     4.000     5.000     6.000         *    14.222     2.285    -1.745     0.397    36.709     1.187    -0.528     0.223
    20.000    12.000    12.000    10.000     8.000     6.000         *    33.000    31.000    27.000    28.000    34.000    32.000    31.000    14.115     5.000   -22.000     0.000     9.000     0.000     1.000     2.000     3.000     4.000     5.000     6.000     7.000    20.442     1.581    -2.542     0.343    29.581     1.062     0.285     0.188
    10.000    16.000    14.000    12.000     8.000     8.000     4.000    34.000    45.000    36.000    40.000    36.000    41.000    42.000     4.418     7.000   -12.000     0.000     0.000     0.000     1.000     2.000     3.000     4.000     5.000     6.000     7.000    16.763     1.570    -1.622     0.314    37.023     1.044     0.474     0.184
    14.000    14.000    12.000    10.000    10.000     8.000     6.000    33.000    35.000    32.000    37.000    35.000    35.000    36.000     3.996    10.000   -18.000     0.000     1.000     0.000     1.000     2.000     3.000     4.000     5.000     6.000     7.000    16.490     1.570    -1.485     0.314    33.905     1.044     0.232     0.184
    16.000    14.000    14.000    12.000     8.000    10.000     4.000    45.000    40.000    47.000    44.000    42.000    44.000    44.000     9.907     9.000   -30.000     0.000     1.000     0.000     1.000     2.000     3.000     4.000     5.000     6.000     7.000    17.951     1.570    -1.717     0.314    39.838     1.044     0.762     0.184
    16.000         *         *         *         *         *         *    31.000    36.000    31.000         *         *         *         *    13.529     7.000   -15.000     0.000     1.000     0.000     1.000     2.000     3.000         *         *         *         *    18.583     2.288    -2.476     0.398    32.604     1.486    -0.102     0.272
    24.000         *    18.000    16.000    14.000    10.000     6.000    38.000    35.000    32.000    37.000    31.000    33.000    32.000     7.602    11.000   -26.000     0.000     0.000     0.000     1.000     2.000     3.000     4.000     5.000     6.000     7.000    24.131     1.751    -2.244     0.329    34.131     1.044    -0.086     0.184
    20.000    18.000    14.000     8.000     6.000     4.000         *    25.000    33.000    37.000    37.000    32.000    37.000    35.000    10.397     5.000   -31.000     0.000     1.000     0.000     1.000     2.000     3.000     4.000     5.000     6.000     7.000    21.576     1.581    -2.898     0.343    32.234     1.062     0.397     0.188
    22.000    22.000    20.000    18.000    14.000         *         *    33.000    33.000    39.000    34.000    33.000    33.000         *     2.129    11.000    -1.000     0.000     1.000     1.000     1.000     2.000     3.000     4.000     5.000     6.000         *    23.685     1.582    -1.535     0.368    36.016     1.118    -0.489     0.205
    14.000         *         *         *         *         *         *    31.000    23.000    29.000         *         *         *         *    17.754     5.000   -13.000     1.000     0.000     0.000     1.000     2.000     3.000         *         *         *         *    16.724     2.288    -2.784     0.398    29.364     1.486    -0.840     0.272
    14.000    12.000         *         *         *         *         *    42.000    42.000    41.000         *         *         *         *     7.158    10.000   -21.000     0.000     0.000     0.000     1.000     2.000     3.000         *         *         *         *    15.313     1.809    -1.463     0.397    39.019     1.477     0.646     0.267
    22.000    20.000    18.000    14.000     6.000         *         *    38.000    34.000    33.000    36.000    35.000    36.000         *    16.713     3.000   -15.000     0.000     1.000     0.000     1.000     2.000     3.000     4.000     5.000     6.000         *    25.607     1.582    -3.287     0.368    34.796     1.118     0.006     0.205
    24.000    12.000    10.000     8.000         *     6.000         *    26.000    32.000    28.000    26.000    32.000    27.000    26.000     7.637     5.000    -8.000     0.000     0.000     0.000     1.000     2.000     3.000     4.000     5.000     6.000     7.000    20.720     1.589    -2.728     0.351    29.653     1.072    -0.314     0.190
    18.000    20.000    14.000    12.000     8.000         *         *    31.000    39.000    31.000    38.000    40.000    36.000         *     4.574     5.000   -12.000     0.000     0.000     0.000     1.000     2.000     3.000     4.000     5.000     6.000         *    21.327     1.582    -2.360     0.368    34.655     1.118     0.328     0.205
    14.000    14.000         *         *         *         *         *    37.000    31.000    37.000         *         *         *         *     9.354     5.000   -20.000     1.000     0.000     0.000     1.000     2.000     3.000         *         *         *         *    16.829     1.809    -2.066     0.397    34.429     1.477    -0.055     0.267
    16.000    12.000         *         *         *         *         *    36.000    30.000    40.000    31.000         *         *         *     7.303     4.000   -21.000     1.000     0.000     0.000     1.000     2.000     3.000     4.000         *         *         *    16.923     1.808    -2.108     0.397    33.790     1.319     0.011     0.249
    16.000    12.000         *    10.000    10.000     8.000     4.000    39.000    40.000    31.000    40.000    38.000    38.000    39.000     6.298     5.000   -16.000     0.000     0.000     0.000     1.000     2.000     3.000     4.000     5.000     6.000     7.000    17.757     1.668    -1.882     0.318    36.108     1.044     0.368     0.184
    26.000    22.000    18.000    14.000         *         *         *    37.000    21.000    36.000    28.000    28.000         *         *    10.090     4.000   -13.000     0.000     1.000     1.000     1.000     2.000     3.000     4.000     5.000         *         *    26.700     1.589    -2.826     0.386    32.239     1.196    -0.710     0.224
    26.000         *         *         *         *         *         *    25.000    23.000         *         *         *         *         *     8.875     5.000    -9.000     0.000     1.000     0.000     1.000     2.000         *         *         *         *         *    27.191     2.288    -3.092     0.399    27.267     1.751    -0.753     0.294
    26.000         *         *         *         *         *         *    32.000    33.000         *         *         *         *         *    10.706     9.000    -1.000     0.000     1.000     0.000     1.000     2.000         *         *         *         *         *    27.128     2.288    -2.564     0.399    33.423     1.751    -0.542     0.294
    18.000         *         *         *         *         *         *    31.000    38.000         *         *         *         *         *     6.402     5.000   -10.000     0.000     1.000     0.000     1.000     2.000         *         *         *         *         *    20.190     2.288    -2.279     0.399    33.900     1.751     0.193     0.294
    16.000         *         *         *         *         *         *    26.000    26.000         *         *         *         *         *     8.259     2.000   -15.000     0.000     1.000     0.000     1.000     2.000         *         *         *         *         *    18.837     2.288    -2.845     0.399    27.666     1.751    -0.183     0.294
    12.000    12.000     8.000     6.000     4.000         *     4.000    30.000    28.000    27.000    26.000    30.000    24.000    22.000    15.758     6.000   -14.000     1.000     0.000     0.000     1.000     2.000     3.000     4.000     5.000     6.000     7.000    15.388     1.570    -2.132     0.325    30.348     1.054    -0.885     0.186
    20.000    14.000         *     8.000    14.000    10.000     6.000    35.000    34.000    37.000    39.000    35.000    40.000    38.000    10.438    11.000   -16.000     0.000     1.000     0.000     1.000     2.000     3.000     4.000     5.000     6.000     7.000    19.568     1.668    -1.850     0.318    36.147     1.044     0.158     0.184
    14.000    12.000     8.000         *         *         *         *    32.000    34.000    31.000    34.000    29.000    22.000         *    14.747     9.000   -18.000     1.000     1.000     0.000     1.000     2.000     3.000     4.000     5.000     6.000         *    15.575     1.640    -2.054     0.395    32.033     1.155    -0.596     0.214
    20.000    14.000         *    12.000    10.000     8.000         *    36.000    32.000    26.000    28.000    33.000    29.000    33.000     3.979     6.000   -10.000     1.000     0.000     1.000     1.000     2.000     3.000     4.000     5.000     6.000     7.000    19.161     1.673    -1.800     0.345    33.720     1.063    -0.649     0.188
    18.000    14.000     6.000         *         *         *         *    34.000    35.000    35.000    36.000         *         *         *    16.264     6.000   -21.000     0.000     0.000     0.000     1.000     2.000     3.000     4.000         *         *         *    18.334     1.640    -2.828     0.395    34.035     1.308     0.130     0.244
    22.000    18.000    18.000    14.000    12.000     6.000    10.000    39.000    34.000    37.000    36.000    37.000    42.000    38.000     6.556     5.000   -14.000     0.000     1.000     0.000     1.000     2.000     3.000     4.000     5.000     6.000     7.000    23.342     1.570    -2.310     0.314    36.035     1.044     0.333     0.184
    18.000    12.000    10.000     6.000     6.000     4.000     4.000    34.000    32.000    35.000    35.000    38.000    34.000    34.000    11.374     9.000   -16.000     0.000     0.000     0.000     1.000     2.000     3.000     4.000     5.000     6.000     7.000    17.231     1.570    -2.165     0.314    34.205     1.044     0.064     0.184
    18.000    16.000    10.000     8.000     8.000     8.000         *    36.000    31.000    35.000    32.000    34.000    28.000    30.000     9.376     5.000   -27.000     0.000     1.000     0.000     1.000     2.000     3.000     4.000     5.000     6.000     7.000    19.248     1.581    -2.292     0.343    32.043     1.062     0.015     0.188
    20.000         *    14.000         *         *         *         *    36.000    40.000    36.000    33.000         *         *         *    17.680    13.000   -15.000     0.000     0.000     0.000     1.000     2.000     3.000     4.000         *         *         *    21.073     1.897    -2.224     0.397    36.324     1.311    -0.318     0.246
    14.000    12.000     6.000     4.000     2.000         *         *    26.000    28.000    26.000    27.000    32.000    33.000         *    22.457    11.000   -17.000     0.000     1.000     0.000     1.000     2.000     3.000     4.000     5.000     6.000         *    16.254     1.582    -2.856     0.368    30.316     1.118    -0.395     0.205
    14.000         *    12.000     8.000     6.000     4.000     6.000    32.000    25.000    31.000    31.000    28.000    37.000    32.000     9.581     9.000   -10.000     0.000     1.000     0.000     1.000     2.000     3.000     4.000     5.000     6.000     7.000    16.817     1.751    -1.966     0.329    31.796     1.044    -0.140     0.184
    20.000         *         *         *         *         *         *    28.000    26.000    34.000         *         *         *         *    11.793     5.000   -10.000     0.000     0.000     0.000     1.000     2.000     3.000         *         *         *         *    22.057     2.288    -2.891     0.398    30.585     1.486    -0.370     0.272
    12.000    12.000     8.000     6.000         *         *         *    38.000    39.000    26.000    34.000    37.000         *         *    11.506     6.000   -10.000     0.000     1.000     0.000     1.000     2.000     3.000     4.000     5.000         *         *    15.404     1.589    -2.225     0.386    33.903     1.196     0.134     0.224
    14.000    14.000         *         *         *         *         *    36.000    33.000    32.000         *         *         *         *     6.966    13.000   -15.000     0.000     1.000     0.000     1.000     2.000     3.000         *         *         *         *    16.302     1.809    -1.443     0.397    33.803     1.477    -0.048     0.267
    20.000         *         *         *         *         *         *    32.000    30.000         *         *         *         *         *     6.372     6.000   -11.000     0.000     1.000     0.000     1.000     2.000         *         *         *         *         *    21.740     2.288    -2.372     0.399    31.704     1.751    -0.117     0.294
    20.000         *    14.000         *         *     8.000     6.000    34.000    33.000    31.000    31.000    34.000    27.000    25.000    14.778    11.000   -12.000     0.000     0.000     0.000     1.000     2.000     3.000     4.000     5.000     6.000     7.000    21.499     1.867    -2.274     0.331    33.079     1.051    -0.629     0.186
    14.000    10.000         *         *         *         *         *    33.000    30.000    25.000         *         *         *         *    19.309     5.000    -9.000     0.000     1.000     0.000     1.000     2.000     3.000         *         *         *         *    16.990     1.809    -2.978     0.397    29.963     1.477    -0.480     0.267
    16.000    12.000         *         *         *         *         *    29.000    30.000    40.000         *         *         *         *     3.432     5.000   -16.000     0.000     1.000     0.000     1.000     2.000     3.000         *         *         *         *    17.254     1.809    -2.091     0.397    32.544     1.477     0.397     0.267
    12.000    10.000     8.000         *         *         *         *    29.000    34.000    34.000    36.000         *         *         *    14.203     7.000   -23.000     0.000     0.000     0.000     1.000     2.000     3.000     4.000         *         *         *    14.858     1.640    -2.393     0.395    32.811     1.308     0.136     0.244
    22.000    16.000    12.000     8.000         *     6.000         *    34.000    35.000    35.000    35.000    30.000    36.000    33.000    12.130    11.000    -9.000     1.000     1.000     0.000     1.000     2.000     3.000     4.000     5.000     6.000     7.000    19.881     1.589    -2.212     0.351    34.944     1.072    -0.326     0.190
    18.000         *         *         *         *         *         *    28.000    21.000    17.000    24.000    13.000         *         *     4.667     6.000    -7.000     1.000     1.000     0.000     1.000     2.000     3.000     4.000     5.000         *         *    19.790     2.286    -2.238     0.398    25.002     1.239    -1.186     0.238
    18.000    14.000    10.000     6.000     8.000     8.000         *    40.000    41.000    37.000    40.000    34.000    39.000    37.000     5.748     9.000   -12.000     0.000     0.000     0.000     1.000     2.000     3.000     4.000     5.000     6.000     7.000    16.956     1.581    -1.756     0.343    36.559     1.062     0.297     0.188
    14.000         *    10.000         *         *         *         *    23.000    30.000    33.000    34.000         *         *         *    20.442    11.000   -26.000     0.000     1.000     0.000     1.000     2.000     3.000     4.000         *         *         *    16.934     1.897    -2.580     0.397    31.055     1.311    -0.292     0.246
    16.000         *    10.000     6.000     4.000    10.000         *    30.000    35.000    29.000    31.000    37.000    27.000    31.000    12.108    11.000   -25.000     0.000     1.000     0.000     1.000     2.000     3.000     4.000     5.000     6.000     7.000    16.370     1.757    -1.900     0.355    32.065     1.062    -0.137     0.188
    18.000    12.000    10.000         *         *         *         *    26.000    29.000    28.000    13.000         *         *         *    10.189     8.000   -17.000     0.000     0.000     0.000     1.000     2.000     3.000     4.000         *         *         *    18.352     1.640    -2.535     0.395    26.571     1.308    -0.731     0.244
    16.000    12.000    10.000     6.000     8.000         *         *    32.000    33.000    39.000    37.000    38.000    35.000         *     3.725     5.000   -12.000     0.000     0.000     0.000     1.000     2.000     3.000     4.000     5.000     6.000         *    16.657     1.582    -2.060     0.368    34.128     1.118     0.422     0.205
    14.000    10.000     8.000     6.000     6.000         *         *    29.000    28.000    34.000    32.000    31.000    34.000         *     3.955     9.000    -4.000     0.000     1.000     0.000     1.000     2.000     3.000     4.000     5.000     6.000         *    14.512     1.582    -1.804     0.368    31.438     1.118     0.064     0.205
    10.000         *         *         *         *         *         *    31.000    26.000         *         *         *         *         *    10.345    11.000   -22.000     1.000     0.000     0.000     1.000     2.000         *         *         *         *         *    11.916     2.288    -1.631     0.399    30.060     1.751    -0.562     0.294
     8.000         *     8.000         *         *         *         *    31.000    27.000    32.000    29.000         *         *         *    10.731     5.000   -17.000     0.000     1.000     0.000     1.000     2.000     3.000     4.000         *         *         *    13.034     1.897    -2.244     0.397    29.977     1.311    -0.002     0.246
    12.000     8.000     6.000         *         *         *         *    33.000    33.000    29.000    22.000         *         *         *     1.817    11.000    -2.000     1.000     1.000     0.000     1.000     2.000     3.000     4.000     5.000         *         *    11.581     1.640    -1.128     0.395    30.684     1.308    -0.522     0.244
     8.000         *         *         *         *         *         *    35.000    30.000         *         *         *         *         *    10.545    11.000   -18.000     0.000     1.000     1.000     1.000     2.000         *         *         *         *         *    11.005     2.288    -1.371     0.399    33.177     1.751    -0.376     0.294
     8.000    10.000         *         *         *         *         *    38.000    43.000    42.000    40.000    39.000         *         *     5.858    13.000   -15.000     0.000     1.000     0.000     1.000     2.000     3.000     4.000     5.000         *         *    11.169     1.808    -0.910     0.397    38.085     1.225     0.557     0.233
    12.000     6.000     8.000         *         *         *         *    38.000    33.000    38.000    33.000         *         *         *    12.801     5.000    -9.000     0.000     1.000     0.000     1.000     2.000     3.000     4.000         *         *         *    13.802     1.640    -2.273     0.395    34.186     1.308     0.215     0.244
    10.000     6.000     6.000     6.000         *         *         *    41.000    42.000    37.000    41.000    45.000         *         *     5.806    11.000   -12.000     0.000     1.000     0.000     1.000     2.000     3.000     4.000     5.000         *         *    10.397     1.589    -1.137     0.386    38.245     1.196     0.740     0.224
    18.000    12.000         *         *         *         *         *    34.000    31.000    36.000         *         *         *         *     4.316     5.000     3.000     0.000     0.000     0.000     1.000     2.000     3.000         *         *         *         *    18.686     1.809    -2.189     0.397    33.538     1.477     0.020     0.267
    16.000    14.000     8.000         *     8.000         *         *    33.000    35.000    36.000    36.000    36.000    33.000         *     5.707     7.000    -6.000     1.000     0.000     0.000     1.000     2.000     3.000     4.000     5.000     6.000         *    16.497     1.620    -1.792     0.371    34.954     1.126    -0.108     0.207
     8.000     4.000     6.000     6.000     6.000         *         *    35.000    30.000    38.000    35.000    41.000    35.000         *    15.273    11.000   -22.000     0.000     0.000     0.000     1.000     2.000     3.000     4.000     5.000     6.000         *    10.753     1.582    -1.558     0.368    35.089     1.118     0.139     0.205
    12.000         *         *         *         *         *         *    39.000    34.000    38.000         *         *         *         *     7.697     5.000   -23.000     0.000     1.000     0.000     1.000     2.000     3.000         *         *         *         *    14.641     2.288    -1.994     0.398    34.973     1.486     0.608     0.272
         *         *         *     4.000         *         *         *    33.000    33.000         *    36.000    33.000         *         *     7.216     5.000   -15.000     1.000     1.000     0.000     1.000     2.000     3.000     4.000     5.000         *         *    12.578     2.908    -1.868     0.439    33.081     1.297     0.096     0.233
     8.000     6.000         *         *         *         *         *    31.000    34.000    28.000    30.000         *         *         *     9.970     7.000   -14.000     0.000     0.000     0.000     1.000     2.000     3.000     4.000         *         *         *    10.903     1.808    -2.018     0.397    30.825     1.319    -0.012     0.249
    12.000     6.000     4.000         *         *         *         *    27.000    24.000    22.000    20.000         *         *         *    15.760     8.000   -19.000     0.000     0.000     0.000     1.000     2.000     3.000     4.000         *         *         *    13.057     1.640    -2.662     0.395    25.665     1.308    -0.689     0.244
    10.000     8.000     8.000         *         *         *         *    36.000    35.000    39.000    38.000    42.000         *         *     5.159     9.000   -18.000     0.000     0.000     0.000     1.000     2.000     3.000     4.000     5.000         *         *    11.918     1.640    -1.454     0.395    35.943     1.211     0.610     0.228
     6.000     6.000         *         *         *         *         *    31.000    29.000    35.000         *         *         *         *     2.493    -4.000   -20.000     1.000     0.000     0.000     1.000     2.000     3.000         *         *         *         *    10.063     1.809    -2.270     0.397    30.624     1.477     0.458     0.267
    10.000     8.000         *         *         *         *         *    12.000    16.000    15.000    10.000         *         *         *    14.638     5.000   -27.000     0.000     0.000     0.000     1.000     2.000     3.000     4.000         *         *         *    13.877     1.808    -3.184     0.397    18.227     1.319    -1.118     0.249
         *         *         *         *         *         *         *    33.000    38.000    36.000         *         *         *         *     2.583    11.000   -10.000     1.000     1.000     0.000     1.000     2.000     3.000         *         *         *         *    16.245     4.976    -1.135     0.452    35.545     1.518    -0.073     0.298
     8.000     8.000         *         *         *         *         *    26.000    32.000    27.000         *         *         *         *     1.181     9.000   -11.000     0.000     1.000     0.000     1.000     2.000     3.000         *         *         *         *    11.005     1.809    -1.424     0.397    29.344     1.477     0.044     0.267
     6.000     6.000         *         *         *         *         *    37.000    30.000    27.000         *         *         *         *     6.939     5.000    -9.000     1.000     0.000     0.000     1.000     2.000     3.000         *         *         *         *     9.464     1.809    -1.681     0.397    31.448     1.477    -0.226     0.267
     6.000     8.000         *         *         *         *         *    37.000    36.000    37.000         *         *         *         *    11.993     5.000   -25.000     0.000     0.000     0.000     1.000     2.000     3.000         *         *         *         *    10.734     1.809    -2.061     0.397    34.636     1.477     0.546     0.267
    20.000         *         *         *         *         *         *    39.000    35.000    39.000         *         *         *         *     0.557     7.000    -5.000     0.000     0.000     0.000     1.000     2.000     3.000         *         *         *         *    21.253     2.288    -1.755     0.398    36.646     1.486     0.306     0.272
     4.000         *         *         *         *         *         *    33.000    29.000         *         *         *         *         *    16.338     3.000   -21.000     0.000     0.000     0.000     1.000     2.000         *         *         *         *         *     8.741     2.288    -2.585     0.399    30.230     1.751     0.128     0.294
    10.000     8.000         *         *         *         *         *    32.000    24.000    27.000         *         *         *         *     6.419    11.000   -19.000     0.000     0.000     0.000     1.000     2.000     3.000         *         *         *         *    11.963     1.809    -1.648     0.397    29.095     1.477    -0.227     0.267
     6.000         *         *         *         *         *         *    39.000    35.000         *         *         *         *         *     4.984    -1.000   -21.000     0.000     0.000     0.000     1.000     2.000         *         *         *         *         *    10.020     2.288    -2.157     0.399    34.161     1.751     0.933     0.294
    16.000         *         *         *         *         *         *    35.000    31.000         *         *         *         *         *     1.822     5.000   -24.000     0.000     0.000     0.000     1.000     2.000         *         *         *         *         *    17.461     2.288    -1.983     0.399    32.717     1.751     0.410     0.294
    16.000         *         *         *         *         *         *    32.000    32.000    37.000         *         *         *         *     5.020     9.000   -13.000     0.000     0.000     0.000     1.000     2.000     3.000         *         *         *         *    17.698     2.288    -1.827     0.398    33.692     1.486     0.097     0.272
    10.000     6.000         *         *         *         *         *    24.000    26.000    20.000         *         *         *         *    11.916     2.000   -18.000     1.000     1.000     0.000     1.000     2.000     3.000         *         *         *         *    12.478     1.809    -2.652     0.397    25.389     1.477    -0.622     0.267
     6.000     8.000         *         *         *         *         *    28.000    30.000    29.000         *         *         *         *     4.910     5.000    -7.000     0.000     0.000     0.000     1.000     2.000     3.000         *         *         *         *    10.877     1.809    -1.936     0.397    29.635     1.477     0.017     0.267
    16.000    14.000         *         *         *         *         *    41.000    37.000    40.000         *         *         *         *     9.247    13.000    -9.000     1.000     1.000     0.000     1.000     2.000     3.000         *         *         *         *    16.882     1.809    -1.224     0.397    38.356     1.477    -0.144     0.267
    18.000         *         *         *         *         *         *    35.000    37.000    35.000         *         *         *         *     3.123     8.000   -14.000     0.000     0.000     0.000     1.000     2.000     3.000         *         *         *         *    19.314     2.288    -1.799     0.398    35.037     1.486     0.244     0.272
         *         *         *         *         *         *         *    34.000    31.000         *         *         *         *         *    14.580     5.000   -28.000     0.000     0.000     1.000     1.000     2.000         *         *         *         *         *    15.988     4.978    -2.396     0.454    32.739     1.774    -0.332     0.319
     6.000         *         *         *         *         *         *    37.000    37.000    38.000         *         *         *         *     9.206    13.000    -7.000     0.000     0.000     0.000     1.000     2.000     3.000         *         *         *         *     9.422     2.288    -1.162     0.398    36.222     1.486     0.196     0.272
    14.000         *         *         *         *         *         *    37.000    39.000    35.000         *         *         *         *     7.383     2.000   -17.000     0.000     0.000     0.000     1.000     2.000     3.000         *         *         *         *    16.731     2.288    -2.356     0.398    35.052     1.486     0.526     0.272
    16.000         *         *         *         *         *         *    36.000    34.000    26.000         *         *         *         *     7.933    13.000   -15.000     0.000     1.000     0.000     1.000     2.000     3.000         *         *         *         *    17.634     2.288    -1.608     0.398    32.663     1.486    -0.255     0.272
     4.000         *         *         *         *         *         *    31.000    29.000         *         *         *         *         *     2.107    10.000   -19.000     1.000     0.000     0.000     1.000     2.000         *         *         *         *         *     6.598     2.288    -0.953     0.399    30.898     1.751    -0.070     0.294
     6.000         *         *         *         *         *         *    32.000    36.000         *         *         *         *         *     3.010    12.000   -12.000     0.000     1.000     0.000     1.000     2.000         *         *         *         *         *     9.143     2.288    -0.980     0.399    33.678     1.751     0.339     0.294
     8.000         *         *         *         *         *         *    36.000    36.000         *         *         *         *         *     7.848     4.000   -36.000     0.000     0.000     0.000     1.000     2.000         *         *         *         *         *    10.727     2.288    -1.991     0.399    33.852     1.751     0.813     0.294
    18.000         *         *         *         *         *         *    34.000    33.000    39.000         *         *         *         *     3.624     6.000    -6.000     1.000     1.000     0.000     1.000     2.000     3.000         *         *         *         *    19.415     2.288    -1.778     0.398    35.074     1.486    -0.068     0.272
     8.000         *         *         *         *         *         *    32.000    29.000         *         *         *         *         *     5.198     9.000    -1.000     0.000     0.000     0.000     1.000     2.000         *         *         *         *         *    11.607     2.288    -1.601     0.399    31.358     1.751    -0.133     0.294
     6.000         *         *         *         *         *         *    31.000    35.000         *         *         *         *         *     3.306     7.000     0.000     0.000     1.000     0.000     1.000     2.000         *         *         *         *         *    10.212     2.288    -1.484     0.399    32.682     1.751     0.254     0.294
    20.000         *         *         *         *         *         *    27.000    31.000         *         *         *         *         *     4.960    13.000   -13.000     1.000     0.000     0.000     1.000     2.000         *         *         *         *         *    20.104     2.288    -1.555     0.399    31.503     1.751    -0.758     0.294
     6.000         *         *         *         *         *         *    26.000    31.000         *         *         *         *         *     4.261     5.000   -20.000     0.000     0.000     0.000     1.000     2.000         *         *         *         *         *     9.519     2.288    -1.890     0.399    29.286     1.751     0.273     0.294
         *         *         *         *         *         *         *    32.000    30.000         *         *         *         *         *    14.304     0.000   -17.000     1.000     0.000     1.000     1.000     2.000         *         *         *         *         *    16.872     4.978    -2.687     0.454    31.646     1.774    -0.764     0.319
    14.000         *         *         *         *         *         *    36.000    41.000         *         *         *         *         *     9.072    13.000   -22.000     0.000     1.000     0.000     1.000     2.000         *         *         *         *         *    15.617     2.288    -1.411     0.399    36.889     1.751     0.350     0.294
     6.000         *         *         *         *         *         *    23.000    23.000         *         *         *         *         *     4.825     7.000   -23.000     0.000     0.000     0.000     1.000     2.000         *         *         *         *         *     9.281     2.288    -1.922     0.399    25.752     1.751    -0.115     0.294
         *         *         *         *         *         *         *    13.000    10.000         *         *         *         *         *    14.630    11.000   -18.000     0.000     1.000     0.000     1.000     2.000         *         *         *         *         *    15.904     4.978    -2.784     0.454    18.634     1.774    -1.447     0.319
    12.000         *         *         *         *         *         *    32.000    36.000         *         *         *         *         *     3.248     9.000   -12.000     1.000     1.000     1.000     1.000     2.000         *         *         *         *         *    13.736     2.288    -1.035     0.399    34.727     1.751    -0.475     0.294
    10.000         *         *         *         *         *         *    24.000    29.000         *         *         *         *         *     9.080     5.000   -16.000     0.000     0.000     0.000     1.000     2.000         *         *         *         *         *    13.364     2.288    -2.405     0.399    28.129     1.751    -0.154     0.294
     6.000         *         *         *         *         *         *    25.000    26.000         *         *         *         *         *     8.136     6.000   -16.000     1.000     0.000     0.000     1.000     2.000         *         *         *         *         *     9.265     2.288    -1.902     0.399    27.539     1.751    -0.479     0.294
    18.000         *         *         *         *         *         *    39.000    41.000         *         *         *         *         *     4.804     9.000   -11.000     0.000     0.000     0.000     1.000     2.000         *         *         *         *         *    19.382     2.288    -1.664     0.399    38.070     1.751     0.385     0.294
         *         *         *         *         *         *         *    30.000    36.000         *         *         *         *         *     9.009     9.000   -18.000     0.000     0.000     2.000     1.000     2.000         *         *         *         *         *    16.944     4.978    -1.548     0.454    34.813     1.774    -0.834     0.319
     8.000         *         *         *         *         *         *    34.000    36.000         *         *         *         *         *    12.787     9.000   -30.000     0.000     1.000     0.000     1.000     2.000         *         *         *         *         *    10.962     2.288    -1.845     0.399    33.579     1.751     0.401     0.294
     8.000         *         *         *         *         *         *    35.000    31.000         *         *         *         *         *     6.966     1.000   -16.000     0.000     0.000     0.000     1.000     2.000         *         *         *         *         *    11.875     2.288    -2.316     0.399    31.870     1.751     0.443     0.294
    12.000         *         *         *         *         *         *    39.000    29.000         *         *         *         *         *     6.027     9.000   -16.000     0.000     1.000     0.000     1.000     2.000         *         *         *         *         *    14.460     2.288    -1.637     0.399    33.424     1.751     0.204     0.294
