    23.000         *         *         *         *         *         *    12.000    12.000         *         *         *         *         *     2.687    11.000     8.000     1.000     1.000     0.000     1.000     2.000         *         *         *         *         *    28.414     3.460    -1.901     0.756    12.490     0.686    -0.093     0.099
    21.000    20.000    28.000    16.000    14.000     8.000     8.000    14.000    12.000    12.000    12.000    14.000    14.000    14.000    10.712     9.000     8.000     0.000     0.000     0.000     1.000     2.000     3.000     4.000     5.000     6.000     7.000    27.606     2.669    -2.684     0.562    13.053     0.410     0.020     0.067
    25.000         *         *         *         *         *         *    15.000    14.000         *         *         *         *         *    15.259    13.000     3.000     1.000     0.000     1.000     1.000     2.000         *         *         *         *         *    25.789     3.460    -2.258     0.756    13.776     0.686     0.095     0.099
    35.000         *    50.000    32.000         *         *         *     7.000     6.000     8.000     6.000     5.000     6.000         *     0.856     6.000     6.000     0.000     0.000     0.000     1.000     2.000     3.000     4.000     5.000     6.000         *    43.067     2.986    -2.393     0.732     7.347     0.433    -0.155     0.072
    34.000    34.000    34.000    30.000         *         *         *    15.000    14.000    14.000    15.000    15.000    15.000         *    13.819    13.000    -8.000     0.000     0.000     0.000     1.000     2.000     3.000     4.000     5.000     6.000         *    36.676     2.721    -2.641     0.725    14.320     0.431     0.044     0.071
    27.000    32.000    28.000    22.000    20.000    16.000    10.000    11.000    13.000    15.000    14.000    15.000    13.000    13.000     2.605    11.000    13.000     1.000     0.000     0.000     1.000     2.000     3.000     4.000     5.000     6.000     7.000    33.910     2.669    -2.893     0.562    12.272     0.410     0.281     0.067
    33.000         *    32.000    30.000         *         *         *    13.000    13.000    14.000    12.000    13.000         *         *     1.272     9.000    -2.000     0.000     1.000     0.000     1.000     2.000     3.000     4.000     5.000         *         *    35.273     2.988    -1.694     0.732    13.129     0.462    -0.054     0.077
    31.000         *    42.000         *         *         *    34.000    14.000    14.000    14.000    14.000    12.000    14.000    14.000     9.091    10.000     8.000     0.000     1.000     1.000     1.000     2.000     3.000     4.000     5.000     6.000     7.000    35.575     3.080    -0.656     0.616    13.849     0.413    -0.053     0.068
    35.000    30.000    32.000         *         *    26.000         *    14.000    13.000    10.000    15.000    15.000         *    12.000     1.737    13.000    14.000     0.000     1.000     0.000     1.000     2.000     3.000     4.000     5.000     6.000     7.000    35.454     2.759    -1.628     0.648    13.412     0.431    -0.062     0.070
    19.000    20.000    16.000    14.000    12.000    10.000     8.000    13.000    12.000    14.000    12.000    14.000    13.000    12.000    15.065     5.000    -6.000     1.000     1.000     0.000     1.000     2.000     3.000     4.000     5.000     6.000     7.000    23.985     2.669    -2.462     0.562    13.693     0.410    -0.213     0.067
    24.000    25.000    34.000    24.000    20.000    18.000    16.000    12.000    13.000    14.000    13.000    12.000    13.000    14.000    10.156     5.000     0.000     0.000     1.000     1.000     1.000     2.000     3.000     4.000     5.000     6.000     7.000    29.856     2.669    -1.699     0.562    13.330     0.410    -0.089     0.067
    19.000    18.000    14.000    12.000    12.000         *         *    15.000    14.000    13.000    15.000    14.000    13.000    10.000    16.352    10.000    -2.000     0.000     1.000     0.000     1.000     2.000     3.000     4.000     5.000     6.000     7.000    21.679     2.718    -2.135     0.681    14.838     0.412    -0.391     0.067
    31.000    32.000    34.000    30.000    22.000    18.000    28.000    14.000    14.000    12.000    14.000    14.000    13.000    13.000     4.374     6.000     0.000     1.000     1.000     1.000     1.000     2.000     3.000     4.000     5.000     6.000     7.000    33.885     2.669    -1.611     0.562    12.852     0.410     0.114     0.067
    25.000    26.000    20.000    14.000         *         *         *    12.000    13.000    14.000    11.000    12.000         *         *     9.663     7.000     6.000     0.000     1.000     0.000     1.000     2.000     3.000     4.000     5.000         *         *    27.874     2.723    -2.351     0.725    13.161     0.461    -0.253     0.076
    19.000    20.000    20.000    16.000         *         *         *    11.000    11.000    11.000    12.000    10.000     9.000     9.000    11.749     5.000    -3.000     0.000     0.000     0.000     1.000     2.000     3.000     4.000     5.000     6.000     7.000    25.125     2.719    -2.425     0.725    11.271     0.412    -0.203     0.067
    25.000    36.000    20.000         *         *         *         *     8.000    10.000    11.000     7.000         *         *         *     8.308    13.000     2.000     0.000     0.000     1.000     1.000     2.000     3.000     4.000         *         *         *    30.540     2.765    -1.903     0.749     9.959     0.506    -0.211     0.082
    27.000    36.000    20.000    18.000         *         *         *    13.000    13.000    13.000    14.000    11.000    14.000         *     1.907     7.000     0.000     0.000     1.000     0.000     1.000     2.000     3.000     4.000     5.000     6.000         *    31.256     2.721    -2.112     0.725    13.162     0.431    -0.057     0.071
    29.000    34.000    18.000    16.000         *         *         *    10.000    10.000    11.000    12.000     9.000         *         *     7.613    13.000     3.000     0.000     0.000     0.000     1.000     2.000     3.000     4.000     5.000         *         *    31.606     2.723    -2.924     0.725    11.104     0.461    -0.160     0.076
    28.000    22.000    16.000    10.000         *         *         *    13.000    11.000    11.000     8.000    10.000         *         *    14.597     7.000   -13.000     0.000     1.000     1.000     1.000     2.000     3.000     4.000     5.000         *         *    24.934     2.723    -2.330     0.725    12.028     0.461    -0.469     0.076
    30.000         *         *         *         *         *         *    13.000    14.000         *         *         *         *         *     1.729     7.000     1.000     0.000     1.000     0.000     1.000     2.000         *         *         *         *         *    32.413     3.460    -1.723     0.756    13.354     0.686    -0.026     0.099
    25.000    32.000         *         *         *         *         *    12.000    11.000    11.000    10.000    10.000         *         *    14.701     1.000     2.000     0.000     0.000     0.000     1.000     2.000     3.000     4.000     5.000         *         *    31.605     2.942    -3.048     0.755    11.164     0.461    -0.119     0.077
    38.000    32.000    22.000    18.000    20.000         *         *    14.000    13.000    15.000    11.000    13.000    13.000         *    14.638     7.000     8.000     0.000     1.000     0.000     1.000     2.000     3.000     4.000     5.000     6.000     7.000    34.567     2.721    -3.099     0.682    13.831     0.431    -0.221     0.071
    20.000    22.000         *    20.000    14.000     8.000     6.000    14.000    14.000    14.000    15.000    11.000    12.000    14.000    15.585    11.000    -4.000     0.000     0.000     0.000     1.000     2.000     3.000     4.000     5.000     6.000     7.000    25.506     2.808    -2.593     0.567    13.808     0.411    -0.129     0.067
    10.000    22.000    18.000         *         *         *         *    12.000    11.000    10.000     7.000         *         *         *    14.920     3.000    -5.000     0.000     0.000     0.000     1.000     2.000     3.000     4.000         *         *         *    22.096     2.765    -2.411     0.749    10.898     0.506    -0.316     0.082
    32.000    22.000         *         *         *         *         *    15.000    10.000    14.000    13.000         *         *         *    12.768     9.000    11.000     0.000     1.000     0.000     1.000     2.000     3.000     4.000         *         *         *    30.359     2.944    -2.405     0.755    13.644     0.506    -0.273     0.082
    30.000    32.000    28.000    18.000         *         *         *    10.000    13.000     7.000     9.000    12.000    10.000    13.000     8.500    11.000    -7.000     0.000     1.000     0.000     1.000     2.000     3.000     4.000     5.000     6.000     7.000    33.112     2.719    -2.658     0.725    12.163     0.412    -0.332     0.067
    48.000    50.000    42.000         *         *         *         *    12.000    14.000    15.000    15.000    13.000    15.000    15.000    -0.379     6.000     3.000     0.000     1.000     0.000     1.000     2.000     3.000     4.000     5.000     6.000     7.000    48.139     2.760    -2.357     0.748    13.228     0.412     0.211     0.067
    12.000    14.000         *         *         *         *         *    15.000    15.000    15.000    14.000    15.000    15.000         *    10.348    11.000   -13.000     0.000     0.000     0.000     1.000     2.000     3.000     4.000     5.000     6.000         *    18.131     2.940    -1.883     0.755    14.675     0.431    -0.019     0.072
    26.000    18.000    16.000    14.000    12.000    10.000         *    13.000    12.000    14.000    11.000    13.000    12.000    13.000    15.290    11.000     3.000     0.000     0.000     0.000     1.000     2.000     3.000     4.000     5.000     6.000     7.000    25.764     2.707    -2.761     0.624    13.157     0.411    -0.149     0.067
    30.000         *         *         *         *         *         *    13.000    13.000         *         *         *         *         *     5.899     3.000    13.000     0.000     1.000     1.000     1.000     2.000     3.000         *         *         *         *    32.513     3.460    -1.215     0.756    12.771     0.686     0.023     0.099
    24.000    34.000    26.000    20.000    16.000    18.000    18.000    12.000    11.000    11.000    11.000    13.000    13.000    14.000     9.255    -1.000    11.000     0.000     0.000     0.000     1.000     2.000     3.000     4.000     5.000     6.000     7.000    32.546     2.669    -2.529     0.562    11.605     0.410     0.149     0.067
    30.000    22.000    20.000         *         *         *         *    14.000    14.000    15.000    14.000    14.000         *         *     6.047     9.000    -3.000     0.000     0.000     0.000     1.000     2.000     3.000     4.000     5.000     6.000         *    29.009     2.764    -2.355     0.749    13.559     0.461     0.139     0.076
    24.000    18.000    12.000     8.000         *         *         *    11.000    12.000    13.000    10.000    14.000    12.000         *    17.181     7.000    -9.000     1.000     0.000     0.000     1.000     2.000     3.000     4.000     5.000     6.000         *    24.743     2.721    -3.697     0.725    12.362     0.431    -0.095     0.071
    12.000     8.000     6.000         *         *         *         *    14.000    13.000    11.000     9.000         *         *         *    18.821     9.000    -8.000     0.000     1.000     0.000     1.000     2.000     3.000     4.000         *         *         *    14.911     2.765    -2.240     0.749    13.394     0.506    -0.663     0.082
    42.000    24.000    18.000         *         *         *         *    13.000    14.000    14.000    15.000         *         *         *     6.931     5.000    11.000     0.000     0.000     0.000     1.000     2.000     3.000     4.000         *         *         *    34.375     2.765    -3.008     0.749    13.124     0.506     0.253     0.082
    28.000    24.000    22.000         *         *         *         *    11.000    11.000    13.000    11.000         *         *         *    10.118     5.000    -9.000     1.000     0.000     0.000     1.000     2.000     3.000     4.000         *         *         *    30.376     2.765    -3.245     0.749    11.430     0.506     0.047     0.082
    42.000    28.000    34.000    24.000    18.000    20.000    18.000    14.000    13.000    12.000    13.000    13.000    13.000    10.000     3.533     9.000     1.000     1.000     1.000     0.000     1.000     2.000     3.000     4.000     5.000     6.000     7.000    37.348     2.669    -2.910     0.562    12.556     0.410    -0.020     0.067
    22.000         *         *         *         *         *         *    14.000    11.000         *         *         *         *         *     9.518     5.000    -1.000     1.000     1.000     0.000     1.000     2.000         *         *         *         *         *    26.309     3.460    -2.468     0.756    12.732     0.686    -0.165     0.099
    14.000    12.000    20.000    14.000         *    16.000         *    12.000    12.000    11.000    13.000    10.000    13.000     8.000    14.101    13.000     4.000     1.000     1.000     0.000     1.000     2.000     3.000     4.000     5.000     6.000     7.000    20.430     2.710    -1.554     0.643    13.110     0.411    -0.427     0.067
    34.000    28.000         *    22.000    20.000    18.000         *     8.000     9.000    11.000    11.000     7.000    10.000     9.000     7.175     7.000     1.000     1.000     1.000     0.000     1.000     2.000     3.000     4.000     5.000     6.000     7.000    34.410     2.833    -2.899     0.626    10.573     0.412    -0.251     0.067
    26.000    24.000    20.000    14.000    12.000     8.000    10.000    11.000     8.000     6.000     8.000     9.000     9.000     8.000    13.869     5.000    -1.000     1.000     1.000     1.000     1.000     2.000     3.000     4.000     5.000     6.000     7.000    27.594     2.669    -2.774     0.562    10.212     0.410    -0.379     0.067
    30.000         *         *    24.000    20.000         *         *     8.000    10.000     9.000    10.000     8.000     9.000     5.000     3.506    10.000     4.000     0.000     1.000     0.000     1.000     2.000     3.000     4.000     5.000     6.000     7.000    32.130     3.163    -2.129     0.696    10.375     0.415    -0.419     0.068
    32.000    28.000    22.000    16.000    18.000    16.000         *    13.000    14.000    15.000    14.000    13.000    13.000    13.000     9.264     3.000     5.000     0.000     1.000     0.000     1.000     2.000     3.000     4.000     5.000     6.000     7.000    31.365     2.707    -2.620     0.624    13.758     0.411    -0.080     0.067
    30.000    24.000    18.000    16.000         *    18.000         *     9.000     7.000    12.000    10.000     9.000     6.000    11.000    10.731    13.000     6.000     0.000     0.000     0.000     1.000     2.000     3.000     4.000     5.000     6.000     7.000    29.561     2.710    -2.612     0.643    10.582     0.411    -0.285     0.067
    32.000         *    28.000    20.000         *         *         *    13.000    13.000    14.000    12.000    12.000         *         *    12.908     5.000    -3.000     0.000     1.000     0.000     1.000     2.000     3.000     4.000     5.000         *         *    32.420     2.988    -2.654     0.732    13.426     0.462    -0.242     0.077
    30.000    30.000    18.000         *         *         *         *    13.000    10.000    10.000     7.000         *         *         *    14.107    11.000    -3.000     0.000     0.000     0.000     1.000     2.000     3.000     4.000         *         *         *    30.924     2.765    -3.165     0.749    10.972     0.506    -0.333     0.082
    20.000    14.000    12.000    10.000    12.000         *         *    12.000    13.000    13.000    14.000    13.000    10.000         *     6.704    11.000    -4.000     0.000     0.000     0.000     1.000     2.000     3.000     4.000     5.000     6.000         *    21.161     2.721    -2.096     0.682    12.744     0.431    -0.084     0.071
    28.000         *         *         *         *         *         *    15.000    15.000         *         *         *         *         *     5.896     5.000    -2.000     0.000     1.000     1.000     1.000     2.000         *         *         *         *         *    29.473     3.460    -1.101     0.756    14.190     0.686     0.054     0.099
    22.000    20.000    24.000    22.000    26.000         *         *    12.000    14.000    13.000    12.000    11.000    12.000         *     6.865     2.000     0.000     0.000     1.000     0.000     1.000     2.000     3.000     4.000     5.000     6.000         *    27.009     2.721    -1.311     0.682    12.892     0.431    -0.169     0.071
    22.000    18.000         *         *         *         *         *    15.000    15.000    14.000         *         *         *         *     6.211    12.000    18.000     1.000     1.000     0.000     1.000     2.000     3.000         *         *         *         *    25.353     2.944    -1.778     0.755    14.464     0.576    -0.007     0.089
    24.000    18.000         *         *         *         *         *    10.000    13.000    10.000    12.000         *         *         *     3.678     5.000    -1.000     0.000     1.000     0.000     1.000     2.000     3.000     4.000         *         *         *    26.366     2.944    -1.774     0.755    12.024     0.506    -0.227     0.082
    24.000    20.000    16.000    12.000         *         *         *    13.000    11.000     9.000    13.000    11.000    11.000         *     6.257     8.000     8.000     0.000     1.000     0.000     1.000     2.000     3.000     4.000     5.000     6.000         *    25.188     2.721    -2.140     0.725    12.449     0.431    -0.286     0.071
    38.000    36.000         *         *         *         *         *    14.000    13.000    13.000         *         *         *         *     6.621     5.000    11.000     0.000     1.000     0.000     1.000     2.000     3.000         *         *         *         *    38.530     2.944    -2.342     0.755    13.212     0.576    -0.026     0.089
    38.000    28.000    26.000         *         *         *         *    15.000    13.000    12.000    13.000         *         *         *     3.446     6.000    -1.000     0.000     1.000     0.000     1.000     2.000     3.000     4.000         *         *         *    34.623     2.765    -2.211     0.749    13.205     0.506    -0.051     0.082
    22.000    20.000         *         *         *         *         *    14.000    14.000    15.000         *         *         *         *     3.667    12.000    -6.000     0.000     0.000     0.000     1.000     2.000     3.000         *         *         *         *    25.266     2.944    -1.798     0.755    13.797     0.576     0.116     0.089
    20.000    20.000    26.000    32.000         *         *         *    15.000    14.000    14.000    14.000    15.000         *         *     6.879     9.000     6.000     0.000     1.000     0.000     1.000     2.000     3.000     4.000     5.000         *         *    26.975     2.723    -0.931     0.725    14.583     0.461    -0.103     0.076
    22.000    16.000         *         *         *         *         *    12.000    13.000    14.000    15.000         *         *         *     8.010     9.000    -5.000     0.000     0.000     0.000     1.000     2.000     3.000     4.000         *         *         *    24.170     2.944    -2.203     0.755    13.329     0.506     0.033     0.082
    28.000    30.000         *         *         *         *         *    13.000    11.000    13.000         *         *         *         *     0.637     5.000    -7.000     0.000     1.000     0.000     1.000     2.000     3.000         *         *         *         *    31.953     2.944    -1.758     0.755    12.503     0.576    -0.076     0.089
    28.000    36.000         *         *         *         *         *    12.000    10.000     5.000         *         *         *         *     9.154     8.000     8.000     0.000     1.000     0.000     1.000     2.000     3.000         *         *         *         *    34.139     2.944    -2.351     0.755    10.487     0.576    -0.475     0.089
    28.000    34.000         *         *         *         *         *    13.000    14.000    13.000         *         *         *         *     0.965     7.000    -2.000     0.000     0.000     0.000     1.000     2.000     3.000         *         *         *         *    33.651     2.944    -2.030     0.755    12.619     0.576     0.244     0.089
    28.000         *         *         *         *         *         *    15.000    13.000         *         *         *         *         *    15.665    10.000    -1.000     0.000     1.000     0.000     1.000     2.000         *         *         *         *         *    27.984     3.460    -2.499     0.756    14.217     0.686    -0.360     0.099
    26.000    20.000         *         *         *         *         *    10.000    11.000     8.000         *         *         *         *     8.094     7.000   -21.000     0.000     1.000     0.000     1.000     2.000     3.000         *         *         *         *    26.546     2.944    -2.391     0.755    11.114     0.576    -0.509     0.089
    20.000         *         *         *         *         *         *    11.000    12.000         *         *         *         *         *     3.060     8.000    -7.000     0.000     1.000     2.000     1.000     2.000         *         *         *         *         *    24.354     3.460    -0.012     0.756    11.905     0.686    -0.125     0.099
    26.000         *         *         *         *         *         *    14.000    15.000    14.000         *         *         *         *     4.010     7.000     8.000     1.000     1.000     0.000     1.000     2.000     3.000         *         *         *         *    30.041     3.460    -2.035     0.756    13.877     0.577     0.100     0.090
    26.000    28.000         *         *         *         *         *    15.000    14.000    15.000         *         *         *         *     1.578    11.000    -8.000     0.000     1.000     0.000     1.000     2.000     3.000         *         *         *         *    29.411     2.944    -1.482     0.755    14.442     0.576    -0.044     0.089
    38.000    36.000         *         *         *         *         *    15.000    15.000    15.000         *         *         *         *     2.630     9.000     3.000     1.000     1.000     0.000     1.000     2.000     3.000         *         *         *         *    38.216     2.944    -2.417     0.755    14.199     0.576     0.201     0.089
    30.000    28.000         *         *         *         *         *    11.000    13.000    12.000         *         *         *         *     4.609    -1.000     3.000     1.000     1.000     0.000     1.000     2.000     3.000         *         *         *         *    33.259     2.944    -2.590     0.755    11.909     0.576     0.062     0.089
    14.000         *         *         *         *         *         *    12.000    12.000    11.000         *         *         *         *    15.290    12.000     5.000     0.000     0.000     0.000     1.000     2.000     3.000         *         *         *         *    20.443     3.460    -2.328     0.756    12.436     0.577    -0.303     0.090
    30.000         *         *         *         *         *         *    10.000    10.000         *         *         *         *         *     1.357     5.000    -9.000     0.000     1.000     0.000     1.000     2.000         *         *         *         *         *    32.437     3.460    -2.042     0.756    10.982     0.686    -0.239     0.099
    30.000         *         *         *         *         *         *    13.000    14.000         *         *         *         *         *     0.946     5.000    -1.000     0.000     1.000     0.000     1.000     2.000         *         *         *         *         *    32.612     3.460    -1.725     0.756    13.242     0.686     0.013     0.099
    28.000         *         *         *         *         *         *    12.000    13.000         *         *         *         *         *     0.760     9.000   -10.000     1.000     0.000     0.000     1.000     2.000         *         *         *         *         *    30.662     3.460    -2.512     0.756    12.049     0.686     0.244     0.099
    32.000         *         *         *         *         *         *    15.000    13.000         *         *         *         *         *     1.570    13.000     8.000     0.000     0.000     0.000     1.000     2.000         *         *         *         *         *    33.606     3.460    -1.949     0.756    13.305     0.686     0.214     0.099
