   300.000         *         *         *         *         *         *   126.000   133.000         *         *         *         *         *     2.687    11.000     8.000     1.000     1.000     0.000     1.000     2.000         *         *         *         *         *   355.076    55.510   -18.016    10.414   101.380    24.418    10.695     3.433
   550.000   300.000   600.000   450.000   530.000   510.000   460.000    65.000    66.000    59.000    81.000    92.000    77.000    68.000    10.712     9.000     8.000     0.000     0.000     0.000     1.000     2.000     3.000     4.000     5.000     6.000     7.000   522.893    39.112   -11.244     7.947    41.853    18.977     9.740     3.122
   400.000         *         *         *         *         *         *    75.000    55.000         *         *         *         *         *    15.259    13.000     3.000     1.000     0.000     1.000     1.000     2.000         *         *         *         *         *   417.478    55.510   -25.314    10.414    85.071    24.418     0.984     3.433
   300.000         *   540.000   170.000         *         *         *   127.000   140.000   136.000   209.000   122.000   157.000         *     0.856     6.000     6.000     0.000     0.000     0.000     1.000     2.000     3.000     4.000     5.000     6.000         *   422.541    44.591   -28.454    10.160   115.903    19.640     8.783     3.321
   450.000   350.000         *         *         *         *         *   137.000   189.000   127.000   127.000   131.000   108.000         *    13.819    13.000    -8.000     0.000     0.000     0.000     1.000     2.000     3.000     4.000     5.000     6.000         *   464.219    44.442   -40.417    10.306   127.782    19.626     1.141     3.299
   850.000   570.000   580.000   500.000   470.000   420.000   260.000   131.000   106.000   128.000   107.000    96.000   143.000   172.000     2.605    11.000    13.000     1.000     0.000     0.000     1.000     2.000     3.000     4.000     5.000     6.000     7.000   748.534    39.112   -57.788     7.947   101.002    18.977     7.705     3.122
   470.000         *   460.000   450.000         *         *         *   108.000   207.000   106.000   107.000    94.000         *         *     1.272     9.000    -2.000     0.000     1.000     0.000     1.000     2.000     3.000     4.000     5.000         *         *   529.335    44.676   -29.979    10.164   121.327    19.950    -0.574     3.381
   410.000         *   450.000         *         *         *   410.000   103.000   105.000    70.000    86.000    90.000    99.000   100.000     9.091    10.000     8.000     0.000     1.000     1.000     1.000     2.000     3.000     4.000     5.000     6.000     7.000   451.316    46.717   -11.211     8.706   108.068    19.183    -3.754     3.172
   300.000   450.000   300.000         *         *   250.000         *    94.000    52.000   100.000    96.000    85.000         *   148.000     1.737    13.000    14.000     0.000     1.000     0.000     1.000     2.000     3.000     4.000     5.000     6.000     7.000   386.502    40.705   -16.203     9.040    59.258    19.443    10.495     3.205
   450.000   550.000   450.000   480.000   400.000   350.000   280.000   118.000   124.000   234.000    87.000   181.000   136.000   137.000    15.065     5.000    -6.000     1.000     1.000     0.000     1.000     2.000     3.000     4.000     5.000     6.000     7.000   533.842    39.112   -30.131     7.947   146.177    18.977     0.433     3.122
   450.000   600.000   500.000   340.000   300.000   250.000   220.000   294.000   262.000   169.000   154.000   100.000   182.000    81.000    10.156     5.000     0.000     0.000     1.000     1.000     1.000     2.000     3.000     4.000     5.000     6.000     7.000   569.143    39.112   -47.928     7.947   238.722    18.977   -16.827     3.122
   450.000   210.000   300.000   250.000   240.000         *         *   187.000   118.000   141.000   300.000   151.000   243.000   117.000    16.352    10.000    -2.000     0.000     1.000     0.000     1.000     2.000     3.000     4.000     5.000     6.000     7.000   373.871    39.641   -26.955     9.489   164.029    19.350     1.863     3.187
   400.000   480.000   450.000   450.000   400.000   350.000   260.000   116.000    77.000    62.000    98.000    93.000    96.000    98.000     4.374     6.000     0.000     1.000     1.000     1.000     1.000     2.000     3.000     4.000     5.000     6.000     7.000   487.938    39.112   -24.072     7.947   120.076    18.977    -5.814     3.122
   400.000   470.000   320.000   260.000         *         *         *   157.000   183.000   100.000   139.000   299.000         *         *     9.663     7.000     6.000     0.000     1.000     0.000     1.000     2.000     3.000     4.000     5.000         *         *   425.460    39.883   -25.657    10.013   152.220    19.892     5.233     3.353
   300.000   340.000   410.000   310.000         *         *         *   129.000   116.000   133.000   127.000   160.000   127.000   109.000    11.749     5.000    -3.000     0.000     0.000     0.000     1.000     2.000     3.000     4.000     5.000     6.000     7.000   397.213    39.710   -23.094     9.997   111.942    19.470     5.105     3.204
   450.000   420.000   410.000         *         *         *         *   144.000   121.000   123.000   148.000         *         *         *     8.308    13.000     2.000     0.000     0.000     1.000     1.000     2.000     3.000     4.000         *         *         *   495.690    40.888   -36.726    10.264   137.713    20.651    -5.196     3.386
   500.000   500.000   460.000   380.000         *         *         *   108.000    94.000   121.000    80.000    69.000    68.000         *     1.907     7.000     0.000     0.000     1.000     0.000     1.000     2.000     3.000     4.000     5.000     6.000         *   530.057    39.818   -29.338    10.010    96.518    19.574    -0.072     3.294
   400.000   540.000   530.000   450.000         *         *         *    74.000   109.000   121.000   159.000    80.000         *         *     7.613    13.000     3.000     0.000     0.000     0.000     1.000     2.000     3.000     4.000     5.000         *         *   543.172    39.883   -28.335    10.013    82.936    19.892     7.281     3.353
   350.000   340.000   300.000   280.000         *         *         *   175.000   128.000   127.000    93.000    83.000         *         *    14.597     7.000   -13.000     0.000     1.000     1.000     1.000     2.000     3.000     4.000     5.000         *         *   382.926    39.883   -27.983    10.013   166.724    19.892   -14.945     3.353
   550.000         *         *         *         *         *         *   118.000   144.000         *         *         *         *         *     1.729     7.000     1.000     0.000     1.000     0.000     1.000     2.000         *         *         *         *         *   551.602    55.510   -32.013    10.414   125.924    24.418     0.493     3.433
   380.000   380.000         *         *         *         *         *   209.000   240.000   270.000   300.000   300.000         *         *    14.701     1.000     2.000     0.000     0.000     0.000     1.000     2.000     3.000     4.000     5.000         *         *   419.950    44.529   -33.447    10.308   227.766    19.948     6.059     3.358
   510.000   480.000   680.000   540.000   450.000         *         *    87.000    84.000    89.000    82.000   180.000   100.000         *    14.638     7.000     8.000     0.000     1.000     0.000     1.000     2.000     3.000     4.000     5.000     6.000     7.000   559.416    39.751   -13.928     9.502    90.870    19.455     5.332     3.278
   410.000   260.000         *   240.000   210.000   210.000   200.000    51.000    98.000    83.000   119.000   109.000    95.000   120.000    15.585    11.000    -4.000     0.000     0.000     0.000     1.000     2.000     3.000     4.000     5.000     6.000     7.000   369.083    41.552   -26.625     8.057    76.012    19.018     6.547     3.135
   250.000   160.000   150.000         *         *         *         *   166.000   133.000   115.000   163.000         *         *         *    14.920     3.000    -5.000     0.000     0.000     0.000     1.000     2.000     3.000     4.000         *         *         *   244.641    40.888   -21.546    10.264   133.132    20.651     6.681     3.386
   440.000   320.000         *         *         *         *         *   114.000    79.000    91.000    87.000         *         *         *    12.768     9.000    11.000     0.000     1.000     0.000     1.000     2.000     3.000     4.000         *         *         *   404.267    44.574   -11.989    10.309    81.082    20.658     8.299     3.387
   450.000   350.000   350.000   400.000         *         *         *   105.000    94.000   277.000    86.000    91.000    88.000         *     8.500    11.000    -7.000     0.000     1.000     0.000     1.000     2.000     3.000     4.000     5.000     6.000     7.000   457.555    39.818   -28.696    10.010   124.091    19.574    -1.435     3.294
   680.000   850.000   550.000         *         *         *         *   130.000   114.380    72.000    58.000   103.000         *   233.000    -0.379     6.000     3.000     0.000     1.000     0.000     1.000     2.000     3.000     4.000     5.000     6.000     7.000   735.633    40.718   -38.343    10.250   117.605    19.772     0.274     3.244
   270.000   380.000         *         *         *         *         *    94.000    96.000   116.000   107.000   141.000   206.000         *    10.348    11.000   -13.000     0.000     0.000     0.000     1.000     2.000     3.000     4.000     5.000     6.000         *   368.149    44.442   -31.080    10.306   107.660    19.626     4.118     3.299
   500.000   450.000   410.000   360.000   310.000   300.000         *   148.000   119.000   127.000   168.000   121.000   164.000   154.000    15.290    11.000     3.000     0.000     0.000     0.000     1.000     2.000     3.000     4.000     5.000     6.000     7.000   510.674    39.559   -35.453     8.772   118.867    19.174     5.801     3.158
   300.000         *         *         *         *         *         *   192.000   265.000         *         *         *         *         *     5.899     3.000    13.000     0.000     1.000     1.000     1.000     2.000     3.000         *         *         *         *   341.649    55.510   -17.887    10.414   204.594    24.418    -3.644     3.433
   200.000   280.000   210.000   200.000   164.000   254.000   210.000   141.000   243.000   134.000   188.000   300.000   138.000   300.000     9.255    -1.000    11.000     0.000     0.000     0.000     1.000     2.000     3.000     4.000     5.000     6.000     7.000   262.136    39.112    -9.952     7.947   148.500    18.977    14.056     3.122
   580.000   520.000   500.000         *         *         *         *   116.000         *   140.000   164.000   194.000         *         *     6.047     9.000    -3.000     0.000     0.000     0.000     1.000     2.000     3.000     4.000     5.000     6.000         *   602.288    41.030   -43.574    10.350   135.875    21.753     2.603     3.394
   380.000   350.000   280.000   240.000         *         *         *    69.000   125.000   123.000   180.000   189.000   156.000         *    17.181     7.000    -9.000     1.000     0.000     0.000     1.000     2.000     3.000     4.000     5.000     6.000         *   384.963    39.818   -30.835    10.010   118.657    19.574     7.316     3.294
   300.000   200.000   200.000         *         *         *         *    62.000    87.000    85.000    85.000         *         *         *    18.821     9.000    -8.000     0.000     1.000     0.000     1.000     2.000     3.000     4.000         *         *         *   265.933    40.888   -12.677    10.264    84.628    20.651     2.942     3.386
   380.000   530.000   400.000         *         *         *         *   131.000   193.000   193.000   300.000         *         *         *     6.931     5.000    11.000     0.000     0.000     0.000     1.000     2.000     3.000     4.000         *         *         *   486.866    40.888   -28.728    10.264   162.051    20.651    10.471     3.386
   210.000   200.000   200.000         *         *         *         *   153.000   300.000   123.000   144.000         *         *         *    10.118     5.000    -9.000     1.000     0.000     0.000     1.000     2.000     3.000     4.000         *         *         *   279.688    40.888   -30.640    10.264   158.596    20.651     6.333     3.386
   400.000   300.000   300.000   280.000   280.000   300.000   280.000   126.000   177.000   191.000   172.000   140.000   143.000   139.000     3.533     9.000     1.000     1.000     1.000     0.000     1.000     2.000     3.000     4.000     5.000     6.000     7.000   394.604    39.112   -21.791     7.947   128.129    18.977     5.648     3.122
   350.000         *         *         *         *         *         *   300.000   300.000         *         *         *         *         *     9.518     5.000    -1.000     1.000     1.000     0.000     1.000     2.000         *         *         *         *         *   397.994    55.510   -35.396    10.414   240.549    24.418     1.830     3.433
   250.000   240.000   370.000   320.000         *   300.000         *   135.000   108.000   126.000    69.000    94.000   117.000   268.000    14.101    13.000     4.000     1.000     1.000     0.000     1.000     2.000     3.000     4.000     5.000     6.000     7.000   316.018    39.670    -6.330     8.987    82.480    19.219    11.584     3.163
   550.000   520.000         *   480.000   440.000   400.000         *   203.000   245.000   144.000   183.000   152.000   153.000   259.000     7.175     7.000     1.000     1.000     1.000     0.000     1.000     2.000     3.000     4.000     5.000     6.000     7.000   585.645    41.809   -33.464     8.827   173.529    19.201     2.317     3.167
   270.000   250.000   230.000   200.000   160.000   120.000   110.000   154.000   162.000   134.000   105.000   166.000   121.000   159.000    13.869     5.000    -1.000     1.000     1.000     1.000     1.000     2.000     3.000     4.000     5.000     6.000     7.000   285.593    39.112   -22.611     7.947   164.859    18.977    -4.758     3.122
   300.000         *         *   240.000   220.000         *         *   110.000   101.000   130.000   127.000   133.000   230.000   300.000     3.506    10.000     4.000     0.000     1.000     0.000     1.000     2.000     3.000     4.000     5.000     6.000     7.000   313.148    47.814   -16.308     9.794   112.143    19.485    10.207     3.232
   310.000   260.000   220.000   200.000   210.000   200.000         *   136.000   126.000   218.000   158.000   183.000   152.000   115.000     9.264     3.000     5.000     0.000     1.000     0.000     1.000     2.000     3.000     4.000     5.000     6.000     7.000   302.162    39.559   -17.036     8.772   138.710    19.174     4.823     3.158
   480.000   310.000   280.000   260.000         *   280.000         *   128.000   101.000    90.000   300.000   116.000   190.000   103.000    10.731    13.000     6.000     0.000     0.000     0.000     1.000     2.000     3.000     4.000     5.000     6.000     7.000   427.843    39.670   -30.591     8.987   107.552    19.219     8.810     3.163
   250.000         *   220.000   200.000         *         *         *    94.000    64.000   108.000   114.000    94.000         *         *    12.908     5.000    -3.000     0.000     1.000     0.000     1.000     2.000     3.000     4.000     5.000         *         *   262.066    44.676   -10.156    10.164    91.756    19.950     4.681     3.381
   300.000   260.000   240.000         *         *         *         *    91.000    83.000   140.000   104.000         *         *         *    14.107    11.000    -3.000     0.000     0.000     0.000     1.000     2.000     3.000     4.000         *         *         *   324.111    40.888   -23.365    10.264    87.640    20.651     7.869     3.386
   380.000   300.000   160.000   150.000   150.000         *         *    50.000    47.000    58.000    58.000    72.000    69.000         *     6.704    11.000    -4.000     0.000     0.000     0.000     1.000     2.000     3.000     4.000     5.000     6.000         *   338.846    39.751   -32.655     9.502    49.293    19.455     6.405     3.278
   160.000         *         *         *         *         *         *   102.000    80.000         *         *         *         *         *     5.896     5.000    -2.000     0.000     1.000     1.000     1.000     2.000         *         *         *         *         *   213.778    55.510    -9.099    10.414   115.737    24.418    -5.308     3.433
   520.000   450.000   400.000   400.000   400.000         *         *    93.000    66.000    54.000    95.000    88.000   107.000         *     6.865     2.000     0.000     0.000     1.000     0.000     1.000     2.000     3.000     4.000     5.000     6.000         *   487.023    39.751   -20.231     9.502    90.720    19.455     1.895     3.278
   380.000   360.000         *         *         *         *         *    97.000   105.000    87.000         *         *         *         *     6.211    12.000    18.000     1.000     1.000     0.000     1.000     2.000     3.000         *         *         *         *   400.743    44.588   -11.354    10.324    69.376    22.004    15.039     3.395
   640.000   580.000         *         *         *         *         *    90.000    75.000    92.000   106.000         *         *         *     3.678     5.000    -1.000     0.000     1.000     0.000     1.000     2.000     3.000     4.000         *         *         *   623.705    44.574   -31.930    10.309   103.835    20.658    -0.912     3.387
   420.000   360.000   320.000   300.000         *         *         *    75.000    76.000    84.000    87.000    69.000   110.000         *     6.257     8.000     8.000     0.000     1.000     0.000     1.000     2.000     3.000     4.000     5.000     6.000         *   396.645    39.818   -16.013    10.010    68.567    19.574     6.947     3.294
   220.000   200.000         *         *         *         *         *    77.000   105.000   100.000         *         *         *         *     6.621     5.000    11.000     0.000     1.000     0.000     1.000     2.000     3.000         *         *         *         *   239.690    44.588    -1.400    10.324    81.383    22.004    11.821     3.395
   410.000   360.000   320.000         *         *         *         *    98.000   130.000    96.000   101.000         *         *         *     3.446     6.000    -1.000     0.000     1.000     0.000     1.000     2.000     3.000     4.000         *         *         *   411.629    40.888   -22.770    10.264   105.495    20.651     2.421     3.386
   460.000   410.000         *         *         *         *         *    83.000    97.000    86.000         *         *         *         *     3.667    12.000    -6.000     0.000     0.000     0.000     1.000     2.000     3.000         *         *         *         *   490.453    44.588   -37.666    10.324    83.048    22.004     3.505     3.395
   420.000   400.000   400.000   400.000         *         *         *    84.000   180.000    60.000    95.000   140.000         *         *     6.879     9.000     6.000     0.000     1.000     0.000     1.000     2.000     3.000     4.000     5.000         *         *   448.288    39.883   -18.063    10.013    96.462    19.892     5.405     3.353
   520.000   500.000         *         *         *         *         *    62.000    76.000    63.290    57.000         *         *         *     8.010     9.000    -5.000     0.000     0.000     0.000     1.000     2.000     3.000     4.000         *         *         *   544.627    44.574   -34.482    10.309    70.300    20.658     3.193     3.387
   500.000   500.000         *         *         *         *         *    86.000   106.000    78.000         *         *         *         *     0.637     5.000    -7.000     0.000     1.000     0.000     1.000     2.000     3.000         *         *         *         *   527.479    44.588   -30.578    10.324   104.881    22.004    -1.950     3.395
   520.000   500.000         *         *         *         *         *   228.000   300.000   144.000         *         *         *         *     9.154     8.000     8.000     0.000     1.000     0.000     1.000     2.000     3.000         *         *         *         *   555.569    44.588   -34.334    10.324   193.548    22.004     1.133     3.395
   450.000   482.000         *         *         *         *         *   106.000    87.000    87.000         *         *         *         *     0.965     7.000    -2.000     0.000     0.000     0.000     1.000     2.000     3.000         *         *         *         *   511.271    44.588   -34.532    10.324    91.704    22.004     4.581     3.395
   360.000         *         *         *         *         *         *    55.000    64.450         *         *         *         *         *    15.665    10.000    -1.000     0.000     1.000     0.000     1.000     2.000         *         *         *         *         *   369.383    55.510   -13.013    10.414    73.719    24.418     4.776     3.433
   250.000   250.000         *         *         *         *         *   153.000   168.000   213.000         *         *         *         *     8.094     7.000   -21.000     0.000     1.000     0.000     1.000     2.000     3.000         *         *         *         *   305.449    44.588   -32.084    10.324   171.265    22.004    -5.479     3.395
   250.000         *         *         *         *         *         *   119.000   134.000         *         *         *         *         *     3.060     8.000    -7.000     0.000     1.000     2.000     1.000     2.000         *         *         *         *         *   294.493    55.510   -23.460    10.414   158.907    24.418   -21.280     3.433
   300.000         *         *         *         *         *         *    96.000    86.000    85.000         *         *         *         *     4.010     7.000     8.000     1.000     1.000     0.000     1.000     2.000     3.000         *         *         *         *   339.555    55.504   -11.135    10.361    77.745    22.015    11.613     3.433
   320.000   300.000         *         *         *         *         *    81.000    69.000    57.000         *         *         *         *     1.578    11.000    -8.000     0.000     1.000     0.000     1.000     2.000     3.000         *         *         *         *   357.011    44.588   -22.392    10.324    72.101    22.004     1.389     3.395
   300.000   300.000         *         *         *         *         *    81.000    96.000   110.000         *         *         *         *     2.630     9.000     3.000     1.000     1.000     0.000     1.000     2.000     3.000         *         *         *         *   338.116    44.588   -16.060    10.324    82.042    22.004     9.524     3.395
   400.000   360.000         *         *         *         *         *   111.000   155.000   216.000         *         *         *         *     4.609    -1.000     3.000     1.000     1.000     0.000     1.000     2.000     3.000         *         *         *         *   401.602    44.588   -20.148    10.324   151.983    22.004     6.945     3.395
   460.000         *         *         *         *         *         *   125.000   175.000   221.000         *         *         *         *    15.290    12.000     5.000     0.000     0.000     0.000     1.000     2.000     3.000         *         *         *         *   481.542    55.504   -33.387    10.361   140.104    22.015     7.539     3.433
   200.000         *         *         *         *         *         *   300.000   132.000         *         *         *         *         *     1.357     5.000    -9.000     0.000     1.000     0.000     1.000     2.000         *         *         *         *         *   288.951    55.510   -28.546    10.414   183.425    24.418    -1.520     3.433
   280.000         *         *         *         *         *         *   147.000    85.000         *         *         *         *         *     0.946     5.000    -1.000     0.000     1.000     0.000     1.000     2.000         *         *         *         *         *   332.576    55.510   -18.122    10.414   112.578    24.418     3.769     3.433
   300.000         *         *         *         *         *         *    98.000   102.000         *         *         *         *         *     0.760     9.000   -10.000     1.000     0.000     0.000     1.000     2.000         *         *         *         *         *   361.019    55.510   -34.001    10.414    93.765    24.418     6.817     3.433
   580.000         *         *         *         *         *         *    72.000    78.000         *         *         *         *         *     1.570    13.000     8.000     0.000     0.000     0.000     1.000     2.000         *         *         *         *         *   596.649    55.510   -35.722    10.414    66.304    24.418     8.193     3.433
