   300.000         *         *         *         *         *         *    26.566    26.566         *         *         *         *         *     2.687    11.000     8.000     1.000     1.000     0.000     1.000     2.000         *         *         *         *         *   352.908    56.111   -17.154    11.819    26.797     0.375     0.045     0.076
   550.000   300.000   600.000   450.000   530.000   510.000   460.000    28.000    27.283    28.000    28.000    27.283    28.000    28.000    10.712     9.000     8.000     0.000     0.000     0.000     1.000     2.000     3.000     4.000     5.000     6.000     7.000   512.574    38.689    -8.960     7.927    27.716     0.259     0.013     0.047
   400.000         *         *         *         *         *         *    27.283    26.566         *         *         *         *         *    15.259    13.000     3.000     1.000     0.000     1.000     1.000     2.000         *         *         *         *         *   425.584    56.111   -30.122    11.819    27.258     0.375    -0.109     0.076
   300.000         *   540.000   170.000         *         *         *    26.566    22.981    26.566    25.132    27.283    26.566         *     0.856     6.000     6.000     0.000     0.000     0.000     1.000     2.000     3.000     4.000     5.000     6.000         *   419.642    44.282   -29.366    10.173    26.334     0.270    -0.059     0.056
   450.000   350.000         *         *         *         *         *    27.283    27.283    26.566    28.000    28.000    28.000         *    13.819    13.000    -8.000     0.000     0.000     0.000     1.000     2.000     3.000     4.000     5.000     6.000         *   440.957    44.355   -30.509    10.315    27.720     0.269    -0.058     0.056
   850.000   570.000   580.000   500.000   470.000   420.000   260.000    25.849    28.000    27.283    26.566    25.132    28.000    23.698     2.605    11.000    13.000     1.000     0.000     0.000     1.000     2.000     3.000     4.000     5.000     6.000     7.000   755.843    38.689   -59.890     7.927    27.334     0.259    -0.257     0.047
   470.000         *   460.000   450.000         *         *         *    28.000    27.283    27.283    27.283    28.000         *         *     1.272     9.000    -2.000     0.000     1.000     0.000     1.000     2.000     3.000     4.000     5.000         *         *   515.363    44.836   -24.899    10.511    27.343     0.281     0.049     0.060
   410.000         *   450.000         *         *         *   410.000    27.283    26.566    28.000    25.849    26.566    27.283    26.566     9.091    10.000     8.000     0.000     1.000     1.000     1.000     2.000     3.000     4.000     5.000     6.000     7.000   462.277    46.087   -14.374     8.606    26.934     0.262     0.000     0.049
   300.000   450.000   300.000         *         *   250.000         *    27.283    27.283    28.000    28.000    28.000    28.000    27.283     1.737    13.000    14.000     0.000     1.000     0.000     1.000     2.000     3.000     4.000     5.000     6.000     7.000   380.676    40.209   -14.628     8.888    27.404     0.261     0.058     0.049
   450.000   550.000   450.000   480.000   400.000   350.000   280.000    28.000    28.000    26.566    25.849    26.566    28.000    28.000    15.065     5.000    -6.000     1.000     1.000     0.000     1.000     2.000     3.000     4.000     5.000     6.000     7.000   527.026    38.689   -28.664     7.927    27.247     0.259    -0.019     0.047
   450.000   600.000   500.000   340.000   300.000   250.000   220.000    25.849    28.000    28.000    28.000    25.132    27.283    26.566    10.156     5.000     0.000     0.000     1.000     1.000     1.000     2.000     3.000     4.000     5.000     6.000     7.000   535.193    38.689   -39.966     7.927    27.095     0.259    -0.066     0.047
   450.000   210.000   300.000   250.000   240.000         *         *    27.283    27.283    27.283    25.849    25.849    27.283    26.566    16.352    10.000    -2.000     0.000     1.000     0.000     1.000     2.000     3.000     4.000     5.000     6.000     7.000   372.305    39.046   -25.943     9.289    26.988     0.262    -0.059     0.050
   400.000   480.000   450.000   450.000   400.000   350.000   260.000    25.849    28.000    28.000    28.000    28.000    28.000    25.849     4.374     6.000     0.000     1.000     1.000     1.000     1.000     2.000     3.000     4.000     5.000     6.000     7.000   492.129    38.689   -25.002     7.927    27.096     0.259     0.052     0.047
   400.000   470.000   320.000   260.000         *         *         *    26.566    27.283    26.566    27.283    25.132         *         *     9.663     7.000     6.000     0.000     1.000     0.000     1.000     2.000     3.000     4.000     5.000         *         *   435.240    40.139   -28.725    10.361    26.735     0.281    -0.065     0.059
   300.000   340.000   410.000   310.000         *         *         *    25.849    25.849    25.849    26.566    26.566    28.000    25.132    11.749     5.000    -3.000     0.000     0.000     0.000     1.000     2.000     3.000     4.000     5.000     6.000     7.000   404.563    39.169   -25.922     9.725    26.650     0.263    -0.063     0.051
   450.000   420.000   410.000         *         *         *         *    25.849    28.000    26.566    27.283         *         *         *     8.308    13.000     2.000     0.000     0.000     1.000     1.000     2.000     3.000     4.000         *         *         *   490.993    41.443   -33.253    10.973    27.299     0.299    -0.095     0.065
   500.000   500.000   460.000   380.000         *         *         *    26.566    28.000    28.000    28.000    27.283    28.000         *     1.907     7.000     0.000     0.000     1.000     0.000     1.000     2.000     3.000     4.000     5.000     6.000         *   516.754    39.663   -26.105    10.037    27.351     0.269     0.050     0.055
   400.000   540.000   530.000   450.000         *         *         *    27.283    26.566    26.566    27.283    27.283         *         *     7.613    13.000     3.000     0.000     0.000     0.000     1.000     2.000     3.000     4.000     5.000         *         *   544.652    40.139   -28.750    10.361    27.403     0.281    -0.092     0.059
   350.000   340.000   300.000   280.000         *         *         *    25.132    27.283    27.283    28.000    27.283         *         *    14.597     7.000   -13.000     0.000     1.000     1.000     1.000     2.000     3.000     4.000     5.000         *         *   373.907    40.139   -25.120    10.361    26.947     0.281     0.027     0.059
   550.000         *         *         *         *         *         *    27.283    27.283         *         *         *         *         *     1.729     7.000     1.000     0.000     1.000     0.000     1.000     2.000         *         *         *         *         *   550.619    56.111   -31.596    11.819    27.098     0.375    -0.007     0.076
   380.000   380.000         *         *         *         *         *    28.000    26.566    27.283    27.283    27.283         *         *    14.701     1.000     2.000     0.000     0.000     0.000     1.000     2.000     3.000     4.000     5.000         *         *   402.885    44.679   -20.223    10.663    27.156     0.281    -0.017     0.060
   510.000   480.000   680.000   540.000   450.000         *         *    27.283    28.000    28.000    27.283    27.283    26.566    28.000    14.638     7.000     8.000     0.000     1.000     0.000     1.000     2.000     3.000     4.000     5.000     6.000     7.000   560.753    39.046   -14.722     9.289    27.447     0.262    -0.015     0.050
   410.000   260.000         *   240.000   210.000   210.000   200.000    28.000    27.283    28.000    26.566    27.283    28.000    28.000    15.585    11.000    -4.000     0.000     0.000     0.000     1.000     2.000     3.000     4.000     5.000     6.000     7.000   364.897    41.020   -25.760     8.028    27.669     0.260    -0.039     0.048
   250.000   160.000   150.000         *         *         *         *    28.000    27.283    27.283    28.000         *         *         *    14.920     3.000    -5.000     0.000     0.000     0.000     1.000     2.000     3.000     4.000         *         *         *   230.986    41.443   -15.732    10.973    27.248     0.299     0.055     0.065
   440.000   320.000         *         *         *         *         *    27.283    26.566    28.000    27.283         *         *         *    12.768     9.000    11.000     0.000     1.000     0.000     1.000     2.000     3.000     4.000         *         *         *   404.689    44.967   -12.679    11.025    27.190     0.300     0.004     0.065
   450.000   350.000   350.000   400.000         *         *         *    28.000    27.283    28.000    28.000    27.283    27.283    26.566     8.500    11.000    -7.000     0.000     1.000     0.000     1.000     2.000     3.000     4.000     5.000     6.000     7.000   452.132    39.169   -28.309     9.725    27.397     0.263    -0.001     0.051
   680.000   850.000   550.000         *         *         *         *    28.000    27.283    28.000    28.000    27.283    28.000    27.283    -0.379     6.000     3.000     0.000     1.000     0.000     1.000     2.000     3.000     4.000     5.000     6.000     7.000   735.013    40.261   -36.607     9.942    27.595     0.263    -0.019     0.052
   270.000   380.000         *         *         *         *         *    28.000    28.000    28.000    28.000    28.000    28.000         *    10.348    11.000   -13.000     0.000     0.000     0.000     1.000     2.000     3.000     4.000     5.000     6.000         *   365.307    44.355   -26.352    10.315    27.797     0.269     0.025     0.056
   500.000   450.000   410.000   360.000   310.000   300.000         *    27.283    25.849    25.132    25.849    26.566    28.000    25.132    15.290    11.000     3.000     0.000     0.000     0.000     1.000     2.000     3.000     4.000     5.000     6.000     7.000   515.845    39.012   -37.351     8.663    27.089     0.261    -0.183     0.049
   300.000         *         *         *         *         *         *    25.132    24.415    25.132         *         *         *         *     5.899     3.000    13.000     0.000     1.000     1.000     1.000     2.000     3.000         *         *         *         *   350.026    55.961   -21.260    11.439    25.585     0.330    -0.048     0.070
   200.000   280.000   210.000   200.000   164.000   254.000   210.000    28.000    27.283    27.283    28.000    28.000    27.283    28.000     9.255    -1.000    11.000     0.000     0.000     0.000     1.000     2.000     3.000     4.000     5.000     6.000     7.000   239.034    38.689    -4.102     7.927    27.084     0.259     0.109     0.047
   580.000   520.000   500.000         *         *         *         *    25.849    25.849    25.132    24.415    25.849    22.264         *     6.047     9.000    -3.000     0.000     0.000     0.000     1.000     2.000     3.000     4.000     5.000     6.000         *   649.016    40.679   -62.918    10.271    26.236     0.269    -0.312     0.056
   380.000   350.000   280.000   240.000         *         *         *    26.566    27.283    27.283    27.283    27.283    23.698         *    17.181     7.000    -9.000     1.000     0.000     0.000     1.000     2.000     3.000     4.000     5.000     6.000         *   411.727    39.663   -41.049    10.037    26.992     0.269    -0.138     0.055
   300.000   200.000   200.000         *         *         *         *    27.283    26.566    27.283    26.566         *         *         *    18.821     9.000    -8.000     0.000     1.000     0.000     1.000     2.000     3.000     4.000         *         *         *   283.202    41.443   -21.130    10.973    26.937     0.299    -0.013     0.065
   380.000   530.000   400.000         *         *         *         *    26.566    28.000    25.849    25.849         *         *         *     6.931     5.000    11.000     0.000     0.000     0.000     1.000     2.000     3.000     4.000         *         *         *   487.576    41.443   -27.076    10.973    26.835     0.299    -0.089     0.065
   210.000   200.000   200.000         *         *         *         *    27.283    28.000    28.000    28.000         *         *         *    10.118     5.000    -9.000     1.000     0.000     0.000     1.000     2.000     3.000     4.000         *         *         *   247.797    41.443   -17.928    10.973    27.365     0.299     0.096     0.065
   400.000   300.000   300.000   280.000   280.000   300.000   280.000    27.283    25.849    26.566    28.000    25.849    28.000    27.283     3.533     9.000     1.000     1.000     1.000     0.000     1.000     2.000     3.000     4.000     5.000     6.000     7.000   382.646    38.689   -18.947     7.927    26.814     0.259     0.059     0.047
   350.000         *         *         *         *         *         *    25.132    25.849         *         *         *         *         *     9.518     5.000    -1.000     1.000     1.000     0.000     1.000     2.000         *         *         *         *         *   388.138    56.111   -29.201    11.819    26.120     0.375    -0.049     0.076
   250.000   240.000   370.000   320.000         *   300.000         *    27.283    27.283    28.000    28.000    28.000    28.000    28.000    14.101    13.000     4.000     1.000     1.000     0.000     1.000     2.000     3.000     4.000     5.000     6.000     7.000   306.073    39.163    -2.718     8.852    27.433     0.261     0.089     0.049
   550.000   520.000         *   480.000   440.000   400.000         *    28.000    27.283    26.566    27.283    27.283    27.283    26.566     7.175     7.000     1.000     1.000     1.000     0.000     1.000     2.000     3.000     4.000     5.000     6.000     7.000   567.715    41.182   -28.802     8.712    27.178     0.261    -0.020     0.049
   270.000   250.000   230.000   200.000   160.000   120.000   110.000    25.849    26.566    25.849    26.566    25.849    25.849    25.132    13.869     5.000    -1.000     1.000     1.000     1.000     1.000     2.000     3.000     4.000     5.000     6.000     7.000   306.544    38.689   -27.662     7.927    26.185     0.259    -0.042     0.047
   300.000         *         *   240.000   220.000         *         *    28.000    27.283    28.000    27.283    28.000    28.000    27.283     3.506    10.000     4.000     0.000     1.000     0.000     1.000     2.000     3.000     4.000     5.000     6.000     7.000   323.382    46.849   -16.441     9.549    27.264     0.265     0.083     0.052
   310.000   260.000   220.000   200.000   210.000   200.000         *    26.566    25.849    25.849    25.849    26.566    23.698    25.849     9.264     3.000     5.000     0.000     1.000     0.000     1.000     2.000     3.000     4.000     5.000     6.000     7.000   323.695    39.012   -23.498     8.663    26.008     0.261    -0.045     0.049
   480.000   310.000   280.000   260.000         *   280.000         *    26.566    26.566    26.566    26.566    25.849    25.849    25.132    10.731    13.000     6.000     0.000     0.000     0.000     1.000     2.000     3.000     4.000     5.000     6.000     7.000   440.338    39.163   -35.287     8.852    26.937     0.261    -0.168     0.049
   250.000         *   220.000   200.000         *         *         *    28.000    28.000    28.000    27.283    28.000         *         *    12.908     5.000    -3.000     0.000     1.000     0.000     1.000     2.000     3.000     4.000     5.000         *         *   257.684    44.836    -9.405    10.511    27.265     0.281     0.116     0.060
   300.000   260.000   240.000         *         *         *         *    28.000    25.849    25.132    24.415         *         *         *    14.107    11.000    -3.000     0.000     0.000     0.000     1.000     2.000     3.000     4.000         *         *         *   356.233    41.443   -38.295    10.973    26.555     0.299    -0.178     0.065
   380.000   300.000   160.000   150.000   150.000         *         *    28.000    27.283    27.283    28.000    27.283    27.283         *     6.704    11.000    -4.000     0.000     0.000     0.000     1.000     2.000     3.000     4.000     5.000     6.000         *   344.272    39.573   -35.184     9.564    27.513     0.269    -0.032     0.054
   160.000         *         *         *         *         *         *    27.283    27.283         *         *         *         *         *     5.896     5.000    -2.000     0.000     1.000     1.000     1.000     2.000         *         *         *         *         *   211.253    56.111    -8.315    11.819    26.850     0.375     0.161     0.076
   520.000   450.000   400.000   400.000   400.000         *         *    25.849    25.849    25.849    25.132    24.415    26.566         *     6.865     2.000     0.000     0.000     1.000     0.000     1.000     2.000     3.000     4.000     5.000     6.000         *   530.838    39.573   -33.963     9.564    26.082     0.269    -0.088     0.054
   380.000   360.000         *         *         *         *         *    26.566    28.000    27.283         *         *         *         *     6.211    12.000    18.000     1.000     1.000     0.000     1.000     2.000     3.000         *         *         *         *   395.125    45.202    -9.362    11.396    27.201     0.329     0.041     0.070
   640.000   580.000         *         *         *         *         *    25.132    25.849    25.132    21.547         *         *         *     3.678     5.000    -1.000     0.000     1.000     0.000     1.000     2.000     3.000     4.000         *         *         *   677.380    44.967   -61.956    11.025    25.576     0.300    -0.282     0.065
   420.000   360.000   320.000   300.000         *         *         *    26.566    28.000    28.000    28.000    28.000    28.000         *     6.257     8.000     8.000     0.000     1.000     0.000     1.000     2.000     3.000     4.000     5.000     6.000         *   387.187    39.663   -13.462    10.037    27.362     0.269     0.079     0.055
   220.000   200.000         *         *         *         *         *    25.132    27.283    27.283         *         *         *         *     6.621     5.000    11.000     0.000     1.000     0.000     1.000     2.000     3.000         *         *         *         *   247.195    45.202    -4.698    11.396    26.521     0.329     0.094     0.070
   410.000   360.000   320.000         *         *         *         *    28.000    26.566    28.000    28.000         *         *         *     3.446     6.000    -1.000     0.000     1.000     0.000     1.000     2.000     3.000     4.000         *         *         *   404.172    41.443   -20.137    10.973    27.222     0.299     0.087     0.065
   460.000   410.000         *         *         *         *         *    27.283    28.000    27.283         *         *         *         *     3.667    12.000    -6.000     0.000     0.000     0.000     1.000     2.000     3.000         *         *         *         *   488.576    45.202   -37.650    11.396    27.560     0.329    -0.052     0.070
   420.000   400.000   400.000   400.000         *         *         *    27.283    27.283    27.283    28.000    28.000         *         *     6.879     9.000     6.000     0.000     1.000     0.000     1.000     2.000     3.000     4.000     5.000         *         *   437.827    40.139   -14.155    10.361    27.330     0.281     0.056     0.059
   520.000   500.000         *         *         *         *         *    26.566    28.000    27.283    27.283         *         *         *     8.010     9.000    -5.000     0.000     0.000     0.000     1.000     2.000     3.000     4.000         *         *         *   550.875    44.967   -39.032    11.025    27.453     0.300    -0.092     0.065
   500.000   500.000         *         *         *         *         *    28.000    28.000    28.000         *         *         *         *     0.637     5.000    -7.000     0.000     1.000     0.000     1.000     2.000     3.000         *         *         *         *   521.744    45.202   -29.145    11.396    27.432     0.329     0.076     0.070
   520.000   500.000         *         *         *         *         *    26.566    27.283    25.849         *         *         *         *     9.154     8.000     8.000     0.000     1.000     0.000     1.000     2.000     3.000         *         *         *         *   536.965    45.202   -28.343    11.396    26.818     0.329    -0.085     0.070
   450.000   482.000         *         *         *         *         *    28.000    28.000    27.283         *         *         *         *     0.965     7.000    -2.000     0.000     0.000     0.000     1.000     2.000     3.000         *         *         *         *   504.415    45.202   -32.741    11.396    27.510     0.329    -0.003     0.070
   360.000         *         *         *         *         *         *    24.415    28.000         *         *         *         *         *    15.665    10.000    -1.000     0.000     1.000     0.000     1.000     2.000         *         *         *         *         *   399.389    56.111   -24.137    11.819    26.724     0.375    -0.067     0.076
   250.000   250.000         *         *         *         *         *    23.698    25.849    23.698         *         *         *         *     8.094     7.000   -21.000     0.000     1.000     0.000     1.000     2.000     3.000         *         *         *         *   336.167    45.202   -47.745    11.396    25.499     0.329    -0.122     0.070
   250.000         *         *         *         *         *         *    28.000    28.000         *         *         *         *         *     3.060     8.000    -7.000     0.000     1.000     2.000     1.000     2.000         *         *         *         *         *   282.213    56.111   -15.268    11.819    27.303     0.375     0.175     0.076
   300.000         *         *         *         *         *         *    28.000    28.000    28.000         *         *         *         *     4.010     7.000     8.000     1.000     1.000     0.000     1.000     2.000     3.000         *         *         *         *   327.782    55.961    -6.462    11.439    27.355     0.330     0.151     0.070
   320.000   300.000         *         *         *         *         *    26.566    28.000    26.566         *         *         *         *     1.578    11.000    -8.000     0.000     1.000     0.000     1.000     2.000     3.000         *         *         *         *   362.045    45.202   -27.188    11.396    27.010     0.329     0.053     0.070
   300.000   300.000         *         *         *         *         *    25.849    28.000    27.283         *         *         *         *     2.630     9.000     3.000     1.000     1.000     0.000     1.000     2.000     3.000         *         *         *         *   339.631    45.202   -16.779    11.396    26.922     0.329     0.086     0.070
   400.000   360.000         *         *         *         *         *    22.264    26.566    25.132         *         *         *         *     4.609    -1.000     3.000     1.000     1.000     0.000     1.000     2.000     3.000         *         *         *         *   432.722    45.202   -33.692    11.396    25.401     0.329    -0.070     0.070
   460.000         *         *         *         *         *         *    28.000    26.566    26.566         *         *         *         *    15.290    12.000     5.000     0.000     0.000     0.000     1.000     2.000     3.000         *         *         *         *   478.692    55.961   -30.588    11.439    27.359     0.330    -0.144     0.070
   200.000         *         *         *         *         *         *    26.566    25.132         *         *         *         *         *     1.357     5.000    -9.000     0.000     1.000     0.000     1.000     2.000         *         *         *         *         *   268.246    56.111   -25.445    11.819    26.200     0.375     0.064     0.076
   280.000         *         *         *         *         *         *    27.283    26.566         *         *         *         *         *     0.946     5.000    -1.000     0.000     1.000     0.000     1.000     2.000         *         *         *         *         *   325.485    56.111   -18.235    11.819    26.733     0.375     0.100     0.076
   300.000         *         *         *         *         *         *    28.000    27.283         *         *         *         *         *     0.760     9.000   -10.000     1.000     0.000     0.000     1.000     2.000         *         *         *         *         *   353.438    56.111   -31.418    11.819    27.363     0.375     0.053     0.076
   580.000         *         *         *         *         *         *    28.000    26.566         *         *         *         *         *     1.570    13.000     8.000     0.000     0.000     0.000     1.000     2.000         *         *         *         *         *   596.483    56.111   -37.932    11.819    27.490     0.375    -0.115     0.076
