   300.000         *         *         *         *         *         *    16.000    20.000         *         *         *         *         *     2.687    11.000     8.000     1.000     1.000     0.000     1.000     2.000         *         *         *         *         *   363.549    56.374   -25.656     7.304    19.991     3.073    -0.322     0.164
   550.000   300.000   600.000   450.000   530.000   510.000   460.000    43.000    46.000    42.000    43.000    44.000    34.000    39.000    10.712     9.000     8.000     0.000     0.000     0.000     1.000     2.000     3.000     4.000     5.000     6.000     7.000   523.004    34.273   -11.938     5.532    44.471     1.830    -0.752     0.159
   400.000         *         *         *         *         *         *    34.000    38.000         *         *         *         *         *    15.259    13.000     3.000     1.000     0.000     1.000     1.000     2.000         *         *         *         *         *   414.519    56.374   -21.426     7.304    37.007     3.073    -1.563     0.164
   300.000         *   540.000   170.000         *         *         *    25.000    24.000    32.000    29.000    28.000    24.000         *     0.856     6.000     6.000     0.000     0.000     0.000     1.000     2.000     3.000     4.000     5.000     6.000         *   442.390    41.201   -37.310     6.012    25.197     1.996     0.640     0.161
   450.000   350.000         *         *         *         *         *    33.000    28.000    42.000    32.000    28.000    37.000         *    13.819    13.000    -8.000     0.000     0.000     0.000     1.000     2.000     3.000     4.000     5.000     6.000         *   436.249    44.001   -25.623     5.897    35.390     2.016    -0.628     0.162
   850.000   570.000   580.000   500.000   470.000   420.000   260.000    33.000    32.000    20.000    18.000    29.000    16.000    26.000     2.605    11.000    13.000     1.000     0.000     0.000     1.000     2.000     3.000     4.000     5.000     6.000     7.000   733.097    34.273   -53.463     5.532    28.215     1.830    -1.087     0.159
   470.000         *   460.000   450.000         *         *         *    25.000    28.000    29.000    21.000    29.000         *         *     1.272     9.000    -2.000     0.000     1.000     0.000     1.000     2.000     3.000     4.000     5.000         *         *   543.012    41.369   -35.645     6.167    24.450     2.131     0.827     0.162
   410.000         *   450.000         *         *         *   410.000    37.000    44.000    39.000    39.000    43.000    34.000    38.000     9.091    10.000     8.000     0.000     1.000     1.000     1.000     2.000     3.000     4.000     5.000     6.000     7.000   453.869    43.967   -11.824     5.844    39.210     1.859    -0.133     0.160
   300.000   450.000   300.000         *         *   250.000         *    33.000    37.000    29.000    41.000    34.000         *    32.000     1.737    13.000    14.000     0.000     1.000     0.000     1.000     2.000     3.000     4.000     5.000     6.000     7.000   380.078    37.561   -13.796     5.768    34.209     1.972    -0.194     0.160
   450.000   550.000   450.000   480.000   400.000   350.000   280.000    20.000    15.000    16.000    20.000    12.000    22.000    16.000    15.065     5.000    -6.000     1.000     1.000     0.000     1.000     2.000     3.000     4.000     5.000     6.000     7.000   538.166    34.273   -31.326     5.532    18.945     1.830    -0.307     0.159
   450.000   600.000   500.000   340.000   300.000   250.000   220.000    22.000    21.000    22.000    22.000    30.000    24.000    31.000    10.156     5.000     0.000     0.000     1.000     1.000     1.000     2.000     3.000     4.000     5.000     6.000     7.000   545.466    34.273   -42.382     5.532    21.587     1.830     0.689     0.159
   450.000   210.000   300.000   250.000   240.000         *         *    32.000    25.000    25.000    26.000    26.000    24.000    24.000    16.352    10.000    -2.000     0.000     1.000     0.000     1.000     2.000     3.000     4.000     5.000     6.000     7.000   344.102    34.819   -16.056     5.710    27.524     1.881    -0.428     0.160
   400.000   480.000   450.000   450.000   400.000   350.000   260.000    29.000    32.000    38.000    28.000    34.000    28.000    29.000     4.374     6.000     0.000     1.000     1.000     1.000     1.000     2.000     3.000     4.000     5.000     6.000     7.000   487.701    34.273   -23.669     5.532    28.829     1.830     0.430     0.159
   400.000   470.000   320.000   260.000         *         *         *    24.000    12.000    24.000    24.000    24.000         *         *     9.663     7.000     6.000     0.000     1.000     0.000     1.000     2.000     3.000     4.000     5.000         *         *   438.580    36.324   -29.330     5.990    21.564     2.131     0.113     0.161
   300.000   340.000   410.000   310.000         *         *         *    20.000    12.000    24.000    30.000    28.000    24.000    24.000    11.749     5.000    -3.000     0.000     0.000     0.000     1.000     2.000     3.000     4.000     5.000     6.000     7.000   422.774    36.040   -34.892     5.722    23.066     1.897     0.249     0.160
   450.000   420.000   410.000         *         *         *         *    25.000    32.000    32.000    33.000         *         *         *     8.308    13.000     2.000     0.000     0.000     1.000     1.000     2.000     3.000     4.000         *         *         *   506.200    38.992   -42.222     6.202    31.897     2.337    -0.363     0.162
   500.000   500.000   460.000   380.000         *         *         *    15.000    28.000    20.000    28.000    26.000    28.000         *     1.907     7.000     0.000     0.000     1.000     0.000     1.000     2.000     3.000     4.000     5.000     6.000         *   550.988    36.166   -39.406     5.837    21.244     1.996     0.936     0.161
   400.000   540.000   530.000   450.000         *         *         *    24.000    24.000    24.000    24.000    20.000         *         *     7.613    13.000     3.000     0.000     0.000     0.000     1.000     2.000     3.000     4.000     5.000         *         *   587.880    36.324   -47.824     5.990    26.711     2.131    -0.618     0.161
   350.000   340.000   300.000   280.000         *         *         *    43.000    36.000    37.000    46.000    33.000         *         *    14.597     7.000   -13.000     0.000     1.000     1.000     1.000     2.000     3.000     4.000     5.000         *         *   333.365    36.324    -7.718     5.990    35.849     2.131     0.644     0.161
   550.000         *         *         *         *         *         *    28.000    21.000         *         *         *         *         *     1.729     7.000     1.000     0.000     1.000     0.000     1.000     2.000         *         *         *         *         *   557.191    56.374   -36.867     7.304    23.432     3.073     0.874     0.164
   380.000   380.000         *         *         *         *         *    19.000    21.000    30.000    24.000    24.000         *         *    14.701     1.000     2.000     0.000     0.000     0.000     1.000     2.000     3.000     4.000     5.000         *         *   421.425    44.075   -30.459     6.045    23.592     2.153     0.190     0.162
   510.000   480.000   680.000   540.000   450.000         *         *    39.000    39.000    38.000    37.000    28.000    31.000         *    14.638     7.000     8.000     0.000     1.000     0.000     1.000     2.000     3.000     4.000     5.000     6.000     7.000   554.851    34.982   -12.226     5.822    36.832     1.977    -0.597     0.160
   410.000   260.000         *   240.000   210.000   210.000   200.000    24.000    37.000    26.000    22.000    34.000    29.000    20.000    15.585    11.000    -4.000     0.000     0.000     0.000     1.000     2.000     3.000     4.000     5.000     6.000     7.000   369.477    36.758   -26.469     5.632    30.289     1.830    -0.676     0.159
   250.000   160.000   150.000         *         *         *         *    28.000    24.000    21.000    24.000         *         *         *    14.920     3.000    -5.000     0.000     0.000     0.000     1.000     2.000     3.000     4.000         *         *         *   244.154    38.992   -20.504     6.202    23.987     2.337     0.347     0.162
   440.000   320.000         *         *         *         *         *    20.000    24.000    17.000    25.000         *         *         *    12.768     9.000    11.000     0.000     1.000     0.000     1.000     2.000     3.000     4.000         *         *         *   423.204    44.163   -25.254     6.250    23.602     2.346    -0.557     0.162
   450.000   350.000   350.000   400.000         *         *         *    24.000    20.000    24.000    20.000         *         *         *     8.500    11.000    -7.000     0.000     1.000     0.000     1.000     2.000     3.000     4.000     5.000     6.000     7.000   466.601    36.531   -33.573     6.202    22.483     2.319     0.285     0.161
   680.000   850.000   550.000         *         *         *         *    24.000    25.000    12.000    26.000    37.000         *    16.000    -0.379     6.000     3.000     0.000     1.000     0.000     1.000     2.000     3.000     4.000     5.000     6.000     7.000   775.548    38.730   -55.772     5.838    20.312     2.015     0.922     0.161
   270.000   380.000         *         *         *         *         *    47.000    34.000    34.000    39.000    38.000    30.000         *    10.348    11.000   -13.000     0.000     0.000     0.000     1.000     2.000     3.000     4.000     5.000     6.000         *   356.401    44.001   -18.027     5.897    36.546     2.016     0.059     0.162
   500.000   450.000   410.000   360.000   310.000   300.000         *    24.000    22.000    25.000    20.000    23.000    26.000    12.000    15.290    11.000     3.000     0.000     0.000     0.000     1.000     2.000     3.000     4.000     5.000     6.000     7.000   530.072    34.363   -41.634     5.653    26.556     1.858    -1.023     0.159
   300.000         *         *         *         *         *         *    28.000    12.000         *         *         *         *         *     5.899     3.000    13.000     0.000     1.000     1.000     1.000     2.000     3.000         *         *         *         *   353.120    56.374   -28.511     7.304    20.118     3.073     0.834     0.164
   200.000   280.000   210.000   200.000   164.000   254.000   210.000    33.000    33.000    28.000    35.000    38.000    30.000    34.000     9.255    -1.000    11.000     0.000     0.000     0.000     1.000     2.000     3.000     4.000     5.000     6.000     7.000   256.172    34.273    -8.179     5.532    30.561     1.830     0.539     0.159
   580.000   520.000   500.000         *         *         *         *    39.000         *         *    39.000    34.000         *         *     6.047     9.000    -3.000     0.000     0.000     0.000     1.000     2.000     3.000     4.000     5.000     6.000         *   585.158    39.199   -33.340     6.521    35.948     2.652     0.101     0.162
   380.000   350.000   280.000   240.000         *         *         *    25.000    12.000    12.000    20.000    12.000    12.000         *    17.181     7.000    -9.000     1.000     0.000     0.000     1.000     2.000     3.000     4.000     5.000     6.000         *   402.090    36.166   -36.092     5.837    19.029     1.996    -0.764     0.161
   300.000   200.000   200.000         *         *         *         *    25.000    37.000    35.000    23.000         *         *         *    18.821     9.000    -8.000     0.000     1.000     0.000     1.000     2.000     3.000     4.000         *         *         *   250.971    38.992    -4.059     6.202    30.217     2.337    -0.241     0.162
   380.000   530.000   400.000         *         *         *         *    24.000    28.000    16.000    24.000         *         *         *     6.931     5.000    11.000     0.000     0.000     0.000     1.000     2.000     3.000     4.000         *         *         *   513.902    38.992   -40.500     6.202    24.106     2.337    -0.005     0.162
   210.000   200.000   200.000         *         *         *         *    39.000    33.000    38.000    42.000         *         *         *    10.118     5.000    -9.000     1.000     0.000     0.000     1.000     2.000     3.000     4.000         *         *         *   213.611    38.992     1.434     6.202    36.130     2.337     0.076     0.162
   400.000   300.000   300.000   280.000   280.000   300.000   280.000    24.000    24.000    28.000    28.000    24.000    29.000    28.000     3.533     9.000     1.000     1.000     1.000     0.000     1.000     2.000     3.000     4.000     5.000     6.000     7.000   371.527    34.273   -16.049     5.532    25.971     1.830     0.060     0.159
   350.000         *         *         *         *         *         *    36.000    30.000         *         *         *         *         *     9.518     5.000    -1.000     1.000     1.000     0.000     1.000     2.000         *         *         *         *         *   350.096    56.374    -3.561     7.304    30.377     3.073     0.000     0.164
   250.000   240.000   370.000   320.000         *   300.000         *    24.000    20.000    24.000    16.000    28.000    16.000    19.000    14.101    13.000     4.000     1.000     1.000     0.000     1.000     2.000     3.000     4.000     5.000     6.000     7.000   329.109    35.326   -10.393     5.657    26.996     1.868    -1.339     0.160
   550.000   520.000         *   480.000   440.000   400.000         *    20.000    12.000    28.000    32.000    25.000    12.000    24.000     7.175     7.000     1.000     1.000     1.000     0.000     1.000     2.000     3.000     4.000     5.000     6.000     7.000   577.593    36.968   -31.377     5.731    22.762     1.858    -0.169     0.160
   270.000   250.000   230.000   200.000   160.000   120.000   110.000    12.000    12.000    16.000    12.000    12.000    17.000    12.000    13.869     5.000    -1.000     1.000     1.000     1.000     1.000     2.000     3.000     4.000     5.000     6.000     7.000   312.882    34.273   -29.850     5.532    14.053     1.830     0.002     0.159
   300.000         *         *   240.000   220.000         *         *    16.000    28.000    24.000    24.000    16.000    12.000    16.000     3.506    10.000     4.000     0.000     1.000     0.000     1.000     2.000     3.000     4.000     5.000     6.000     7.000   378.069    43.596   -33.244     6.022    18.735     1.882     0.392     0.160
   310.000   260.000   220.000   200.000   210.000   200.000         *    28.000    12.000    29.000    28.000    33.000    24.000    32.000     9.264     3.000     5.000     0.000     1.000     0.000     1.000     2.000     3.000     4.000     5.000     6.000     7.000   288.482    34.363   -13.426     5.653    23.504     1.858     0.694     0.159
   480.000   310.000   280.000   260.000         *   280.000         *    33.000    31.000    30.000    37.000    30.000    29.000    30.000    10.731    13.000     6.000     0.000     0.000     0.000     1.000     2.000     3.000     4.000     5.000     6.000     7.000   408.802    35.326   -24.992     5.657    34.794     1.868    -0.908     0.160
   250.000         *   220.000   200.000         *         *         *    20.000    29.000    34.000    12.000    30.000         *         *    12.908     5.000    -3.000     0.000     1.000     0.000     1.000     2.000     3.000     4.000     5.000         *         *   268.837    41.369   -12.471     6.167    23.695     2.131     0.490     0.162
   300.000   260.000   240.000         *         *         *         *    43.000    45.000    44.000    42.000         *         *         *    14.107    11.000    -3.000     0.000     0.000     0.000     1.000     2.000     3.000     4.000         *         *         *   281.776    38.992    -1.512     6.202    43.426     2.337    -0.615     0.162
   380.000   300.000   160.000   150.000   150.000         *         *    23.000    31.000    28.000    24.000    23.000    29.000         *     6.704    11.000    -4.000     0.000     0.000     0.000     1.000     2.000     3.000     4.000     5.000     6.000         *   346.365    34.982   -34.789     5.822    25.933     1.977     0.116     0.160
   160.000         *         *         *         *         *         *    28.000    36.000         *         *         *         *         *     5.896     5.000    -2.000     0.000     1.000     1.000     1.000     2.000         *         *         *         *         *   215.721    56.374    -9.167     7.304    28.956     3.073     1.275     0.164
   520.000   450.000   400.000   400.000   400.000         *         *    19.000    30.000    29.000    30.000    31.000    31.000         *     6.865     2.000     0.000     0.000     1.000     0.000     1.000     2.000     3.000     4.000     5.000     6.000         *   503.479    34.982   -25.816     5.822    24.520     1.977     1.036     0.160
   380.000   360.000         *         *         *         *         *    12.000    17.000    12.000         *         *         *         *     6.211    12.000    18.000     1.000     1.000     0.000     1.000     2.000     3.000         *         *         *         *   432.499    44.279   -32.604     6.551    17.779     2.627    -1.151     0.162
   640.000   580.000         *         *         *         *         *    24.000         *    28.000         *         *         *         *     3.678     5.000    -1.000     0.000     1.000     0.000     1.000     2.000     3.000     4.000         *         *         *   637.099    44.490   -39.535     7.054    23.890     3.078     0.941     0.163
   420.000   360.000   320.000   300.000         *         *         *    51.000    48.000    43.000    45.000    48.000    52.000         *     6.257     8.000     8.000     0.000     1.000     0.000     1.000     2.000     3.000     4.000     5.000     6.000         *   335.076    36.166     9.519     5.837    44.979     1.996     0.142     0.161
   220.000   200.000         *         *         *         *         *    34.000    31.000    28.000         *         *         *         *     6.621     5.000    11.000     0.000     1.000     0.000     1.000     2.000     3.000         *         *         *         *   243.502    44.279    -2.995     6.551    29.357     2.627     0.432     0.162
   410.000   360.000   320.000         *         *         *         *    24.000    29.000    34.000    29.000         *         *         *     3.446     6.000    -1.000     0.000     1.000     0.000     1.000     2.000     3.000     4.000         *         *         *   409.703    38.992   -21.945     6.202    26.083     2.337     1.001     0.162
   460.000   410.000         *         *         *         *         *    26.000    25.000    30.000         *         *         *         *     3.667    12.000    -6.000     0.000     0.000     0.000     1.000     2.000     3.000         *         *         *         *   499.882    44.279   -43.379     6.551    27.413     2.627     0.242     0.162
   420.000   400.000   400.000   400.000         *         *         *    17.000    30.000    31.000    28.000    30.000         *         *     6.879     9.000     6.000     0.000     1.000     0.000     1.000     2.000     3.000     4.000     5.000         *         *   462.369    36.324   -24.231     5.990    27.112     2.131     0.105     0.161
   520.000   500.000         *         *         *         *         *    33.000    44.000    49.000    59.000         *         *         *     8.010     9.000    -5.000     0.000     0.000     0.000     1.000     2.000     3.000     4.000         *         *         *   515.517    44.163   -16.326     6.250    44.023     2.346     0.061     0.162
   500.000   500.000         *         *         *         *         *    26.000    28.000    20.000         *         *         *         *     0.637     5.000    -7.000     0.000     1.000     0.000     1.000     2.000     3.000         *         *         *         *   537.556    44.279   -37.011     6.551    21.856     2.627     1.506     0.162
   520.000   500.000         *         *         *         *         *    12.000    16.000    20.000         *         *         *         *     9.154     8.000     8.000     0.000     1.000     0.000     1.000     2.000     3.000         *         *         *         *   560.162    44.279   -42.820     6.551    18.053     2.627    -0.084     0.162
   450.000   482.000         *         *         *         *         *    29.000    27.000    29.000         *         *         *         *     0.965     7.000    -2.000     0.000     0.000     0.000     1.000     2.000     3.000         *         *         *         *   521.849    44.279   -41.425     6.551    27.122     2.627     0.795     0.162
   360.000         *         *         *         *         *         *    45.000    34.000         *         *         *         *         *    15.665    10.000    -1.000     0.000     1.000     0.000     1.000     2.000         *         *         *         *         *   357.220    56.374    -0.997     7.304    37.803     3.073    -0.486     0.164
   250.000   250.000         *         *         *         *         *    12.000    32.000    34.000         *         *         *         *     8.094     7.000   -21.000     0.000     1.000     0.000     1.000     2.000     3.000         *         *         *         *   285.799    44.279   -18.179     6.551    23.442     2.627     1.426     0.162
   250.000         *         *         *         *         *         *    20.000    16.000         *         *         *         *         *     3.060     8.000    -7.000     0.000     1.000     2.000     1.000     2.000         *         *         *         *         *   318.792    56.374   -42.229     7.304    18.003     3.073     1.643     0.164
   300.000         *         *         *         *         *         *    25.000    29.000    26.000         *         *         *         *     4.010     7.000     8.000     1.000     1.000     0.000     1.000     2.000     3.000         *         *         *         *   339.328    56.276   -11.484     6.843    26.082     2.631    -0.056     0.164
   320.000   300.000         *         *         *         *         *    30.000    24.000    26.000         *         *         *         *     1.578    11.000    -8.000     0.000     1.000     0.000     1.000     2.000     3.000         *         *         *         *   361.551    44.279   -25.168     6.551    25.115     2.627     0.960     0.162
   300.000   300.000         *         *         *         *         *    25.000    20.000    25.000         *         *         *         *     2.630     9.000     3.000     1.000     1.000     0.000     1.000     2.000     3.000         *         *         *         *   343.419    44.279   -18.455     6.551    23.195     2.627     0.073     0.162
   400.000   360.000         *         *         *         *         *    20.000    20.000    10.000         *         *         *         *     4.609    -1.000     3.000     1.000     1.000     0.000     1.000     2.000     3.000         *         *         *         *   415.183    44.279   -26.156     6.551    15.197     2.627     0.911     0.162
   460.000         *         *         *         *         *         *    39.000    32.000    26.000         *         *         *         *    15.290    12.000     5.000     0.000     0.000     0.000     1.000     2.000     3.000         *         *         *         *   477.115    56.276   -26.787     6.843    34.876     2.631    -1.224     0.164
   200.000         *         *         *         *         *         *    24.000    28.000         *         *         *         *         *     1.357     5.000    -9.000     0.000     1.000     0.000     1.000     2.000         *         *         *         *         *   260.145    56.374   -15.747     7.304    23.430     3.073     1.712     0.164
   280.000         *         *         *         *         *         *    22.000    31.000         *         *         *         *         *     0.946     5.000    -1.000     0.000     1.000     0.000     1.000     2.000         *         *         *         *         *   331.093    56.374   -18.881     7.304    24.234     3.073     1.375     0.164
   300.000         *         *         *         *         *         *    24.000    29.000         *         *         *         *         *     0.760     9.000   -10.000     1.000     0.000     0.000     1.000     2.000         *         *         *         *         *   357.220    56.374   -29.169     7.304    25.880     3.073     0.462     0.164
   580.000         *         *         *         *         *         *    34.000    45.000         *         *         *         *         *     1.570    13.000     8.000     0.000     0.000     0.000     1.000     2.000         *         *         *         *         *   595.331    56.374   -34.352     7.304    38.322     3.073    -0.381     0.164
