   300.000         *         *         *         *         *         *    32.000    23.000         *         *         *         *         *     2.687    11.000     8.000     1.000     1.000     0.000     1.000     2.000         *         *         *         *         *   346.586    56.080   -15.199    12.360    29.898     3.398    -1.003     0.505
   550.000   300.000   600.000   450.000   530.000   510.000   460.000    47.000    48.000    52.000    42.000    45.000    57.000    53.000    10.712     9.000     8.000     0.000     0.000     0.000     1.000     2.000     3.000     4.000     5.000     6.000     7.000   521.377    40.093   -10.489     8.428    47.333     2.400     0.380     0.405
   400.000         *         *         *         *         *         *    29.000    38.000         *         *         *         *         *    15.259    13.000     3.000     1.000     0.000     1.000     1.000     2.000         *         *         *         *         *   426.238    56.080   -29.178    12.360    35.798     3.398    -1.196     0.505
   300.000         *   540.000   170.000         *         *         *    33.000    24.000    26.000    27.000    29.000    23.000         *     0.856     6.000     6.000     0.000     0.000     0.000     1.000     2.000     3.000     4.000     5.000     6.000         *   402.383    46.294   -22.839    11.626    27.434     2.495    -0.061     0.452
   450.000   350.000         *         *         *         *         *    51.000    50.000    57.000    44.000    46.000    56.000         *    13.819    13.000    -8.000     0.000     0.000     0.000     1.000     2.000     3.000     4.000     5.000     6.000         *   452.844    45.012   -35.076    12.132    52.037     2.482    -0.439     0.446
   850.000   570.000   580.000   500.000   470.000   420.000   260.000    37.000    37.000    27.000    42.000    47.000    41.000    41.000     2.605    11.000    13.000     1.000     0.000     0.000     1.000     2.000     3.000     4.000     5.000     6.000     7.000   758.623    40.093   -60.263     8.428    34.322     2.400     1.087     0.405
   470.000         *   460.000   450.000         *         *         *    30.000    29.000    30.000    35.000    32.000         *         *     1.272     9.000    -2.000     0.000     1.000     0.000     1.000     2.000     3.000     4.000     5.000         *         *   523.718    46.735   -27.667    11.740    31.364     2.546     0.150     0.470
   410.000         *   450.000         *         *         *   410.000    39.000    50.000    45.000    38.000    38.000    29.000    45.000     9.091    10.000     8.000     0.000     1.000     1.000     1.000     2.000     3.000     4.000     5.000     6.000     7.000   446.496    47.205    -9.806     9.370    42.722     2.437    -0.550     0.418
   300.000   450.000   300.000         *         *   250.000         *    33.000    39.000    36.000    34.000    30.000         *    23.000     1.737    13.000    14.000     0.000     1.000     0.000     1.000     2.000     3.000     4.000     5.000     6.000     7.000   381.361    41.811   -16.124     9.939    36.699     2.470    -1.082     0.423
   450.000   550.000   450.000   480.000   400.000   350.000   280.000    45.000    49.000    35.000    47.000    43.000    47.000    57.000    15.065     5.000    -6.000     1.000     1.000     0.000     1.000     2.000     3.000     4.000     5.000     6.000     7.000   537.281    40.093   -30.687     8.428    40.342     2.400     1.358     0.405
   450.000   600.000   500.000   340.000   300.000   250.000   220.000    27.000    32.000    32.000    33.000    31.000    39.000    25.000    10.156     5.000     0.000     0.000     1.000     1.000     1.000     2.000     3.000     4.000     5.000     6.000     7.000   543.802    40.093   -42.378     8.428    27.825     2.400     0.906     0.405
   450.000   210.000   300.000   250.000   240.000         *         *    38.000    44.000    42.000    41.000    39.000    42.000    45.000    16.352    10.000    -2.000     0.000     1.000     0.000     1.000     2.000     3.000     4.000     5.000     6.000     7.000   375.463    41.248   -27.104    10.520    41.402     2.446     0.054     0.420
   400.000   480.000   450.000   450.000   400.000   350.000   260.000    30.000    33.000    39.000    33.000    40.000    33.000    40.000     4.374     6.000     0.000     1.000     1.000     1.000     1.000     2.000     3.000     4.000     5.000     6.000     7.000   504.772    40.093   -27.689     8.428    33.792     2.400     0.396     0.405
   400.000   470.000   320.000   260.000         *         *         *    44.000    49.000    37.000    41.000    41.000         *         *     9.663     7.000     6.000     0.000     1.000     0.000     1.000     2.000     3.000     4.000     5.000         *         *   421.663    42.047   -23.320    11.580    40.485     2.532     0.524     0.461
   300.000   340.000   410.000   310.000         *         *         *    37.000    31.000    39.000    32.000    38.000    25.000    34.000    11.749     5.000    -3.000     0.000     0.000     0.000     1.000     2.000     3.000     4.000     5.000     6.000     7.000   376.996    41.251   -17.047    11.346    33.253     2.460     0.122     0.425
   450.000   420.000   410.000         *         *         *         *    27.000    28.000    15.000    27.000         *         *         *     8.308    13.000     2.000     0.000     0.000     1.000     1.000     2.000     3.000     4.000         *         *         *   487.264    42.737   -33.052    12.155    28.363     2.658    -1.182     0.476
   500.000   500.000   460.000   380.000         *         *         *    37.000    33.000    38.000    33.000    35.000    44.000         *     1.907     7.000     0.000     0.000     1.000     0.000     1.000     2.000     3.000     4.000     5.000     6.000         *   534.031    41.692   -31.913    11.476    34.235     2.478     0.740     0.445
   400.000   540.000   530.000   450.000         *         *         *    43.000    46.000    52.000    38.000    50.000         *         *     7.613    13.000     3.000     0.000     0.000     0.000     1.000     2.000     3.000     4.000     5.000         *         *   535.399    42.047   -24.923    11.580    46.889     2.532    -0.375     0.461
   350.000   340.000   300.000   280.000         *         *         *    40.000    39.000    47.000    50.000    38.000         *         *    14.597     7.000   -13.000     0.000     1.000     1.000     1.000     2.000     3.000     4.000     5.000         *         *   383.124    42.047   -27.955    11.580    42.765     2.532     0.017     0.461
   550.000         *         *         *         *         *         *    31.000    29.000         *         *         *         *         *     1.729     7.000     1.000     0.000     1.000     0.000     1.000     2.000         *         *         *         *         *   552.121    56.080   -32.506    12.360    29.893     3.398     0.729     0.505
   380.000   380.000         *         *         *         *         *    13.000    16.000    18.000    25.000    23.000         *         *    14.701     1.000     2.000     0.000     0.000     0.000     1.000     2.000     3.000     4.000     5.000         *         *   419.108    45.355   -27.650    12.233    15.539     2.535     1.334     0.463
   510.000   480.000   680.000   540.000   450.000         *         *    36.000    35.000    37.000    35.000    32.000    27.000         *    14.638     7.000     8.000     0.000     1.000     0.000     1.000     2.000     3.000     4.000     5.000     6.000     7.000   553.360    41.686   -13.175    10.637    31.441     2.465     0.671     0.440
   410.000   260.000         *   240.000   210.000   210.000   200.000    36.000    39.000    44.000    42.000    34.000    44.000    42.000    15.585    11.000    -4.000     0.000     0.000     0.000     1.000     2.000     3.000     4.000     5.000     6.000     7.000   386.978    42.456   -30.646     8.536    41.435     2.410    -0.295     0.409
   250.000   160.000   150.000         *         *         *         *    23.000    24.000    30.000    31.000         *         *         *    14.920     3.000    -5.000     0.000     0.000     0.000     1.000     2.000     3.000     4.000         *         *         *   251.653    42.737   -24.178    12.155    26.382     2.658     0.381     0.476
   440.000   320.000         *         *         *         *         *    43.000    43.000    46.000    42.000         *         *         *    12.768     9.000    11.000     0.000     1.000     0.000     1.000     2.000     3.000     4.000         *         *         *   409.534    45.603   -16.415    12.302    42.426     2.658     0.277     0.476
   450.000   350.000   350.000   400.000         *         *         *    76.000    62.000    59.000    71.000         *         *         *     8.500    11.000    -7.000     0.000     1.000     0.000     1.000     2.000     3.000     4.000     5.000     6.000     7.000   439.427    42.299   -22.234    11.652    65.793     2.655    -0.024     0.474
   680.000   850.000   550.000         *         *         *         *    34.000    43.000    63.000    62.000    54.000         *    62.000    -0.379     6.000     3.000     0.000     1.000     0.000     1.000     2.000     3.000     4.000     5.000     6.000     7.000   766.823    41.907   -46.763    11.897    44.057     2.502     2.338     0.435
   270.000   380.000         *         *         *         *         *    70.000    60.000    70.000    69.000    59.000    61.000         *    10.348    11.000   -13.000     0.000     0.000     0.000     1.000     2.000     3.000     4.000     5.000     6.000         *   365.660    45.012   -25.017    12.132    65.941     2.482    -0.552     0.446
   500.000   450.000   410.000   360.000   310.000   300.000         *    27.000    33.000    32.000    27.000    26.000    33.000    35.000    15.290    11.000     3.000     0.000     0.000     0.000     1.000     2.000     3.000     4.000     5.000     6.000     7.000   513.753    40.912   -36.364     9.497    30.505     2.425     0.078     0.413
   300.000         *         *         *         *         *         *    40.000    33.000         *         *         *         *         *     5.899     3.000    13.000     0.000     1.000     1.000     1.000     2.000     3.000         *         *         *         *   330.925    56.080    -9.776    12.360    34.942     3.398     0.396     0.505
   200.000   280.000   210.000   200.000   164.000   254.000   210.000    19.000    22.000    18.000    21.000    24.000    30.000    24.000     9.255    -1.000    11.000     0.000     0.000     0.000     1.000     2.000     3.000     4.000     5.000     6.000     7.000   261.130    40.093    -9.378     8.428    18.787     2.400     0.962     0.405
   580.000   520.000   500.000         *         *         *         *    42.000         *         *    41.000    21.000         *         *     6.047     9.000    -3.000     0.000     0.000     0.000     1.000     2.000     3.000     4.000     5.000     6.000         *   581.952    42.572   -35.056    12.117    34.683     3.089     0.108     0.464
   380.000   350.000   280.000   240.000         *         *         *    40.000    31.000    25.000    26.000    27.000    33.000         *    17.181     7.000    -9.000     1.000     0.000     0.000     1.000     2.000     3.000     4.000     5.000     6.000         *   386.057    41.692   -31.141    11.476    30.782     2.478    -0.112     0.445
   300.000   200.000   200.000         *         *         *         *    35.000    40.000    47.000    32.000         *         *         *    18.821     9.000    -8.000     0.000     1.000     0.000     1.000     2.000     3.000     4.000         *         *         *   282.882    42.737   -20.766    12.155    39.514     2.658    -0.304     0.476
   380.000   530.000   400.000         *         *         *         *    47.000    41.000    40.000    44.000         *         *         *     6.931     5.000    11.000     0.000     0.000     0.000     1.000     2.000     3.000     4.000         *         *         *   472.256    42.737   -19.574    12.155    40.185     2.658     0.829     0.476
   210.000   200.000   200.000         *         *         *         *    51.000    47.000    43.000    43.000         *         *         *    10.118     5.000    -9.000     1.000     0.000     0.000     1.000     2.000     3.000     4.000         *         *         *   252.061    42.737   -19.063    12.155    45.597     2.658    -0.241     0.476
   400.000   300.000   300.000   280.000   280.000   300.000   280.000    16.000    17.000    20.000    13.000    18.000    17.000    19.000     3.533     9.000     1.000     1.000     1.000     0.000     1.000     2.000     3.000     4.000     5.000     6.000     7.000   384.973    40.093   -19.481     8.428    20.097     2.400    -0.579     0.405
   350.000         *         *         *         *         *         *    11.000    16.000         *         *         *         *         *     9.518     5.000    -1.000     1.000     1.000     0.000     1.000     2.000         *         *         *         *         *   374.830    56.080   -23.580    12.360    15.082     3.398     0.227     0.505
   250.000   240.000   370.000   320.000         *   300.000         *    57.000    54.000    33.000    49.000    46.000    47.000    43.000    14.101    13.000     4.000     1.000     1.000     0.000     1.000     2.000     3.000     4.000     5.000     6.000     7.000   307.389    40.932    -3.059     9.817    51.315     2.428    -1.169     0.415
   550.000   520.000         *   480.000   440.000   400.000         *    15.000    19.000    19.000    13.000    19.000    17.000     9.000     7.175     7.000     1.000     1.000     1.000     0.000     1.000     2.000     3.000     4.000     5.000     6.000     7.000   553.390    43.008   -25.328     9.544    15.643     2.432     0.200     0.416
   270.000   250.000   230.000   200.000   160.000   120.000   110.000    36.000    21.000    37.000    32.000    22.000    38.000    28.000    13.869     5.000    -1.000     1.000     1.000     1.000     1.000     2.000     3.000     4.000     5.000     6.000     7.000   293.226    40.093   -24.510     8.428    30.868     2.400    -0.094     0.405
   300.000         *         *   240.000   220.000         *         *    37.000    36.000    27.000    32.000    31.000    23.000    22.000     3.506    10.000     4.000     0.000     1.000     0.000     1.000     2.000     3.000     4.000     5.000     6.000     7.000   309.857    48.990   -14.466    10.824    34.051     2.481    -1.025     0.433
   310.000   260.000   220.000   200.000   210.000   200.000         *    39.000    38.000    38.000    37.000    29.000    31.000    49.000     9.264     3.000     5.000     0.000     1.000     0.000     1.000     2.000     3.000     4.000     5.000     6.000     7.000   296.495    40.912   -16.300     9.497    34.268     2.425     0.701     0.413
   480.000   310.000   280.000   260.000         *   280.000         *    34.000    29.000    35.000    39.000    27.000    36.000    31.000    10.731    13.000     6.000     0.000     0.000     0.000     1.000     2.000     3.000     4.000     5.000     6.000     7.000   425.093    40.932   -30.292     9.817    35.984     2.428    -0.674     0.415
   250.000         *   220.000   200.000         *         *         *    31.000    39.000    38.000    40.000    39.000         *         *    12.908     5.000    -3.000     0.000     1.000     0.000     1.000     2.000     3.000     4.000     5.000         *         *   283.520    46.735   -18.017    11.740    36.187     2.546     0.401     0.470
   300.000   260.000   240.000         *         *         *         *    34.000    36.000    41.000    41.000         *         *         *    14.107    11.000    -3.000     0.000     0.000     0.000     1.000     2.000     3.000     4.000         *         *         *   332.527    42.737   -26.401    12.155    39.880     2.658    -0.642     0.476
   380.000   300.000   160.000   150.000   150.000         *         *    65.000    74.000    72.000    63.000    60.000    65.000         *     6.704    11.000    -4.000     0.000     0.000     0.000     1.000     2.000     3.000     4.000     5.000     6.000         *   345.404    41.686   -35.050    10.637    66.708     2.465    -0.374     0.440
   160.000         *         *         *         *         *         *    35.000    34.000         *         *         *         *         *     5.896     5.000    -2.000     0.000     1.000     1.000     1.000     2.000         *         *         *         *         *   218.863    56.080   -12.563    12.360    35.520     3.398    -0.564     0.505
   520.000   450.000   400.000   400.000   400.000         *         *    40.000    42.000    48.000    45.000    44.000    52.000         *     6.865     2.000     0.000     0.000     1.000     0.000     1.000     2.000     3.000     4.000     5.000     6.000         *   506.578    41.686   -26.303    10.637    38.641     2.465     1.750     0.440
   380.000   360.000         *         *         *         *         *    35.000    27.000    42.000         *         *         *         *     6.211    12.000    18.000     1.000     1.000     0.000     1.000     2.000     3.000         *         *         *         *   404.209    45.753   -13.517    12.340    35.760     2.906    -0.600     0.486
   640.000   580.000         *         *         *         *         *    46.000         *    47.000         *         *         *         *     3.678     5.000    -1.000     0.000     1.000     0.000     1.000     2.000     3.000     4.000         *         *         *   632.803    45.754   -35.778    12.343    42.149     3.430     1.645     0.486
   420.000   360.000   320.000   300.000         *         *         *    32.000    39.000    35.000    42.000    44.000    44.000         *     6.257     8.000     8.000     0.000     1.000     0.000     1.000     2.000     3.000     4.000     5.000     6.000         *   424.440    41.692   -26.102    11.476    37.360     2.478     0.561     0.445
   220.000   200.000         *         *         *         *         *    34.000    40.000    39.000         *         *         *         *     6.621     5.000    11.000     0.000     1.000     0.000     1.000     2.000     3.000         *         *         *         *   249.067    45.753    -6.055    12.340    36.896     2.906     0.148     0.486
   410.000   360.000   320.000         *         *         *         *    24.000    35.000    31.000    39.000         *         *         *     3.446     6.000    -1.000     0.000     1.000     0.000     1.000     2.000     3.000     4.000         *         *         *   424.746    42.737   -28.225    12.155    31.223     2.658     0.567     0.476
   460.000   410.000         *         *         *         *         *    33.000    33.000    37.000         *         *         *         *     3.667    12.000    -6.000     0.000     0.000     0.000     1.000     2.000     3.000         *         *         *         *   491.204    45.753   -38.018    12.340    36.384     2.906    -0.573     0.486
   420.000   400.000   400.000   400.000         *         *         *    56.000    57.000    52.000    53.000    60.000         *         *     6.879     9.000     6.000     0.000     1.000     0.000     1.000     2.000     3.000     4.000     5.000         *         *   447.363    42.047   -17.110    11.580    53.714     2.532     0.375     0.461
   520.000   500.000         *         *         *         *         *    58.000    70.000    71.000    57.000         *         *         *     8.010     9.000    -5.000     0.000     0.000     0.000     1.000     2.000     3.000     4.000         *         *         *   546.651    45.603   -34.638    12.302    61.041     2.658     0.640     0.476
   500.000   500.000         *         *         *         *         *    34.000    36.000    33.000         *         *         *         *     0.637     5.000    -7.000     0.000     1.000     0.000     1.000     2.000     3.000         *         *         *         *   532.606    45.753   -33.884    12.340    32.830     2.906     0.939     0.486
   520.000   500.000         *         *         *         *         *    35.000    44.000    38.000         *         *         *         *     9.154     8.000     8.000     0.000     1.000     0.000     1.000     2.000     3.000         *         *         *         *   532.867    45.753   -24.765    12.340    37.316     2.906     0.796     0.486
   450.000   482.000         *         *         *         *         *    35.000    31.000    32.000         *         *         *         *     0.965     7.000    -2.000     0.000     0.000     0.000     1.000     2.000     3.000         *         *         *         *   508.912    45.753   -33.820    12.340    32.487     2.906     0.292     0.486
   360.000         *         *         *         *         *         *    17.000    27.000         *         *         *         *         *    15.665    10.000    -1.000     0.000     1.000     0.000     1.000     2.000         *         *         *         *         *   385.952    56.080   -23.534    12.360    24.827     3.398    -0.265     0.505
   250.000   250.000         *         *         *         *         *    38.000    41.000    35.000         *         *         *         *     8.094     7.000   -21.000     0.000     1.000     0.000     1.000     2.000     3.000         *         *         *         *   297.320    45.753   -26.965    12.340    39.173     2.906    -0.302     0.486
   250.000         *         *         *         *         *         *    45.000    57.000         *         *         *         *         *     3.060     8.000    -7.000     0.000     1.000     2.000     1.000     2.000         *         *         *         *         *   298.240    56.080   -22.042    12.360    51.533     3.398    -1.023     0.505
   300.000         *         *         *         *         *         *    31.000    32.000    43.000         *         *         *         *     4.010     7.000     8.000     1.000     1.000     0.000     1.000     2.000     3.000         *         *         *         *   348.413    55.972   -15.009    12.348    34.942     2.912    -0.007     0.498
   320.000   300.000         *         *         *         *         *    55.000    52.000    57.000         *         *         *         *     1.578    11.000    -8.000     0.000     1.000     0.000     1.000     2.000     3.000         *         *         *         *   359.073    45.753   -23.366    12.340    55.188     2.906    -0.586     0.486
   300.000   300.000         *         *         *         *         *    57.000    64.000    59.000         *         *         *         *     2.630     9.000     3.000     1.000     1.000     0.000     1.000     2.000     3.000         *         *         *         *   338.346    45.753   -14.079    12.340    58.434     2.906    -0.253     0.486
   400.000   360.000         *         *         *         *         *    13.000    15.000    12.000         *         *         *         *     4.609    -1.000     3.000     1.000     1.000     0.000     1.000     2.000     3.000         *         *         *         *   408.241    45.753   -22.352    12.340    11.266     2.906     1.339     0.486
   460.000         *         *         *         *         *         *    37.000    40.000    27.000         *         *         *         *    15.290    12.000     5.000     0.000     0.000     0.000     1.000     2.000     3.000         *         *         *         *   472.938    55.972   -27.228    12.348    35.959     2.912    -0.392     0.498
   200.000         *         *         *         *         *         *    26.000    23.000         *         *         *         *         *     1.357     5.000    -9.000     0.000     1.000     0.000     1.000     2.000         *         *         *         *         *   261.250    56.080   -19.626    12.360    26.569     3.398    -0.291     0.505
   280.000         *         *         *         *         *         *    27.000    37.000         *         *         *         *         *     0.946     5.000    -1.000     0.000     1.000     0.000     1.000     2.000         *         *         *         *         *   331.317    56.080   -18.961    12.360    32.213     3.398     0.188     0.505
   300.000         *         *         *         *         *         *    36.000    22.000         *         *         *         *         *     0.760     9.000   -10.000     1.000     0.000     0.000     1.000     2.000         *         *         *         *         *   353.759    56.080   -30.709    12.360    31.321     3.398    -0.969     0.505
   580.000         *         *         *         *         *         *    37.000    35.000         *         *         *         *         *     1.570    13.000     8.000     0.000     0.000     0.000     1.000     2.000         *         *         *         *         *   596.524    56.080   -35.832    12.360    37.174     3.398    -0.273     0.505
