   300.000         *         *         *         *         *         *    12.000    12.000         *         *         *         *         *     2.687    11.000     8.000     1.000     1.000     0.000     1.000     2.000         *         *         *         *         *   350.148    55.762   -15.103    12.070    12.640     0.707    -0.212     0.098
   550.000   300.000   600.000   450.000   530.000   510.000   460.000    14.000    12.000    12.000    12.000    14.000    14.000    14.000    10.712     9.000     8.000     0.000     0.000     0.000     1.000     2.000     3.000     4.000     5.000     6.000     7.000   519.294    40.508   -10.350     8.515    12.584     0.417     0.135     0.060
   400.000         *         *         *         *         *         *    15.000    14.000         *         *         *         *         *    15.259    13.000     3.000     1.000     0.000     1.000     1.000     2.000         *         *         *         *         *   419.925    55.762   -28.242    12.070    13.923     0.707     0.017     0.098
   300.000         *   540.000   170.000         *         *         *     7.000     6.000     8.000     6.000     5.000     6.000         *     0.856     6.000     6.000     0.000     0.000     0.000     1.000     2.000     3.000     4.000     5.000     6.000         *   413.317    46.586   -28.423    11.614     7.497     0.446    -0.197     0.067
   450.000   350.000         *         *         *         *         *    15.000    14.000    14.000    15.000    15.000    15.000         *    13.819    13.000    -8.000     0.000     0.000     0.000     1.000     2.000     3.000     4.000     5.000     6.000         *   451.799    45.170   -32.035    12.032    14.686     0.453    -0.058     0.071
   850.000   570.000   580.000   500.000   470.000   420.000   260.000    11.000    13.000    15.000    14.000    15.000    13.000    13.000     2.605    11.000    13.000     1.000     0.000     0.000     1.000     2.000     3.000     4.000     5.000     6.000     7.000   749.416    40.508   -58.574     8.515    11.893     0.417     0.376     0.060
   470.000         *   460.000   450.000         *         *         *    13.000    13.000    14.000    12.000    13.000         *         *     1.272     9.000    -2.000     0.000     1.000     0.000     1.000     2.000     3.000     4.000     5.000         *         *   514.105    46.666   -24.107    11.615    13.064     0.477    -0.032     0.071
   410.000         *   450.000         *         *         *   410.000    14.000    14.000    14.000    14.000    12.000    14.000    14.000     9.091    10.000     8.000     0.000     1.000     1.000     1.000     2.000     3.000     4.000     5.000     6.000     7.000   455.166    47.781   -11.735     9.486    13.870     0.427    -0.061     0.064
   300.000   450.000   300.000         *         *   250.000         *    14.000    13.000    10.000    15.000    15.000         *    12.000     1.737    13.000    14.000     0.000     1.000     0.000     1.000     2.000     3.000     4.000     5.000     6.000     7.000   395.532    42.187   -17.853    10.010    13.843     0.444    -0.182     0.064
   450.000   550.000   450.000   480.000   400.000   350.000   280.000    13.000    12.000    14.000    12.000    14.000    13.000    12.000    15.065     5.000    -6.000     1.000     1.000     0.000     1.000     2.000     3.000     4.000     5.000     6.000     7.000   536.772    40.508   -30.617     8.515    13.201     0.417    -0.096     0.060
   450.000   600.000   500.000   340.000   300.000   250.000   220.000    12.000    13.000    14.000    13.000    12.000    13.000    14.000    10.156     5.000     0.000     0.000     1.000     1.000     1.000     2.000     3.000     4.000     5.000     6.000     7.000   553.411    40.508   -43.854     8.515    13.066     0.417    -0.027     0.060
   450.000   210.000   300.000   250.000   240.000         *         *    15.000    14.000    13.000    15.000    14.000    13.000    10.000    16.352    10.000    -2.000     0.000     1.000     0.000     1.000     2.000     3.000     4.000     5.000     6.000     7.000   365.346    41.831   -24.850    10.640    14.917     0.419    -0.410     0.061
   400.000   480.000   450.000   450.000   400.000   350.000   260.000    14.000    14.000    12.000    14.000    14.000    13.000    13.000     4.374     6.000     0.000     1.000     1.000     1.000     1.000     2.000     3.000     4.000     5.000     6.000     7.000   491.706    40.508   -25.222     8.515    12.897     0.417     0.105     0.060
   400.000   470.000   320.000   260.000         *         *         *    12.000    13.000    14.000    11.000    12.000         *         *     9.663     7.000     6.000     0.000     1.000     0.000     1.000     2.000     3.000     4.000     5.000         *         *   430.664    41.944   -26.000    11.451    13.139     0.474    -0.246     0.069
   300.000   340.000   410.000   310.000         *         *         *    11.000    11.000    11.000    12.000    10.000     9.000     9.000    11.749     5.000    -3.000     0.000     0.000     0.000     1.000     2.000     3.000     4.000     5.000     6.000     7.000   388.161    41.840   -22.822    11.446    11.085     0.422    -0.156     0.062
   450.000   420.000   410.000         *         *         *         *     8.000    10.000    11.000     7.000         *         *         *     8.308    13.000     2.000     0.000     0.000     1.000     1.000     2.000     3.000     4.000         *         *         *   488.517    42.467   -34.098    11.919     9.809     0.523    -0.150     0.075
   500.000   500.000   460.000   380.000         *         *         *    13.000    13.000    13.000    14.000    11.000    14.000         *     1.907     7.000     0.000     0.000     1.000     0.000     1.000     2.000     3.000     4.000     5.000     6.000         *   528.164    41.893   -29.816    11.449    12.990     0.443    -0.006     0.065
   400.000   540.000   530.000   450.000         *         *         *    10.000    10.000    11.000    12.000     9.000         *         *     7.613    13.000     3.000     0.000     0.000     0.000     1.000     2.000     3.000     4.000     5.000         *         *   535.410    41.944   -26.034    11.451    10.842     0.474    -0.066     0.069
   350.000   340.000   300.000   280.000         *         *         *    13.000    11.000    11.000     8.000    10.000         *         *    14.597     7.000   -13.000     0.000     1.000     1.000     1.000     2.000     3.000     4.000     5.000         *         *   375.990    41.944   -26.688    11.451    11.936     0.474    -0.427     0.069
   550.000         *         *         *         *         *         *    13.000    14.000         *         *         *         *         *     1.729     7.000     1.000     0.000     1.000     0.000     1.000     2.000         *         *         *         *         *   551.964    55.762   -29.715    12.070    13.227     0.707     0.045     0.098
   380.000   380.000         *         *         *         *         *    12.000    11.000    11.000    10.000    10.000         *         *    14.701     1.000     2.000     0.000     0.000     0.000     1.000     2.000     3.000     4.000     5.000         *         *   409.760    45.276   -27.354    12.041    11.121     0.482    -0.100     0.075
   510.000   480.000   680.000   540.000   450.000         *         *    14.000    13.000    15.000    11.000    13.000    13.000         *    14.638     7.000     8.000     0.000     1.000     0.000     1.000     2.000     3.000     4.000     5.000     6.000     7.000   569.066    41.885   -17.489    10.640    13.437     0.441    -0.100     0.064
   410.000   260.000         *   240.000   210.000   210.000   200.000    14.000    14.000    14.000    15.000    11.000    12.000    14.000    15.585    11.000    -4.000     0.000     0.000     0.000     1.000     2.000     3.000     4.000     5.000     6.000     7.000   375.280    42.934   -28.179     8.631    14.032     0.419    -0.184     0.061
   250.000   160.000   150.000         *         *         *         *    12.000    11.000    10.000     7.000         *         *         *    14.920     3.000    -5.000     0.000     0.000     0.000     1.000     2.000     3.000     4.000         *         *         *   242.630    42.467   -24.460    11.919    11.036     0.523    -0.375     0.075
   440.000   320.000         *         *         *         *         *    15.000    10.000    14.000    13.000         *         *         *    12.768     9.000    11.000     0.000     1.000     0.000     1.000     2.000     3.000     4.000         *         *         *   413.542    45.371   -17.276    12.049    13.693     0.527    -0.290     0.079
   450.000   350.000   350.000   400.000         *         *         *    10.000    13.000     7.000     9.000    12.000    10.000    13.000     8.500    11.000    -7.000     0.000     1.000     0.000     1.000     2.000     3.000     4.000     5.000     6.000     7.000   456.655    41.840   -24.184    11.446    12.101     0.422    -0.320     0.062
   680.000   850.000   550.000         *         *         *         *    12.000    14.000    15.000    15.000    13.000    15.000    15.000    -0.379     6.000     3.000     0.000     1.000     0.000     1.000     2.000     3.000     4.000     5.000     6.000     7.000   746.158    42.279   -40.206    11.902    12.873     0.427     0.301     0.064
   270.000   380.000         *         *         *         *         *    15.000    15.000    15.000    14.000    15.000    15.000         *    10.348    11.000   -13.000     0.000     0.000     0.000     1.000     2.000     3.000     4.000     5.000     6.000         *   371.275    45.170   -26.471    12.032    14.742     0.453    -0.043     0.071
   500.000   450.000   410.000   360.000   310.000   300.000         *    13.000    12.000    14.000    11.000    13.000    12.000    13.000    15.290    11.000     3.000     0.000     0.000     0.000     1.000     2.000     3.000     4.000     5.000     6.000     7.000   508.864    41.431   -34.720     9.608    12.916     0.418    -0.091     0.060
   300.000         *         *         *         *         *         *    13.000    13.000         *         *         *         *         *     5.899     3.000    13.000     0.000     1.000     1.000     1.000     2.000     3.000         *         *         *         *   335.172    55.762   -12.617    12.070    12.916     0.707    -0.077     0.098
   200.000   280.000   210.000   200.000   164.000   254.000   210.000    12.000    11.000    11.000    11.000    13.000    13.000    14.000     9.255    -1.000    11.000     0.000     0.000     0.000     1.000     2.000     3.000     4.000     5.000     6.000     7.000   272.013    40.508   -11.348     8.515    12.064     0.417     0.030     0.060
   580.000   520.000   500.000         *         *         *         *    14.000    14.000    15.000    14.000    14.000         *         *     6.047     9.000    -3.000     0.000     0.000     0.000     1.000     2.000     3.000     4.000     5.000     6.000         *   593.136    42.408   -38.259    11.914    13.294     0.477     0.230     0.071
   380.000   350.000   280.000   240.000         *         *         *    11.000    12.000    13.000    10.000    14.000    12.000         *    17.181     7.000    -9.000     1.000     0.000     0.000     1.000     2.000     3.000     4.000     5.000     6.000         *   401.948    41.893   -34.040    11.449    12.465     0.443    -0.125     0.065
   300.000   200.000   200.000         *         *         *         *    14.000    13.000    11.000     9.000         *         *         *    18.821     9.000    -8.000     0.000     1.000     0.000     1.000     2.000     3.000     4.000         *         *         *   275.780    42.467   -20.203    11.919    13.358     0.523    -0.649     0.075
   380.000   530.000   400.000         *         *         *         *    13.000    14.000    14.000    15.000         *         *         *     6.931     5.000    11.000     0.000     0.000     0.000     1.000     2.000     3.000     4.000         *         *         *   481.539    42.467   -22.796    11.919    13.202     0.523     0.232     0.075
   210.000   200.000   200.000         *         *         *         *    11.000    11.000    13.000    11.000         *         *         *    10.118     5.000    -9.000     1.000     0.000     0.000     1.000     2.000     3.000     4.000         *         *         *   264.199    42.467   -24.138    11.919    11.908     0.523    -0.143     0.075
   400.000   300.000   300.000   280.000   280.000   300.000   280.000    14.000    13.000    12.000    13.000    13.000    13.000    10.000     3.533     9.000     1.000     1.000     1.000     0.000     1.000     2.000     3.000     4.000     5.000     6.000     7.000   370.431    40.508   -16.406     8.515    13.129     0.417    -0.152     0.060
   350.000         *         *         *         *         *         *    14.000    11.000         *         *         *         *         *     9.518     5.000    -1.000     1.000     1.000     0.000     1.000     2.000         *         *         *         *         *   365.113    55.762   -20.905    12.070    12.798     0.707    -0.214     0.098
   250.000   240.000   370.000   320.000         *   300.000         *    12.000    12.000    11.000    13.000    10.000    13.000     8.000    14.101    13.000     4.000     1.000     1.000     0.000     1.000     2.000     3.000     4.000     5.000     6.000     7.000   315.968    41.444    -6.428     9.926    13.145     0.419    -0.443     0.061
   550.000   520.000         *   480.000   440.000   400.000         *     8.000     9.000    11.000    11.000     7.000    10.000     9.000     7.175     7.000     1.000     1.000     1.000     0.000     1.000     2.000     3.000     4.000     5.000     6.000     7.000   573.402    43.581   -29.230     9.663    10.125     0.420    -0.141     0.061
   270.000   250.000   230.000   200.000   160.000   120.000   110.000    11.000     8.000     6.000     8.000     9.000     9.000     8.000    13.869     5.000    -1.000     1.000     1.000     1.000     1.000     2.000     3.000     4.000     5.000     6.000     7.000   303.279    40.508   -26.593     8.515    10.477     0.417    -0.444     0.060
   300.000         *         *   240.000   220.000         *         *     8.000    10.000     9.000    10.000     8.000     9.000     5.000     3.506    10.000     4.000     0.000     1.000     0.000     1.000     2.000     3.000     4.000     5.000     6.000     7.000   336.216    49.859   -20.871    10.989    10.619     0.426    -0.479     0.064
   310.000   260.000   220.000   200.000   210.000   200.000         *    13.000    14.000    15.000    14.000    13.000    13.000    13.000     9.264     3.000     5.000     0.000     1.000     0.000     1.000     2.000     3.000     4.000     5.000     6.000     7.000   303.069    41.431   -17.586     9.608    14.277     0.418    -0.206     0.060
   480.000   310.000   280.000   260.000         *   280.000         *     9.000     7.000    12.000    10.000     9.000     6.000    11.000    10.731    13.000     6.000     0.000     0.000     0.000     1.000     2.000     3.000     4.000     5.000     6.000     7.000   427.081    41.444   -29.763     9.926    10.569     0.419    -0.285     0.061
   250.000         *   220.000   200.000         *         *         *    13.000    13.000    14.000    12.000    12.000         *         *    12.908     5.000    -3.000     0.000     1.000     0.000     1.000     2.000     3.000     4.000     5.000         *         *   277.061    46.666   -16.062    11.615    13.862     0.477    -0.384     0.071
   300.000   260.000   240.000         *         *         *         *    13.000    10.000    10.000     7.000         *         *         *    14.107    11.000    -3.000     0.000     0.000     0.000     1.000     2.000     3.000     4.000         *         *         *   320.693    42.467   -25.892    11.919    11.238     0.523    -0.421     0.075
   380.000   300.000   160.000   150.000   150.000         *         *    12.000    13.000    13.000    14.000    13.000    10.000         *     6.704    11.000    -4.000     0.000     0.000     0.000     1.000     2.000     3.000     4.000     5.000     6.000         *   353.234    41.885   -38.429    10.640    13.018     0.441    -0.164     0.064
   160.000         *         *         *         *         *         *    15.000    15.000         *         *         *         *         *     5.896     5.000    -2.000     0.000     1.000     1.000     1.000     2.000         *         *         *         *         *   217.508    55.762   -11.346    12.070    14.563     0.707    -0.177     0.098
   520.000   450.000   400.000   400.000   400.000         *         *    12.000    14.000    13.000    12.000    11.000    12.000         *     6.865     2.000     0.000     0.000     1.000     0.000     1.000     2.000     3.000     4.000     5.000     6.000         *   502.510    41.885   -25.977    10.640    12.456     0.441    -0.052     0.064
   380.000   360.000         *         *         *         *         *    15.000    15.000    14.000         *         *         *         *     6.211    12.000    18.000     1.000     1.000     0.000     1.000     2.000     3.000         *         *         *         *   398.605    45.454   -12.408    12.055    14.596     0.595    -0.084     0.084
   640.000   580.000         *         *         *         *         *    10.000    13.000    10.000    12.000         *         *         *     3.678     5.000    -1.000     0.000     1.000     0.000     1.000     2.000     3.000     4.000         *         *         *   634.301    45.371   -36.778    12.049    11.401     0.527     0.011     0.079
   420.000   360.000   320.000   300.000         *         *         *    13.000    11.000     9.000    13.000    11.000    11.000         *     6.257     8.000     8.000     0.000     1.000     0.000     1.000     2.000     3.000     4.000     5.000     6.000         *   412.096    41.893   -22.442    11.449    12.366     0.443    -0.264     0.065
   220.000   200.000         *         *         *         *         *    14.000    13.000    13.000         *         *         *         *     6.621     5.000    11.000     0.000     1.000     0.000     1.000     2.000     3.000         *         *         *         *   248.057    45.454    -6.755    12.055    13.727     0.595    -0.268     0.084
   410.000   360.000   320.000         *         *         *         *    15.000    13.000    12.000    13.000         *         *         *     3.446     6.000    -1.000     0.000     1.000     0.000     1.000     2.000     3.000     4.000         *         *         *   410.804    42.467   -23.583    11.919    13.410     0.523    -0.123     0.075
   460.000   410.000         *         *         *         *         *    14.000    14.000    15.000         *         *         *         *     3.667    12.000    -6.000     0.000     0.000     0.000     1.000     2.000     3.000         *         *         *         *   486.124    45.454   -33.816    12.055    13.773     0.595     0.119     0.084
   420.000   400.000   400.000   400.000         *         *         *    15.000    14.000    14.000    14.000    15.000         *         *     6.879     9.000     6.000     0.000     1.000     0.000     1.000     2.000     3.000     4.000     5.000         *         *   447.530    41.944   -17.079    11.451    14.491     0.474    -0.085     0.069
   520.000   500.000         *         *         *         *         *    12.000    13.000    14.000    15.000         *         *         *     8.010     9.000    -5.000     0.000     0.000     0.000     1.000     2.000     3.000     4.000         *         *         *   556.037    45.371   -36.646    12.049    13.023     0.527     0.145     0.079
   500.000   500.000         *         *         *         *         *    13.000    11.000    13.000         *         *         *         *     0.637     5.000    -7.000     0.000     1.000     0.000     1.000     2.000     3.000         *         *         *         *   531.652    45.454   -31.882    12.055    12.330     0.595     0.004     0.084
   520.000   500.000         *         *         *         *         *    12.000    10.000     5.000         *         *         *         *     9.154     8.000     8.000     0.000     1.000     0.000     1.000     2.000     3.000         *         *         *         *   523.081    45.454   -27.130    12.055    10.246     0.595    -0.345     0.084
   450.000   482.000         *         *         *         *         *    13.000    14.000    13.000         *         *         *         *     0.965     7.000    -2.000     0.000     0.000     0.000     1.000     2.000     3.000         *         *         *         *   507.269    45.454   -32.852    12.055    12.640     0.595     0.233     0.084
   360.000         *         *         *         *         *         *    15.000    13.000         *         *         *         *         *    15.665    10.000    -1.000     0.000     1.000     0.000     1.000     2.000         *         *         *         *         *   375.478    55.762   -18.932    12.070    14.308     0.707    -0.396     0.098
   250.000   250.000         *         *         *         *         *    10.000    11.000     8.000         *         *         *         *     8.094     7.000   -21.000     0.000     1.000     0.000     1.000     2.000     3.000         *         *         *         *   294.983    45.454   -26.224    12.055    11.213     0.595    -0.557     0.084
   250.000         *         *         *         *         *         *    11.000    12.000         *         *         *         *         *     3.060     8.000    -7.000     0.000     1.000     2.000     1.000     2.000         *         *         *         *         *   299.232    55.762   -22.641    12.070    11.977     0.707    -0.207     0.098
   300.000         *         *         *         *         *         *    14.000    15.000    14.000         *         *         *         *     4.010     7.000     8.000     1.000     1.000     0.000     1.000     2.000     3.000         *         *         *         *   343.201    55.638   -13.600    12.064    14.171     0.600    -0.052     0.092
   320.000   300.000         *         *         *         *         *    15.000    14.000    15.000         *         *         *         *     1.578    11.000    -8.000     0.000     1.000     0.000     1.000     2.000     3.000         *         *         *         *   355.436    45.454   -20.953    12.055    14.698     0.595    -0.174     0.084
   300.000   300.000         *         *         *         *         *    15.000    15.000    15.000         *         *         *         *     2.630     9.000     3.000     1.000     1.000     0.000     1.000     2.000     3.000         *         *         *         *   338.330    45.454   -15.561    12.055    14.738     0.595    -0.051     0.084
   400.000   360.000         *         *         *         *         *    11.000    13.000    12.000         *         *         *         *     4.609    -1.000     3.000     1.000     1.000     0.000     1.000     2.000     3.000         *         *         *         *   411.054    45.454   -22.521    12.055    11.994     0.595     0.015     0.084
   460.000         *         *         *         *         *         *    12.000    12.000    11.000         *         *         *         *    15.290    12.000     5.000     0.000     0.000     0.000     1.000     2.000     3.000         *         *         *         *   477.937    55.638   -29.141    12.064    12.169     0.600    -0.183     0.092
   200.000         *         *         *         *         *         *    10.000    10.000         *         *         *         *         *     1.357     5.000    -9.000     0.000     1.000     0.000     1.000     2.000         *         *         *         *         *   263.624    55.762   -18.195    12.070    11.202     0.707    -0.384     0.098
   280.000         *         *         *         *         *         *    13.000    14.000         *         *         *         *         *     0.946     5.000    -1.000     0.000     1.000     0.000     1.000     2.000         *         *         *         *         *   329.783    55.762   -16.648    12.070    13.453     0.707    -0.126     0.098
   300.000         *         *         *         *         *         *    12.000    13.000         *         *         *         *         *     0.760     9.000   -10.000     1.000     0.000     0.000     1.000     2.000         *         *         *         *         *   358.974    55.762   -30.033    12.070    12.328     0.707     0.067     0.098
   580.000         *         *         *         *         *         *    15.000    13.000         *         *         *         *         *     1.570    13.000     8.000     0.000     0.000     0.000     1.000     2.000         *         *         *         *         *   589.161    55.762   -33.899    12.070    13.264     0.707     0.247     0.098
