     8.000         *         *         *         *         *     0.700         *         *         *         *         *     0.000     0.000     0.000    17.816     0.000    -8.000     0.000     3.000     6.000    13.000    16.000    19.000    22.322     4.574    -1.292     0.179     0.932     0.260    -0.057     0.015
    14.000         *         *         *         *         *         *         *         *         *         *         *     0.000     1.000     0.000    16.108     0.000    -1.000     0.000     3.000     6.000    13.000    16.000    19.000    27.075     4.608    -1.234     0.180     1.685     0.520    -0.056     0.015
    28.000         *         *         *         *         *     1.600         *         *         *         *         *     0.000     0.000     1.000    16.108     0.000    -2.000     0.000     3.000     6.000    13.000    16.000    19.000    28.027     4.574    -1.066     0.179     1.587     0.260    -0.048     0.015
    40.000    34.000    39.000    45.000    23.000         *     3.700     3.810     3.990     3.540     2.940         *     0.000     1.000     0.000    -8.223     0.000    15.000     0.000     3.000     6.000    13.000    16.000    19.000    45.280     3.055    -0.831     0.123     3.905     0.151    -0.045     0.012
    35.000    50.000    45.000    27.000         *         *     3.100     2.900     3.100     2.650         *         *     0.000     1.000     0.000    -8.223     0.000    17.000     0.000     3.000     6.000    13.000    16.000    19.000    45.865     3.361    -0.840     0.136     3.213     0.155    -0.047     0.013
    50.000    45.000    45.000    46.000         *         *     2.200     1.900     1.350     1.150         *         *     0.000     1.000     0.000    -8.650     0.000    11.000     0.000     3.000     6.000    13.000    16.000    19.000    46.952     3.361    -0.767     0.136     2.032     0.155    -0.055     0.013
    30.000    35.000    33.000         *         *         *     2.400     1.900     1.750         *         *         *     0.000     1.000     0.000    -8.997     0.000     0.000     0.000     3.000     6.000    13.000    16.000    19.000    39.092     3.755    -0.866     0.153     2.239     0.166    -0.051     0.014
    56.000    51.000    42.000    35.000    34.000    46.000     4.000     4.100     4.150     3.540     3.490     2.830     0.000     0.000     0.000   -10.008     0.000     8.000     0.000     3.000     6.000    13.000    16.000    19.000    48.418     2.812    -0.655     0.113     4.039     0.150    -0.042     0.011
    59.000    50.000    48.000    55.000    42.000    43.000     3.400     3.600     3.400     2.520     3.060     2.490     0.000     1.000     0.000   -10.005     0.000     6.000     0.000     3.000     6.000    13.000    16.000    19.000    50.997     2.812    -0.549     0.113     3.423     0.150    -0.039     0.011
    12.000         *         *         *         *         *         *         *         *         *         *         *     0.000     0.000     0.000    12.623     0.000    -7.000     0.000     3.000     6.000    13.000    16.000    19.000    26.115     4.608    -1.180     0.180     1.718     0.520    -0.053     0.015
    23.000    25.000         *         *         *         *         *         *         *         *         *         *     0.000     1.000     1.000     7.288     0.000     5.000     0.000     3.000     6.000    13.000    16.000    19.000    32.221     4.176    -1.026     0.167     1.985     0.518    -0.050     0.015
    22.000    29.000    25.000         *         *         *         *     1.300     0.800         *         *         *     0.000     0.000     0.000     7.288     2.000    -6.000     0.000     3.000     6.000    13.000    16.000    19.000    29.792     3.756    -1.071     0.153     1.399     0.200    -0.055     0.014
    19.000    26.000         *         *         *         *     3.100     2.900         *         *         *         *     0.000     0.000     0.000     7.122     0.000     1.000     0.000     3.000     6.000    13.000    16.000    19.000    32.099     4.138    -1.084     0.166     2.982     0.196    -0.050     0.015
    32.000    27.000         *         *         *         *     2.000     2.000         *         *         *         *     0.000     0.000     1.000     7.221     0.000    -2.000     0.000     3.000     6.000    13.000    16.000    19.000    32.188     4.138    -0.926     0.166     2.047     0.196    -0.044     0.015
    36.000    25.000    15.000         *         *         *     2.900     2.750     2.810         *         *         *     0.000     0.000     0.000     8.436     3.000     1.000     0.000     3.000     6.000    13.000    16.000    19.000    32.037     3.755    -1.062     0.153     2.913     0.166    -0.048     0.014
    32.000         *         *         *         *         *     2.100         *         *         *         *         *     0.000     0.000     0.000     6.127     3.000     1.000     0.000     3.000     6.000    13.000    16.000    19.000    33.895     4.574    -1.007     0.179     2.191     0.260    -0.050     0.015
    37.000         *         *         *         *         *     3.200         *         *         *         *         *     0.000     0.000     0.000     6.922     3.000     5.000     0.000     3.000     6.000    13.000    16.000    19.000    36.357     4.574    -0.978     0.179     3.042     0.260    -0.048     0.015
    32.000         *         *         *         *         *     2.900         *         *         *         *         *     1.000     0.000     0.000     6.859     3.000     5.000     0.000     3.000     6.000    13.000    16.000    19.000    34.174     4.574    -1.187     0.179     2.711     0.260    -0.032     0.015
    36.000    26.000    28.000         *         *         *     1.600     2.000     1.650         *         *         *     0.000     0.000     0.000     5.583     0.000    -5.000     0.000     3.000     6.000    13.000    16.000    19.000    33.137     3.755    -0.969     0.153     1.913     0.166    -0.046     0.014
    41.000    33.000    30.000         *         *         *     1.900     2.000     1.650         *         *         *     0.000     0.000     1.000     5.581     0.000     2.000     0.000     3.000     6.000    13.000    16.000    19.000    35.480     3.755    -0.872     0.153     1.991     0.166    -0.044     0.014
    42.000    44.000    41.000         *         *         *     2.100     1.770     1.300         *         *         *     0.000     1.000     0.000     7.339     1.000     8.000     0.000     3.000     6.000    13.000    16.000    19.000    39.567     3.755    -0.947     0.153     1.922     0.166    -0.052     0.014
    50.000    30.000         *         *         *         *         *     1.590         *         *         *         *     1.000     1.000     1.000     7.339     0.000     2.000     0.000     3.000     6.000    13.000    16.000    19.000    35.384     4.138    -1.021     0.166     1.642     0.259    -0.025     0.015
    30.000    35.000    21.000         *         *         *     3.100     2.900     2.900         *         *         *     0.000     0.000     0.000     5.217     0.000     6.000     0.000     3.000     6.000    13.000    16.000    19.000    35.401     3.755    -1.037     0.153     3.066     0.166    -0.049     0.014
         *    44.000    34.000         *         *         *         *     2.500     2.100         *         *         *     0.000     0.000     0.000     8.511     0.000     6.000     0.000     3.000     6.000    13.000    16.000    19.000    37.870     4.004    -0.961     0.160     2.487     0.200    -0.047     0.014
         *    29.000         *         *         *         *         *     2.350         *         *         *         *     0.000     0.000     1.000     8.511     0.000     8.000     0.000     3.000     6.000    13.000    16.000    19.000    34.629     4.477    -0.975     0.175     2.428     0.259    -0.047     0.015
    49.000    45.000    39.000    22.000    22.000         *     2.400     2.600     2.460     1.550     1.310         *     0.000     1.000     0.000     4.945     1.000    -1.000     0.000     3.000     6.000    13.000    16.000    19.000    38.343     3.055    -0.898     0.123     2.435     0.151    -0.052     0.012
    36.000    36.000    35.000         *         *         *     2.300     2.180     2.140         *         *         *     0.000     1.000     0.000     5.045     2.000    -1.000     0.000     3.000     6.000    13.000    16.000    19.000    36.791     3.755    -0.897     0.153     2.331     0.166    -0.045     0.014
    37.000    45.000    31.000         *         *         *     2.100     2.350     2.570         *         *         *     1.000     1.000     1.000     3.739     1.000     2.000     0.000     3.000     6.000    13.000    16.000    19.000    37.837     3.755    -0.911     0.153     2.319     0.166    -0.017     0.014
    40.000         *         *         *         *         *     2.000         *         *         *         *         *     0.000     1.000     0.000     5.531     0.000    -4.000     0.000     3.000     6.000    13.000    16.000    19.000    35.334     4.574    -0.925     0.179     2.007     0.260    -0.046     0.015
    22.000         *         *         *         *         *         *         *         *         *         *         *     0.000     1.000     1.000     5.531     0.000    -3.000     0.000     3.000     6.000    13.000    16.000    19.000    31.603     4.608    -0.943     0.180     1.787     0.520    -0.046     0.015
    37.000         *         *         *         *         *     2.400         *         *         *         *         *     0.000     1.000     0.000     2.030     2.000     9.000     0.000     3.000     6.000    13.000    16.000    19.000    39.122     4.574    -0.953     0.179     2.491     0.260    -0.050     0.015
    32.000    33.000    32.000         *         *         *     3.600     3.700     3.520         *         *         *     0.000     0.000     0.000     2.930     1.000     6.000     0.000     3.000     6.000    13.000    16.000    19.000    38.033     3.755    -0.936     0.153     3.642     0.166    -0.044     0.014
    24.000    25.000    19.000         *         *         *     3.400     3.150     3.060         *         *         *     0.000     1.000     0.000     2.930     0.000     8.000     0.000     3.000     6.000    13.000    16.000    19.000    34.623     3.755    -1.099     0.153     3.306     0.166    -0.053     0.014
    37.000    32.000         *         *         *         *         *     1.700         *         *         *         *     0.000     1.000     0.000     2.982     1.000    -2.000     0.000     3.000     6.000    13.000    16.000    19.000    35.702     4.138    -0.934     0.166     1.954     0.259    -0.048     0.015
    46.000    45.000    41.000    27.000         *         *     2.100     2.120     2.140     1.810         *         *     0.000     1.000     0.000     3.127     0.000    -6.000     0.000     3.000     6.000    13.000    16.000    19.000    39.560     3.361    -0.746     0.136     2.219     0.155    -0.036     0.013
    54.000    35.000    43.000    36.000         *         *         *     2.620     2.870     2.170         *         *     0.000     0.000     0.000     3.127     0.000     2.000     0.000     3.000     6.000    13.000    16.000    19.000    41.680     3.363    -0.782     0.137     2.815     0.181    -0.040     0.013
    32.000    20.000    20.000         *         *         *     3.000     2.870     2.540         *         *         *     0.000     0.000     0.000     3.597     1.000     1.000     0.000     3.000     6.000    13.000    16.000    19.000    32.794     3.755    -1.060     0.153     2.921     0.166    -0.051     0.014
    35.000         *    17.000         *         *         *     2.600         *     2.250         *         *         *     0.000     1.000     0.000     2.597     0.000    -4.000     0.000     3.000     6.000    13.000    16.000    19.000    33.926     4.060    -0.972     0.161     2.523     0.197    -0.047     0.014
    35.000         *         *         *         *         *         *         *         *         *         *         *     0.000     1.000     0.000     1.161     0.000    -2.000     0.000     3.000     6.000    13.000    16.000    19.000    36.841     4.608    -0.900     0.180     2.305     0.520    -0.046     0.015
    47.000    47.000         *         *         *         *     2.700     2.700         *         *         *         *     0.000     1.000     0.000     1.919     0.000    10.000     0.000     3.000     6.000    13.000    16.000    19.000    43.010     4.138    -0.849     0.166     2.749     0.196    -0.045     0.015
    37.000    35.000    37.000    35.000    28.000    22.000     2.800     2.750     3.020     2.210     2.090         *     0.000     0.000     0.000     2.048     0.000     7.000     0.000     3.000     6.000    13.000    16.000    19.000    40.273     2.816    -0.893     0.115     2.913     0.151    -0.047     0.012
    44.000    41.000    34.000         *         *         *     2.200     2.320     1.940         *         *         *     0.000     1.000     0.000     2.303     0.000     1.000     0.000     3.000     6.000    13.000    16.000    19.000    39.359     3.755    -0.856     0.153     2.289     0.166    -0.044     0.014
    18.000         *         *         *         *         *         *         *         *         *         *         *     1.000     0.000     0.000     2.303     0.000    -2.000     0.000     3.000     6.000    13.000    16.000    19.000    31.277     4.608    -1.211     0.180     1.875     0.520    -0.034     0.015
    40.000    43.000         *         *         *         *     2.300     2.500         *         *         *         *     0.000     0.000     0.000     1.484     0.000    11.000     0.000     3.000     6.000    13.000    16.000    19.000    40.883     4.138    -0.922     0.166     2.525     0.196    -0.048     0.015
    34.000    26.000    25.000    15.000    12.000    24.000     2.200     2.300     2.100     1.320     1.520     1.690     0.000     0.000     0.000     1.481     0.000     9.000     0.000     3.000     6.000    13.000    16.000    19.000    35.551     2.812    -1.070     0.113     2.385     0.150    -0.053     0.011
    20.000         *         *         *         *         *     3.000         *         *         *         *         *     0.000     1.000     0.000    -0.223     3.000    13.000     0.000     3.000     6.000    13.000    16.000    19.000    38.334     4.574    -1.023     0.179     3.042     0.260    -0.054     0.015
    22.000         *         *         *         *         *     2.600         *         *         *         *         *     0.000     1.000     0.000    -0.072     3.000    14.000     0.000     3.000     6.000    13.000    16.000    19.000    38.470     4.574    -1.031     0.179     2.744     0.260    -0.055     0.015
    36.000         *         *         *         *         *     2.000         *         *         *         *         *     0.000     0.000     0.000     0.141     0.000     1.000     0.000     3.000     6.000    13.000    16.000    19.000    37.113     4.574    -0.921     0.179     2.144     0.260    -0.048     0.015
    28.000    36.000    30.000         *         *         *         *     1.800     1.700         *         *         *     0.000     0.000     1.000     0.135     0.000    -2.000     0.000     3.000     6.000    13.000    16.000    19.000    35.002     3.756    -0.837     0.153     1.974     0.200    -0.044     0.014
    35.000         *         *         *         *         *     1.700         *         *         *         *         *     0.000     1.000     1.000     1.836     0.000    -6.000     0.000     3.000     6.000    13.000    16.000    19.000    34.582     4.574    -0.807     0.179     1.741     0.260    -0.042     0.015
    44.000    40.000         *         *         *         *     2.100         *         *         *         *         *     0.000     1.000     1.000     1.836     0.000    -7.000     0.000     3.000     6.000    13.000    16.000    19.000    37.257     4.151    -0.705     0.166     2.028     0.259    -0.037     0.015
    33.000    35.000    39.000         *         *         *     2.100     2.300     2.570         *         *         *     0.000     1.000     0.000     1.156     0.000     1.000     0.000     3.000     6.000    13.000    16.000    19.000    38.762     3.755    -0.855     0.153     2.447     0.166    -0.041     0.014
    48.000    44.000    38.000    40.000    30.000    34.000     2.900     2.920     2.860     2.530     2.870     2.450     0.000     1.000     0.000     1.156     0.000     1.000     0.000     3.000     6.000    13.000    16.000    19.000    43.512     2.812    -0.676     0.113     2.995     0.150    -0.029     0.011
    39.000    45.000    38.000    26.000    24.000    12.000     2.500     2.400     2.410     1.590     1.460     1.400     0.000     1.000     0.000     0.575     3.000     6.000     0.000     3.000     6.000    13.000    16.000    19.000    38.779     2.812    -0.956     0.113     2.504     0.150    -0.056     0.011
    39.000    37.000    32.000    32.000    24.000    15.000     2.600     2.550     2.230     1.600     1.240     1.410     0.000     1.000     0.000     0.575     2.000     2.000     0.000     3.000     6.000    13.000    16.000    19.000    37.934     2.812    -0.948     0.113     2.489     0.150    -0.058     0.011
    45.000    45.000    33.000         *         *         *     1.200     0.850     1.020         *         *         *     0.000     1.000     0.000    -0.200     0.000     1.000     0.000     3.000     6.000    13.000    16.000    19.000    39.508     3.755    -0.858     0.153     1.287     0.166    -0.048     0.014
    60.000    46.000    43.000         *         *         *     1.500     1.300     1.810         *         *         *     0.000     0.000     0.000    -0.200     0.000     1.000     0.000     3.000     6.000    13.000    16.000    19.000    43.062     3.755    -0.717     0.153     1.726     0.166    -0.039     0.014
    38.000    35.000         *         *         *         *     3.000     2.650         *         *         *         *     0.000     0.000     1.000     0.964     0.000     7.000     0.000     3.000     6.000    13.000    16.000    19.000    38.520     4.138    -0.837     0.166     2.835     0.196    -0.044     0.015
    42.000    30.000         *         *         *         *     3.000     3.150         *         *         *         *     0.000     0.000     0.000     0.997     0.000     8.000     0.000     3.000     6.000    13.000    16.000    19.000    39.386     4.138    -0.932     0.166     3.100     0.196    -0.047     0.015
    28.000    24.000    35.000    22.000    22.000     1.000     2.500     2.150     1.750         *         *         *     0.000     0.000     1.000    -1.358     0.000     0.000     0.000     3.000     6.000    13.000    16.000    19.000    33.100     2.825    -0.948     0.120     2.287     0.166    -0.052     0.013
    33.000    36.000    36.000         *         *         *         *     1.850     1.550         *         *         *     0.000     1.000     0.000    -1.358     0.000    -4.000     0.000     3.000     6.000    13.000    16.000    19.000    37.381     3.756    -0.862     0.153     1.963     0.200    -0.047     0.014
    45.000         *         *         *         *         *     3.100         *         *         *         *         *     0.000     1.000     0.000    -0.183     2.000     2.000     0.000     3.000     6.000    13.000    16.000    19.000    40.493     4.574    -0.818     0.179     2.966     0.260    -0.043     0.015
    38.000    42.000         *         *         *         *     2.800     2.800         *         *         *         *     0.000     0.000     1.000    -0.183     1.000     8.000     0.000     3.000     6.000    13.000    16.000    19.000    40.140     4.138    -0.785     0.166     2.825     0.196    -0.042     0.015
    27.000    26.000    25.000         *         *         *         *     0.570     2.300     0.440         *         *     0.000     0.000     0.000    -0.339     0.000    -6.000     0.000     3.000     6.000    13.000    16.000    19.000    31.835     3.700    -1.024     0.148     1.588     0.182    -0.055     0.013
    18.000    21.000    17.000         *         *         *         *     1.300     0.860         *         *         *     0.000     0.000     0.000    -0.339     0.000    -3.000     0.000     3.000     6.000    13.000    16.000    19.000    29.751     3.756    -1.129     0.153     1.505     0.200    -0.060     0.014
    31.000    34.000    34.000         *         *         *         *     1.500     1.510         *         *         *     0.000     1.000     0.000    -0.460     0.000     1.000     0.000     3.000     6.000    13.000    16.000    19.000    37.055     3.756    -0.937     0.153     1.831     0.200    -0.050     0.014
         *         *         *         *         *         *     1.500         *         *         *         *         *     0.000     1.000     0.000    -0.447     1.000    -2.000     0.000     3.000     6.000    13.000    16.000    19.000    36.694     5.021    -0.898     0.191     1.729     0.260    -0.048     0.015
    43.000    46.000    33.000         *         *         *     1.000     1.000     0.900         *         *         *     1.000     0.000     1.000    -1.575     0.000    11.000     0.000     3.000     6.000    13.000    16.000    19.000    39.782     3.755    -0.989     0.153     1.170     0.166    -0.031     0.014
    40.000    37.000    36.000    22.000     9.000    17.000         *         *     2.810     1.170     1.900     1.680     0.000     0.000     0.000    -0.167     0.000    -2.000     0.000     3.000     6.000    13.000    16.000    19.000    35.781     2.814    -0.957     0.115     2.586     0.201    -0.052     0.012
    57.000    63.000    65.000    46.000    44.000         *     2.900     3.200     3.580     3.230     2.930         *     0.000     0.000     0.000    -1.277     2.000    16.000     0.000     3.000     6.000    13.000    16.000    19.000    52.639     3.055    -0.542     0.123     3.346     0.151    -0.026     0.012
    40.000         *    33.000         *         *         *     2.300         *     2.700         *         *         *     0.000     1.000     0.000    -0.011     0.000    -2.000     0.000     3.000     6.000    13.000    16.000    19.000    38.892     4.060    -0.814     0.161     2.583     0.197    -0.039     0.014
    41.000    34.000    35.000         *         *         *     1.900     1.600     1.700         *         *         *     0.000     1.000     1.000    -0.783     0.000    -4.000     0.000     3.000     6.000    13.000    16.000    19.000    37.371     3.755    -0.740     0.153     1.869     0.166    -0.040     0.014
    48.000    41.000    42.000    31.000         *         *     3.400     3.030     3.060     2.380         *         *     0.000     1.000     0.000    -0.247     0.000    -5.000     0.000     3.000     6.000    13.000    16.000    19.000    41.031     3.361    -0.736     0.136     3.110     0.155    -0.040     0.013
    40.000    35.000    35.000    35.000    30.000    25.000     3.000     3.100     3.090     2.600     2.650     1.940     0.000     1.000     0.000    -1.146     1.000     4.000     0.000     3.000     6.000    13.000    16.000    19.000    41.163     2.812    -0.828     0.113     3.129     0.150    -0.045     0.011
    25.000         *         *         *         *         *     2.800         *         *         *         *         *     0.000     1.000     0.000    -0.895     2.000     8.000     0.000     3.000     6.000    13.000    16.000    19.000    38.300     4.574    -0.966     0.179     2.834     0.260    -0.051     0.015
    35.000    36.000    32.000         *         *         *     1.300         *     1.390         *         *         *     0.000     1.000     0.000    -0.881     1.000     2.000     0.000     3.000     6.000    13.000    16.000    19.000    37.701     3.757    -0.915     0.153     1.649     0.197    -0.049     0.014
    45.000    32.000    32.000     7.000         *         *         *     2.900     2.900     2.260         *         *     0.000     0.000     0.000    -2.070     0.000     5.000     0.000     3.000     6.000    13.000    16.000    19.000    37.013     3.363    -0.992     0.137     3.051     0.181    -0.051     0.013
    47.000    34.000    28.000    18.000    24.000         *     3.100     3.050     2.600     2.470     2.760         *     0.000     1.000     0.000    -2.070     0.000    -3.000     0.000     3.000     6.000    13.000    16.000    19.000    38.008     3.055    -0.830     0.123     3.042     0.151    -0.037     0.012
    39.000    45.000    43.000    28.000    18.000         *         *     2.650     2.000     2.140         *         *     0.000     0.000     0.000    -0.262     1.000     7.000     0.000     3.000     6.000    13.000    16.000    19.000    40.302     3.065    -0.892     0.127     2.618     0.181    -0.047     0.013
    42.000    32.000    39.000    20.000         *         *     2.600     2.450     2.330     1.610         *         *     0.000     1.000     0.000    -0.914     0.000     1.000     0.000     3.000     6.000    13.000    16.000    19.000    38.208     3.361    -0.917     0.136     2.526     0.155    -0.051     0.013
    52.000    40.000    50.000         *         *         *     2.600     2.800     2.650         *         *         *     0.000     1.000     0.000    -1.359     2.000     5.000     0.000     3.000     6.000    13.000    16.000    19.000    44.421     3.755    -0.717     0.153     2.785     0.166    -0.039     0.014
    68.000    63.000    36.000    37.000         *         *     2.900     2.850     2.670     2.250         *         *     0.000     0.000     0.000    -0.556     0.000     3.000     0.000     3.000     6.000    13.000    16.000    19.000    46.216     3.361    -0.655     0.136     2.838     0.155    -0.037     0.013
    36.000    28.000    30.000         *         *         *     2.300         *     1.760         *         *         *     0.000     0.000     0.000    -0.822     0.000     0.000     0.000     3.000     6.000    13.000    16.000    19.000    36.024     3.757    -0.954     0.153     2.233     0.197    -0.051     0.014
    36.000         *         *         *         *         *         *         *         *         *         *         *     0.000     1.000     0.000    -0.822     0.000     1.000     0.000     3.000     6.000    13.000    16.000    19.000    38.593     4.608    -0.881     0.180     2.490     0.520    -0.046     0.015
    44.000         *         *         *         *         *     1.900         *         *         *         *         *     0.000     1.000     0.000    -1.150     3.000    -2.000     0.000     3.000     6.000    13.000    16.000    19.000    38.591     4.574    -0.823     0.179     2.045     0.260    -0.045     0.015
    32.000         *         *         *         *         *     3.800         *         *         *         *         *     0.000     0.000     0.000    -1.536     0.000    16.000     0.000     3.000     6.000    13.000    16.000    19.000    41.990     4.574    -0.953     0.179     3.665     0.260    -0.050     0.015
    37.000    49.000    45.000    40.000    30.000    38.000     2.400     2.080     2.410     1.950     2.050     1.850     0.000     1.000     0.000    -1.538     0.000     0.000     0.000     3.000     6.000    13.000    16.000    19.000    43.920     2.812    -0.662     0.113     2.440     0.150    -0.033     0.011
    38.000         *         *         *         *         *     1.300         *         *         *         *         *     0.000     0.000     1.000    -2.167     0.000     6.000     0.000     3.000     6.000    13.000    16.000    19.000    38.200     4.574    -0.833     0.179     1.615     0.260    -0.046     0.015
    25.000    35.000    24.000    37.000    30.000    25.000     2.500     2.820     2.860     2.310     2.260         *     0.000     0.000     1.000    -2.167     0.000    -2.000     0.000     3.000     6.000    13.000    16.000    19.000    37.660     2.816    -0.721     0.115     2.789     0.151    -0.035     0.012
    38.000    31.000    34.000         *         *         *     1.700     1.570     1.520         *         *         *     0.000     1.000     0.000    -2.481     0.000    -8.000     0.000     3.000     6.000    13.000    16.000    19.000    36.650     3.755    -0.831     0.153     1.780     0.166    -0.044     0.014
    41.000    38.000    40.000    21.000    20.000         *     1.900     2.020     2.150     1.900     1.510         *     0.000     1.000     1.000    -2.505     0.000    12.000     0.000     3.000     6.000    13.000    16.000    19.000    39.932     3.055    -0.849     0.123     2.254     0.151    -0.043     0.012
    44.000         *    40.000    45.000         *         *     2.400         *     2.570     1.680         *         *     0.000     1.000     0.000    -2.505     0.000     9.000     0.000     3.000     6.000    13.000    16.000    19.000    44.543     3.570    -0.794     0.142     2.541     0.176    -0.047     0.013
    43.000    43.000    40.000    37.000    26.000    20.000     3.000     3.000     3.090     2.490     2.870     2.180     0.000     0.000     0.000    -3.381     1.000     5.000     0.000     3.000     6.000    13.000    16.000    19.000    41.948     2.812    -0.796     0.113     3.139     0.150    -0.040     0.011
    42.000    27.000    38.000         *         *         *         *         *     2.190         *         *         *     0.000     0.000     0.000    -1.962     0.000     3.000     0.000     3.000     6.000    13.000    16.000    19.000    38.877     3.757    -0.892     0.153     2.523     0.263    -0.048     0.014
    49.000         *    46.000         *         *         *     2.700         *     2.600         *         *         *     0.000     0.000     0.000    -1.464     0.000    -1.000     0.000     3.000     6.000    13.000    16.000    19.000    42.150     4.060    -0.723     0.161     2.722     0.197    -0.038     0.014
    35.000    22.000         *         *         *         *     1.700     1.580         *         *         *         *     0.000     1.000     1.000    -2.745     0.000     1.000     0.000     3.000     6.000    13.000    16.000    19.000    35.619     4.138    -0.865     0.166     1.806     0.196    -0.047     0.015
    44.000    40.000    25.000         *         *         *     0.900         *         *         *         *         *     0.000     1.000     0.000    -2.745     0.000     7.000     0.000     3.000     6.000    13.000    16.000    19.000    39.363     3.776    -0.936     0.155     1.352     0.259    -0.052     0.015
    32.000    38.000    29.000    26.000         *         *     1.700     2.000     1.250     1.350         *         *     0.000     0.000     0.000    -4.216     0.000    -5.000     0.000     3.000     6.000    13.000    16.000    19.000    36.687     3.361    -0.862     0.136     1.887     0.155    -0.047     0.013
    35.000    30.000    26.000         *         *         *     2.500     2.650     2.490         *         *         *     0.000     0.000     1.000    -4.213     0.000    -7.000     0.000     3.000     6.000    13.000    16.000    19.000    35.590     3.755    -0.744     0.153     2.621     0.166    -0.037     0.014
    29.000    44.000    40.000         *    27.000         *     2.400     2.500     2.650         *         *         *     0.000     1.000     0.000    -4.467     0.000     1.000     0.000     3.000     6.000    13.000    16.000    19.000    40.848     3.338    -0.793     0.138     2.644     0.166    -0.041     0.014
    44.000    39.000    40.000    21.000         *    27.000     2.400     1.900     2.100         *     2.080     1.440     0.000     1.000     0.000    -3.750     0.000    -4.000     0.000     3.000     6.000    13.000    16.000    19.000    40.075     3.011    -0.755     0.119     2.321     0.155    -0.038     0.011
    26.000    40.000    32.000         *         *         *         *     2.050     1.520         *         *         *     0.000     1.000     0.000    -2.839     0.000     0.000     0.000     3.000     6.000    13.000    16.000    19.000    37.517     3.756    -0.913     0.153     2.074     0.200    -0.051     0.014
    53.000    36.000    36.000         *         *         *     3.000     3.000     2.760         *         *         *     0.000     1.000     0.000    -2.842     0.000     9.000     0.000     3.000     6.000    13.000    16.000    19.000    43.323     3.755    -0.827     0.153     3.034     0.166    -0.045     0.014
    26.000    54.000         *         *    24.000    29.000     3.000         *         *         *     2.680     2.120     1.000     1.000     0.000    -4.333     2.000     8.000     0.000     3.000     6.000    13.000    16.000    19.000    42.254     3.164    -0.976     0.123     2.918     0.197    -0.029     0.011
    41.000    35.000    38.000         *         *         *         *     2.800     2.800         *         *         *     0.000     0.000     0.000    -5.003     1.000    10.000     0.000     3.000     6.000    13.000    16.000    19.000    42.095     3.756    -0.866     0.153     3.036     0.200    -0.048     0.014
         *    34.000    43.000    34.000         *         *         *     2.650     2.700     2.380         *         *     0.000     1.000     0.000     0.800     1.000    -5.000     0.000     3.000     6.000    13.000    16.000    19.000    39.868     3.538    -0.738     0.141     2.779     0.181    -0.036     0.013
    36.000         *         *         *    30.000    25.000         *         *         *         *     2.190     2.030     0.000     0.000     0.000    -4.027     0.000    -4.000     0.000     3.000     6.000    13.000    16.000    19.000    39.453     3.339    -0.767     0.130     2.758     0.263    -0.039     0.013
    45.000    33.000    31.000         *    27.000    32.000     3.000     2.800     2.830         *     2.630     2.810     0.000     1.000     0.000    -3.777     0.000     0.000     0.000     3.000     6.000    13.000    16.000    19.000    41.433     2.997    -0.722     0.119     3.047     0.154    -0.029     0.011
    42.000    37.000    32.000         *         *         *     2.000     1.950     2.830         *         *         *     0.000     1.000     0.000    -3.844     3.000     7.000     0.000     3.000     6.000    13.000    16.000    19.000    41.175     3.755    -0.830     0.153     2.450     0.166    -0.042     0.014
    43.000    43.000    45.000    25.000         *         *     2.200     2.200     2.110     1.790         *         *     0.000     1.000     1.000    -4.372     1.000    11.000     0.000     3.000     6.000    13.000    16.000    19.000    42.565     3.361    -0.756     0.136     2.348     0.155    -0.044     0.013
    42.000         *         *         *         *         *     3.200         *         *         *         *         *     0.000     1.000     0.000    -5.220     2.000     8.000     0.000     3.000     6.000    13.000    16.000    19.000    43.288     4.574    -0.803     0.179     3.156     0.260    -0.045     0.015
    35.000    33.000         *         *         *         *     2.500     2.370         *         *         *         *     0.000     0.000     0.000    -3.258     0.000   -10.000     0.000     3.000     6.000    13.000    16.000    19.000    36.204     4.138    -0.809     0.166     2.474     0.196    -0.042     0.015
    43.000         *         *         *         *         *     2.200         *         *         *         *         *     0.000     1.000     0.000    -3.872     0.000     0.000     0.000     3.000     6.000    13.000    16.000    19.000    40.499     4.574    -0.806     0.179     2.291     0.260    -0.044     0.015
    38.000    40.000    41.000         *         *         *     2.700     2.650     2.850         *         *         *     0.000     0.000     0.000    -5.556     3.000     0.000     0.000     3.000     6.000    13.000    16.000    19.000    41.242     3.755    -0.741     0.153     2.857     0.166    -0.040     0.014
    54.000    51.000    40.000         *         *         *     2.300     2.550     2.000         *         *         *     0.000     0.000     0.000    -5.556     0.000     5.000     0.000     3.000     6.000    13.000    16.000    19.000    44.899     3.755    -0.721     0.153     2.451     0.166    -0.043     0.014
    22.000    39.000    39.000    26.000    20.000         *     3.400     2.600     2.650     2.390     1.560         *     0.000     1.000     1.000    -5.892     0.000     4.000     0.000     3.000     6.000    13.000    16.000    19.000    37.975     3.055    -0.869     0.123     2.919     0.151    -0.056     0.012
    44.000         *         *         *         *         *     2.800         *         *         *         *         *     0.000     0.000     0.000    -5.908     0.000    -1.000     0.000     3.000     6.000    13.000    16.000    19.000    41.127     4.574    -0.764     0.179     2.782     0.260    -0.042     0.015
    43.000    48.000    37.000    30.000         *         *     2.300     2.470     2.230     1.900         *         *     0.000     1.000     0.000    -4.172     1.000     2.000     0.000     3.000     6.000    13.000    16.000    19.000    42.129     3.361    -0.770     0.136     2.476     0.155    -0.043     0.013
    29.000    38.000    36.000         *         *         *     1.900     2.250     2.270         *         *         *     0.000     1.000     0.000    -4.172     0.000     1.000     0.000     3.000     6.000    13.000    16.000    19.000    39.366     3.755    -0.841     0.153     2.314     0.166    -0.043     0.014
    44.000    46.000         *    34.000    18.000         *     3.700     3.250         *     3.170     2.650         *     0.000     1.000     0.000    -3.470     2.000     7.000     0.000     3.000     6.000    13.000    16.000    19.000    42.304     3.234    -0.824     0.128     3.493     0.164    -0.044     0.012
    41.000    40.000    35.000    27.000    31.000    25.000     3.800     3.350     3.200     3.250     3.130     2.950     0.000     0.000     0.000    -6.056     2.000     1.000     0.000     3.000     6.000    13.000    16.000    19.000    41.272     2.812    -0.748     0.113     3.586     0.150    -0.036     0.011
    42.000         *         *         *         *         *     2.700         *         *         *         *         *     0.000     1.000     0.000    -4.866     0.000     0.000     0.000     3.000     6.000    13.000    16.000    19.000    41.170     4.574    -0.783     0.179     2.681     0.260    -0.043     0.015
    35.000         *         *         *         *         *     2.100         *         *         *         *         *     0.000     0.000     0.000    -4.866     0.000     0.000     0.000     3.000     6.000    13.000    16.000    19.000    38.725     4.574    -0.855     0.179     2.265     0.260    -0.046     0.015
    20.000         *    40.000         *         *         *     2.400     2.060     1.890         *         *         *     0.000     1.000     0.000    -4.430     0.000     1.000     0.000     3.000     6.000    13.000    16.000    19.000    38.009     4.047    -0.907     0.161     2.313     0.167    -0.051     0.014
    42.000    43.000    37.000         *         *         *     3.300     3.330     2.650         *         *         *     0.000     1.000     0.000    -3.928     3.000     3.000     0.000     3.000     6.000    13.000    16.000    19.000    42.034     3.755    -0.780     0.153     3.184     0.166    -0.045     0.014
    45.000    38.000    40.000         *         *         *     2.900     3.100     2.820         *         *         *     0.000     0.000     0.000    -4.833     0.000    -9.000     0.000     3.000     6.000    13.000    16.000    19.000    40.440     3.755    -0.674     0.153     2.977     0.166    -0.034     0.014
    33.000    33.000    39.000    40.000    30.000    26.000         *         *     2.730     1.890     1.270     1.590     0.000     1.000     0.000    -4.833     0.000    -7.000     0.000     3.000     6.000    13.000    16.000    19.000    39.854     2.814    -0.761     0.115     2.494     0.201    -0.048     0.012
    45.000    39.000         *         *         *         *     2.800     2.550         *         *         *         *     0.000     1.000     0.000    -4.736     0.000    -3.000     0.000     3.000     6.000    13.000    16.000    19.000    41.069     4.138    -0.749     0.166     2.701     0.196    -0.041     0.015
    50.000    38.000    43.000         *         *         *     2.800     2.550     2.740         *         *         *     0.000     1.000     0.000    -4.736     0.000    -4.000     0.000     3.000     6.000    13.000    16.000    19.000    42.513     3.755    -0.680     0.153     2.768     0.166    -0.036     0.014
    38.000    37.000    40.000         *         *         *     2.300     2.450     2.600         *         *         *     0.000     1.000     1.000    -5.777     1.000     2.000     0.000     3.000     6.000    13.000    16.000    19.000    41.099     3.755    -0.673     0.153     2.558     0.166    -0.037     0.014
    48.000    37.000    35.000    13.000         *         *     3.000     2.800     2.430     1.290         *         *     0.000     1.000     0.000    -5.683     0.000     6.000     0.000     3.000     6.000    13.000    16.000    19.000    39.233     3.361    -0.992     0.136     2.738     0.155    -0.064     0.013
    42.000    36.000    32.000    34.000    20.000    25.000     3.200     3.100     3.150     2.870     2.680     1.870     0.000     1.000     0.000    -4.358     0.000     6.000     0.000     3.000     6.000    13.000    16.000    19.000    40.958     2.812    -0.879     0.113     3.252     0.150    -0.049     0.011
    45.000    43.000    37.000    27.000    20.000         *     3.500     3.400     3.450     3.230     3.230         *     0.000     1.000     0.000    -6.656     0.000     7.000     0.000     3.000     6.000    13.000    16.000    19.000    42.720     3.055    -0.791     0.123     3.595     0.151    -0.035     0.012
    45.000         *         *         *         *         *     2.500         *         *         *         *         *     0.000     1.000     0.000    -5.473     3.000    10.000     0.000     3.000     6.000    13.000    16.000    19.000    43.579     4.574    -0.813     0.179     2.654     0.260    -0.047     0.015
    35.000    37.000    41.000         *         *         *         *     2.400     2.440         *         *         *     0.000     1.000     0.000    -5.761     0.000     2.000     0.000     3.000     6.000    13.000    16.000    19.000    41.246     3.756    -0.804     0.153     2.630     0.200    -0.044     0.014
    45.000    39.000    34.000         *         *         *     1.800     1.880     1.730         *         *         *     0.000     1.000     0.000    -5.761     0.000    12.000     0.000     3.000     6.000    13.000    16.000    19.000    42.751     3.755    -0.889     0.153     2.070     0.166    -0.051     0.014
    32.000    40.000    39.000    24.000         *         *     2.500     2.350     2.300     1.710         *         *     0.000     0.000     0.000    -6.973     2.000     8.000     0.000     3.000     6.000    13.000    16.000    19.000    40.398     3.361    -0.907     0.136     2.565     0.155    -0.054     0.013
    52.000    49.000    42.000    42.000    27.000    23.000     3.100     3.100     2.600     2.530     1.270     1.450     0.000     0.000     1.000    -7.570     3.000     2.000     0.000     3.000     6.000    13.000    16.000    19.000    42.331     2.812    -0.714     0.113     2.875     0.150    -0.058     0.011
    43.000    35.000    37.000    33.000    22.000    31.000     3.700         *     3.520     3.520         *     3.500     0.000     1.000     0.000    -4.978     0.000     4.000     0.000     3.000     6.000    13.000    16.000    19.000    42.560     2.814    -0.736     0.114     3.751     0.171    -0.029     0.011
    38.000    34.000    34.000    23.000    22.000    29.000     3.600     3.450     3.550     3.250     3.200     3.160     0.000     1.000     0.000    -4.978     0.000     2.000     0.000     3.000     6.000    13.000    16.000    19.000    40.374     2.812    -0.795     0.113     3.641     0.150    -0.033     0.011
         *    33.000    30.000    12.000    14.000         *         *     3.150     2.850     2.160     1.600         *     0.000     0.000     0.000    -3.816     0.000     3.000     0.000     3.000     6.000    13.000    16.000    19.000    35.405     3.187    -1.057     0.127     3.014     0.175    -0.062     0.012
    43.000    37.000    43.000    33.000    28.000         *         *     2.900     3.100     3.250     1.380     0.920     0.000     0.000     0.000    -6.917     1.000     3.000     0.000     3.000     6.000    13.000    16.000    19.000    40.932     3.038    -0.901     0.122     3.045     0.174    -0.066     0.011
    38.000    38.000    37.000    38.000    28.000    16.000     3.400     3.050     3.300     2.220     2.260         *     0.000     0.000     0.000    -6.917     1.000     2.000     0.000     3.000     6.000    13.000    16.000    19.000    40.608     2.816    -0.850     0.115     3.221     0.151    -0.053     0.012
    35.000    24.000    26.000    24.000    15.000    22.000     2.800     2.200     2.330     1.620     1.090     0.770     0.000     1.000     0.000    -6.092     0.000    -2.000     0.000     3.000     6.000    13.000    16.000    19.000    35.604     2.812    -1.022     0.113     2.467     0.150    -0.069     0.011
    20.000    29.000    29.000    15.000         *         *     2.100     1.500     1.400     1.140         *         *     0.000     1.000     0.000    -6.092     0.000    -3.000     0.000     3.000     6.000    13.000    16.000    19.000    33.981     3.361    -1.003     0.136     1.912     0.155    -0.057     0.013
    36.000    43.000    33.000    19.000    10.000         *     1.500     0.850     0.700     0.790     0.460         *     0.000     1.000     1.000    -6.716     0.000    -7.000     0.000     3.000     6.000    13.000    16.000    19.000    34.919     3.055    -0.808     0.123     1.281     0.151    -0.048     0.012
    47.000    37.000    43.000    42.000    30.000    32.000     1.800         *     1.650     0.990     0.950     1.110     0.000     1.000     0.000    -6.716     1.000    -2.000     0.000     3.000     6.000    13.000    16.000    19.000    42.906     2.813    -0.710     0.113     1.846     0.167    -0.047     0.011
    43.000    57.000    46.000         *         *         *         *     3.400     3.540         *         *         *     0.000     1.000     1.000    -7.611     1.000     2.000     0.000     3.000     6.000    13.000    16.000    19.000    46.412     3.756    -0.496     0.153     3.440     0.200    -0.028     0.014
    45.000    34.000    28.000         *         *         *     1.500     1.350     1.050     0.990         *         *     0.000     0.000     0.000    -8.361     0.000     8.000     0.000     3.000     6.000    13.000    16.000    19.000    40.287     3.693    -0.921     0.147     1.651     0.155    -0.055     0.013
    40.000    33.000    30.000         *         *         *     2.400     2.500     1.850         *         *         *     0.000     0.000     0.000    -8.138     1.000    -6.000     0.000     3.000     6.000    13.000    16.000    19.000    38.132     3.755    -0.802     0.153     2.421     0.166    -0.046     0.014
    30.000    32.000         *         *         *         *     2.000     2.300         *         *         *         *     0.000     0.000     1.000    -7.810     0.000    -3.000     0.000     3.000     6.000    13.000    16.000    19.000    37.356     4.138    -0.740     0.166     2.261     0.196    -0.041     0.015
    44.000    35.000    41.000    46.000         *         *     1.800     2.300     2.330     2.080         *         *     0.000     0.000     0.000    -7.325     1.000     2.000     0.000     3.000     6.000    13.000    16.000    19.000    43.977     3.361    -0.667     0.136     2.367     0.155    -0.035     0.013
    34.000    37.000    29.000    31.000    21.000    12.000     2.900     3.050     2.700     1.770     2.190     1.620     0.000     1.000     0.000    -8.939     0.000     0.000     0.000     3.000     6.000    13.000    16.000    19.000    38.175     2.812    -0.926     0.113     2.908     0.150    -0.057     0.011
    40.000    31.000    33.000    18.000    16.000         *     3.000         *     2.900     2.500     1.550         *     0.000     1.000     0.000    -8.908     0.000     2.000     0.000     3.000     6.000    13.000    16.000    19.000    37.986     3.056    -0.952     0.124     2.974     0.169    -0.057     0.012
    42.000    46.000    50.000    27.000    25.000    24.000     2.000     1.400     1.590     0.590     0.750         *     0.000     1.000     0.000    -7.710     2.000    18.000     0.000     3.000     6.000    13.000    16.000    19.000    43.950     2.816    -0.968     0.115     1.874     0.151    -0.067     0.012
    50.000    36.000    44.000    37.000    33.000    19.000     2.600     2.500     2.550     2.460         *     1.960     0.000     1.000     0.000    -7.209     0.000    -9.000     0.000     3.000     6.000    13.000    16.000    19.000    41.455     2.814    -0.646     0.114     2.667     0.152    -0.033     0.011
    44.000         *    39.000    22.000         *         *     2.000     1.880     1.990     1.610         *         *     0.000     0.000     0.000    -6.906     0.000     2.000     0.000     3.000     6.000    13.000    16.000    19.000    40.287     3.568    -0.830     0.142     2.180     0.155    -0.046     0.013
    38.000    38.000    41.000    25.000    14.000    14.000     2.200     2.180     2.410     1.760     1.710     1.320     0.000     0.000     0.000    -6.906     0.000    -4.000     0.000     3.000     6.000    13.000    16.000    19.000    37.246     2.812    -0.870     0.113     2.397     0.150    -0.047     0.011
    33.000    34.000    38.000         *         *         *     3.000     2.610     2.890         *         *         *     0.000     1.000     0.000    -7.500     0.000    -2.000     0.000     3.000     6.000    13.000    16.000    19.000    40.347     3.755    -0.778     0.153     2.938     0.166    -0.042     0.014
    38.000    34.000    41.000    38.000    32.000    31.000     3.400     2.980     3.230     2.620     2.790     2.390     0.000     0.000     0.000    -7.563     0.000    -5.000     0.000     3.000     6.000    13.000    16.000    19.000    41.897     2.812    -0.682     0.113     3.235     0.150    -0.038     0.011
         *         *    45.000    36.000    27.000    38.000         *         *     2.870     2.630     2.560     2.600     0.000     1.000     0.000    -0.861     2.000    -4.000     0.000     3.000     6.000    13.000    16.000    19.000    42.511     3.044    -0.639     0.119     3.011     0.201    -0.029     0.012
         *         *    41.000    32.000    20.000    26.000         *         *     2.980     2.260     1.820     3.050     0.000     1.000     0.000    -0.828     3.000    -2.000     0.000     3.000     6.000    13.000    16.000    19.000    39.726     3.044    -0.760     0.119     2.969     0.201    -0.035     0.012
    63.000    58.000    44.000    60.000    42.000         *     4.400     4.550     4.490     4.040     4.290         *     0.000     0.000     0.000    -7.908     1.000    19.000     0.000     3.000     6.000    13.000    16.000    19.000    54.221     3.055    -0.545     0.123     4.504     0.151    -0.028     0.012
    63.000    45.000    56.000    35.000    35.000         *     3.700     3.900     4.010     3.510     3.250         *     0.000     0.000     0.000    -7.895     3.000    12.000     0.000     3.000     6.000    13.000    16.000    19.000    48.968     3.055    -0.641     0.123     3.908     0.151    -0.036     0.012
    34.000    31.000    30.000         *         *         *     1.700     1.390     1.680     1.040         *         *     1.000     1.000     1.000    -7.145     1.000    12.000     0.000     3.000     6.000    13.000    16.000    19.000    38.331     3.693    -1.064     0.147     1.727     0.155    -0.038     0.013
    40.000    40.000    35.000    32.000    24.000    27.000     2.700     3.250     3.440     3.150     2.910     2.790     0.000     0.000     0.000    -6.911     1.000     6.000     0.000     3.000     6.000    13.000    16.000    19.000    42.256     2.812    -0.755     0.113     3.325     0.150    -0.030     0.011
    44.000    41.000    45.000    30.000         *         *         *     3.530     3.200     1.960         *         *     0.000     1.000     0.000    -7.683     0.000     6.000     0.000     3.000     6.000    13.000    16.000    19.000    43.670     3.363    -0.820     0.137     3.252     0.181    -0.054     0.013
    49.000    47.000    39.000    34.000    30.000    39.000     3.300     3.120     3.230     2.780     2.230     2.130     0.000     1.000     0.000    -8.208     1.000    -4.000     0.000     3.000     6.000    13.000    16.000    19.000    43.935     2.812    -0.663     0.113     3.186     0.150    -0.045     0.011
    46.000    46.000    44.000         *         *         *     3.400         *     2.740         *         *         *     0.000     1.000     0.000    -7.419     1.000     0.000     0.000     3.000     6.000    13.000    16.000    19.000    44.431     3.757    -0.676     0.153     3.129     0.197    -0.041     0.014
    53.000    55.000         *         *         *         *     2.900     2.750         *         *         *         *     0.000     1.000     0.000    -9.153     0.000    -1.000     0.000     3.000     6.000    13.000    16.000    19.000    46.625     4.138    -0.590     0.166     2.846     0.196    -0.036     0.015
    43.000    43.000    43.000         *    37.000    23.000         *     2.350     2.500         *     1.060     1.770     0.000     1.000     0.000    -9.156     0.000     3.000     0.000     3.000     6.000    13.000    16.000    19.000    43.475     2.999    -0.779     0.120     2.514     0.181    -0.052     0.011
    43.000    36.000         *         *    17.000         *     1.200     1.100         *         *         *         *     0.000     1.000     0.000    -8.202     0.000    -2.000     0.000     3.000     6.000    13.000    16.000    19.000    38.437     3.591    -0.862     0.146     1.419     0.196    -0.050     0.014
    43.000    41.000    40.000    29.000    20.000    25.000     3.100     3.300     3.490     2.890     2.630     2.510     0.000     1.000     0.000   -10.234     0.000    11.000     0.000     3.000     6.000    13.000    16.000    19.000    43.395     2.812    -0.849     0.113     3.414     0.150    -0.045     0.011
    45.000    36.000    44.000    36.000    31.000    30.000     3.000     3.100     3.310     2.830     2.440     2.420     0.000     1.000     0.000   -10.126     0.000    10.000     0.000     3.000     6.000    13.000    16.000    19.000    45.382     2.812    -0.766     0.113     3.260     0.150    -0.043     0.011
    38.000    41.000    38.000    24.000    22.000         *     3.100     2.900     2.700     2.680     1.800     2.080     0.000     1.000     0.000   -11.108     0.000     4.000     0.000     3.000     6.000    13.000    16.000    19.000    41.339     3.035    -0.854     0.120     3.035     0.150    -0.052     0.011
    47.000    55.000    39.000    47.000    39.000    30.000     3.400     3.800     3.780     3.080     2.410         *     0.000     1.000     0.000   -10.317     0.000     2.000     0.000     3.000     6.000    13.000    16.000    19.000    47.010     2.816    -0.641     0.115     3.570     0.151    -0.043     0.012
    50.000    37.000    30.000         *         *         *         *     1.750     2.280         *         *         *     1.000     1.000     0.000   -10.169     0.000     4.000     0.000     3.000     6.000    13.000    16.000    19.000    42.158     3.756    -0.939     0.153     2.209     0.200    -0.027     0.014
    57.000    46.000    44.000    47.000    30.000         *     2.600         *     2.300     1.540     1.730         *     0.000     1.000     0.000   -11.281     2.000     2.000     0.000     3.000     6.000    13.000    16.000    19.000    46.373     3.056    -0.657     0.124     2.494     0.169    -0.048     0.012
    44.000    43.000    41.000         *         *         *     4.000     4.000     3.990         *         *         *     0.000     1.000     0.000   -10.214     2.000    18.000     0.000     3.000     6.000    13.000    16.000    19.000    48.007     3.755    -0.766     0.153     4.081     0.166    -0.044     0.014
    38.000    37.000    38.000         *         *         *     3.200     3.350     2.760         *         *         *     0.000     1.000     0.000   -10.214     3.000    15.000     0.000     3.000     6.000    13.000    16.000    19.000    44.490     3.755    -0.853     0.153     3.291     0.166    -0.052     0.014
    38.000         *         *         *         *         *     2.700         *         *         *         *         *     0.000     1.000     0.000   -11.850     0.000     4.000     0.000     3.000     6.000    13.000    16.000    19.000    44.005     4.574    -0.741     0.179     2.799     0.260    -0.044     0.015
    37.000         *         *         *         *         *         *         *         *         *         *         *     0.000     1.000     0.000   -11.850     0.000     1.000     0.000     3.000     6.000    13.000    16.000    19.000    43.363     4.608    -0.723     0.180     2.922     0.520    -0.043     0.015
    39.000    39.000    40.000    28.000    27.000    31.000     3.900     3.500     3.420     3.250     3.380     3.240     0.000     0.000     0.000   -10.578     2.000    12.000     0.000     3.000     6.000    13.000    16.000    19.000    44.212     2.812    -0.784     0.113     3.805     0.150    -0.038     0.011
    48.000    43.000    39.000    38.000    22.000    29.000     3.100     3.000     2.750     2.900     2.780     2.420     0.000     1.000     0.000   -10.526     2.000    19.000     0.000     3.000     6.000    13.000    16.000    19.000    46.332     2.812    -0.821     0.113     3.258     0.150    -0.043     0.011
    62.000    52.000    50.000    56.000    51.000    32.000     3.600     3.500     3.100     3.440     3.390     2.420     0.000     1.000     1.000   -13.750     1.000     8.000     0.000     3.000     6.000    13.000    16.000    19.000    51.491     2.812    -0.422     0.113     3.505     0.150    -0.031     0.011
    45.000    47.000    40.000    24.000         *         *         *     2.350     2.650     1.870     1.920         *     0.000     1.000     1.000   -13.578     1.000    12.000     0.000     3.000     6.000    13.000    16.000    19.000    44.501     3.331    -0.726     0.134     2.699     0.176    -0.048     0.012
    38.000    34.000    36.000    24.000    25.000    32.000     2.800     2.500     2.540     2.260     2.210     2.110     0.000     0.000     0.000   -11.089     3.000     0.000     0.000     3.000     6.000    13.000    16.000    19.000    40.592     2.812    -0.761     0.113     2.823     0.150    -0.042     0.011
    45.000    51.000    41.000         *         *         *     3.100     3.000     2.800         *         *         *     0.000     1.000     0.000   -13.100     1.000     2.000     0.000     3.000     6.000    13.000    16.000    19.000    46.385     3.755    -0.631     0.153     3.083     0.166    -0.040     0.014
    39.000    39.000    41.000    28.000    23.000    23.000     3.900     3.900         *     3.540     2.970     2.840     0.000     0.000     0.000   -13.384     0.000    10.000     0.000     3.000     6.000    13.000    16.000    19.000    43.126     2.812    -0.856     0.113     3.913     0.162    -0.050     0.011
    37.000    28.000    27.000    35.000    20.000    27.000     3.300     2.850     2.910     2.630     2.760     2.750     0.000     1.000     0.000   -11.892     0.000    -2.000     0.000     3.000     6.000    13.000    16.000    19.000    40.121     2.812    -0.760     0.113     3.200     0.150    -0.036     0.011
    35.000    21.000    30.000    17.000         *         *     3.200     2.800     3.170     2.240         *         *     0.000     0.000     0.000   -11.892     0.000     0.000     0.000     3.000     6.000    13.000    16.000    19.000    37.175     3.361    -0.924     0.136     3.144     0.155    -0.052     0.013
    38.000    36.000    42.000         *         *         *     3.400         *     2.890         *         *         *     0.000     1.000     0.000   -11.624     1.000     6.000     0.000     3.000     6.000    13.000    16.000    19.000    44.030     3.757    -0.765     0.153     3.265     0.197    -0.046     0.014
    36.000    39.000    46.000    38.000    41.000         *     2.200     2.200     1.900     1.860     1.760         *     0.000     1.000     0.000   -14.545     2.000    13.000     0.000     3.000     6.000    13.000    16.000    19.000    47.043     3.055    -0.734     0.123     2.423     0.151    -0.047     0.012
    11.000         *         *         *         *         *     2.400         *         *         *         *         *     0.000     0.000     0.000   -12.689     1.000    -3.000     0.000     3.000     6.000    13.000    16.000    19.000    37.042     4.574    -0.863     0.179     2.595     0.260    -0.049     0.015
    41.000         *         *         *         *         *     2.900         *         *         *         *         *     0.000     1.000     1.000   -13.725     0.000     4.000     0.000     3.000     6.000    13.000    16.000    19.000    44.854     4.574    -0.596     0.179     2.898     0.260    -0.038     0.015
    50.000         *         *         *         *         *     3.000         *         *         *         *         *     0.000     1.000     0.000   -13.725     0.000     2.000     0.000     3.000     6.000    13.000    16.000    19.000    46.658     4.574    -0.628     0.179     3.009     0.260    -0.040     0.015
    50.000    34.000    35.000         *         *         *     3.100     3.120     3.120         *         *         *     1.000     0.000     1.000   -13.124     0.000     8.000     0.000     3.000     6.000    13.000    16.000    19.000    43.760     3.755    -0.806     0.153     3.127     0.166    -0.021     0.014
    65.000    55.000    67.000         *         *         *     3.600     3.400     3.630         *         *         *     0.000     0.000     0.000   -12.884     0.000    10.000     0.000     3.000     6.000    13.000    16.000    19.000    54.439     3.755    -0.455     0.153     3.597     0.166    -0.031     0.014
    53.000    61.000    58.000    60.000    47.000    46.000     4.000     3.600     3.700     3.440     3.500     3.110     0.000     0.000     1.000   -15.213     0.000    13.000     0.000     3.000     6.000    13.000    16.000    19.000    54.411     2.812    -0.380     0.113     3.808     0.150    -0.030     0.011
    50.000    47.000    40.000    33.000    29.000    31.000     3.900     3.500     3.650     3.540     2.500     3.020     0.000     0.000     0.000   -15.210     1.000    10.000     0.000     3.000     6.000    13.000    16.000    19.000    46.313     2.812    -0.744     0.113     3.783     0.150    -0.047     0.011
    41.000    45.000    43.000    27.000    27.000    36.000     3.100     3.000     3.100     2.780     1.740     2.360     0.000     1.000     0.000   -16.081     1.000     9.000     0.000     3.000     6.000    13.000    16.000    19.000    45.473     2.812    -0.775     0.113     3.186     0.150    -0.052     0.011
    53.000    46.000    43.000         *         *         *     3.100     3.220     3.200         *         *         *     0.000     1.000     0.000   -15.059     0.000     0.000     0.000     3.000     6.000    13.000    16.000    19.000    47.641     3.755    -0.560     0.153     3.252     0.166    -0.034     0.014
    50.000    51.000    49.000    50.000    45.000         *     2.800     3.000     3.040     3.410     3.360         *     0.000     1.000     1.000   -15.059     0.000    -7.000     0.000     3.000     6.000    13.000    16.000    19.000    49.121     3.055    -0.231     0.123     3.129     0.151    -0.006     0.012
    40.000    40.000         *    34.000    35.000    35.000     3.000     3.150         *     3.090     2.900     2.750     0.000     0.000     0.000   -16.732     0.000     1.000     0.000     3.000     6.000    13.000    16.000    19.000    45.398     2.946    -0.609     0.116     3.299     0.162    -0.031     0.011
    28.000    24.000    20.000         *     6.000    13.000     2.800     2.900     2.500     2.650     1.760     1.200     0.000     1.000     1.000   -16.721     1.000     1.000     0.000     3.000     6.000    13.000    16.000    19.000    34.563     2.989    -0.946     0.118     2.896     0.150    -0.061     0.011
    49.000    50.000    41.000    34.000    31.000    26.000     3.000     3.250     2.800     2.520     2.210     2.550     0.000     1.000     0.000   -17.606     1.000     2.000     0.000     3.000     6.000    13.000    16.000    19.000    45.553     2.812    -0.669     0.113     3.132     0.150    -0.042     0.011
    42.000    42.000    42.000    48.000    43.000    25.000     2.800     2.550     2.450     1.990     2.550     1.710     0.000     1.000     0.000   -17.381     1.000     3.000     0.000     3.000     6.000    13.000    16.000    19.000    46.746     2.812    -0.638     0.113     2.785     0.150    -0.044     0.011
    51.000    41.000    50.000    37.000    39.000    57.000     3.600     3.650     3.570     3.280     3.150     2.340     0.000     1.000     0.000   -15.594     1.000    13.000     0.000     3.000     6.000    13.000    16.000    19.000    51.293     2.812    -0.623     0.113     3.694     0.150    -0.046     0.011
    57.000    50.000    50.000    52.000    37.000    46.000     4.600     4.120     4.490     4.490     3.400     3.900     0.000     1.000     0.000   -15.538     0.000     7.000     0.000     3.000     6.000    13.000    16.000    19.000    52.210     2.812    -0.497     0.113     4.403     0.150    -0.031     0.011
    50.000    47.000    44.000    32.000    32.000    44.000     3.200     3.500     3.620     3.440         *     3.100     0.000     1.000     0.000   -15.242     0.000    15.000     0.000     3.000     6.000    13.000    16.000    19.000    49.593     2.814    -0.657     0.114     3.645     0.152    -0.033     0.011
    59.000    51.000         *         *         *         *     3.100     2.850     2.570         *         *         *     0.000     0.000     0.000   -15.605     0.000    10.000     0.000     3.000     6.000    13.000    16.000    19.000    49.915     4.097    -0.627     0.163     3.016     0.167    -0.043     0.014
    50.000    49.000    48.000         *         *         *     3.700     3.680     3.250         *         *         *     0.000     0.000     0.000   -15.603     0.000    11.000     0.000     3.000     6.000    13.000    16.000    19.000    49.789     3.755    -0.636     0.153     3.656     0.166    -0.042     0.014
    51.000    45.000    45.000    36.000    34.000    31.000     3.300     3.250     3.330     2.570     2.240     2.430     0.000     1.000     0.000   -18.250     0.000    12.000     0.000     3.000     6.000    13.000    16.000    19.000    48.167     2.812    -0.740     0.113     3.361     0.150    -0.052     0.011
         *         *    38.000    45.000    35.000    34.000         *         *     2.980     2.310     2.070     1.950     0.000     1.000     0.000   -11.721     2.000    -2.000     0.000     3.000     6.000    13.000    16.000    19.000    44.863     3.044    -0.644     0.119     2.930     0.201    -0.045     0.012
         *         *    40.000    31.000    29.000    35.000         *         *     3.170     2.910     2.780     2.760     0.000     1.000     1.000   -11.721     0.000    -3.000     0.000     3.000     6.000    13.000    16.000    19.000    42.739     3.044    -0.556     0.119     3.250     0.201    -0.030     0.012
         *         *         *    52.000    34.000         *         *         *         *     2.020     1.760         *     0.000     0.000     1.000    -4.306     0.000     6.000     0.000     3.000     6.000    13.000    16.000    19.000    44.535     3.609    -0.623     0.139     2.466     0.246    -0.039     0.013
         *         *         *    45.000    31.000    39.000         *         *         *     3.230     2.060     2.510     0.000     1.000     0.000    -3.381     1.000     6.000     0.000     3.000     6.000    13.000    16.000    19.000    45.821     3.218    -0.688     0.125     3.172     0.236    -0.039     0.012
         *         *         *    29.000    27.000    37.000         *         *         *         *     1.920     2.720     0.000     1.000     0.000    -3.475     1.000     6.000     0.000     3.000     6.000    13.000    16.000    19.000    43.188     3.218    -0.766     0.125     2.977     0.263    -0.039     0.012
         *    46.000    45.000    34.000    30.000    45.000         *     3.200     3.330     3.100     2.990     2.450     0.000     0.000     0.000   -13.600     1.000     0.000     0.000     3.000     6.000    13.000    16.000    19.000    46.142     2.913    -0.599     0.116     3.417     0.173    -0.037     0.011
         *    48.000    45.000    42.000         *         *         *     2.950         *     1.630         *         *     0.000     0.000     0.000   -13.600     1.000     6.000     0.000     3.000     6.000    13.000    16.000    19.000    46.593     3.538    -0.709     0.141     2.790     0.211    -0.053     0.013
         *    39.000         *         *         *         *         *     3.200         *         *         *         *     0.000     0.000     0.000   -14.078     1.000     1.000     0.000     3.000     6.000    13.000    16.000    19.000    44.506     4.477    -0.670     0.175     3.296     0.259    -0.041     0.015
         *    40.000    34.000    37.000         *         *         *     3.250         *     2.140         *         *     0.000     1.000     0.000   -14.150     1.000     0.000     0.000     3.000     6.000    13.000    16.000    19.000    43.650     3.538    -0.721     0.141     3.070     0.211    -0.049     0.013
         *    42.000         *         *         *         *         *     2.750         *         *         *         *     0.000     0.000     0.000   -15.374     0.000     8.000     0.000     3.000     6.000    13.000    16.000    19.000    46.627     4.477    -0.702     0.175     3.028     0.259    -0.045     0.015
         *    46.000    38.000    60.000    41.000    42.000         *     2.700     2.650     2.360     2.360     2.000     0.000     1.000     1.000   -16.471     0.000    10.000     0.000     3.000     6.000    13.000    16.000    19.000    50.071     2.913    -0.504     0.116     2.877     0.173    -0.039     0.011
         *         *         *    34.000    34.000    32.000         *         *         *     2.570     2.220     1.950     0.000     1.000     0.000    -6.400     1.000    -5.000     0.000     3.000     6.000    13.000    16.000    19.000    42.264     3.218    -0.669     0.125     2.818     0.236    -0.038     0.012
         *         *         *    22.000    19.000    20.000         *         *         *     2.910     2.370     2.480     0.000     1.000     0.000    -6.406     0.000     2.000     0.000     3.000     6.000    13.000    16.000    19.000    39.144     3.218    -0.872     0.125     3.242     0.236    -0.043     0.012
         *         *         *    22.000    25.000    33.000         *         *         *     3.020     3.170     2.880     0.000     0.000     0.000    -4.598     0.000    11.000     0.000     3.000     6.000    13.000    16.000    19.000    42.856     3.218    -0.841     0.125     3.631     0.236    -0.041     0.012
         *         *         *    30.000    19.000    30.000         *         *         *     3.420     2.590     2.140     0.000     0.000     0.000    -4.542     0.000     2.000     0.000     3.000     6.000    13.000    16.000    19.000    40.565     3.218    -0.824     0.125     3.359     0.236    -0.044     0.012
         *         *         *    44.000    39.000    51.000         *         *         *     3.900     1.930     3.600     0.000     1.000     0.000    -4.589     1.000    13.000     0.000     3.000     6.000    13.000    16.000    19.000    50.259     3.218    -0.612     0.125     3.618     0.236    -0.033     0.012
         *    58.000         *    40.000    40.000    51.000         *     4.000         *     3.070     3.640     3.500     0.000     1.000     0.000   -14.570     1.000    15.000     0.000     3.000     6.000    13.000    16.000    19.000    53.001     3.063    -0.559     0.120     3.964     0.193    -0.035     0.012
         *    59.000    55.000    54.000    52.000    57.000         *     3.900     4.150     2.930     3.710     3.330     0.000     1.000     0.000   -16.377     0.000     6.000     0.000     3.000     6.000    13.000    16.000    19.000    55.503     2.913    -0.377     0.116     3.901     0.173    -0.030     0.011
         *    43.000    35.000    37.000    35.000    31.000         *         *     3.100     2.520     2.930     2.810     0.000     1.000     0.000   -15.978     0.000    -5.000     0.000     3.000     6.000    13.000    16.000    19.000    44.438     2.914    -0.591     0.117     3.258     0.201    -0.033     0.012
         *    51.000    56.000         *         *         *         *     3.400     2.220         *         *         *     0.000     1.000     0.000   -14.936     1.000     4.000     0.000     3.000     6.000    13.000    16.000    19.000    49.455     4.004    -0.568     0.160     3.012     0.200    -0.041     0.014
         *    55.000    44.000    30.000    29.000    43.000         *     3.000     1.750     1.770     1.990     2.840     0.000     1.000     0.000   -14.936     0.000     4.000     0.000     3.000     6.000    13.000    16.000    19.000    47.174     2.913    -0.612     0.116     2.695     0.173    -0.034     0.011
    34.000    36.000    40.000    39.000    35.000    23.000     2.400     2.650     2.200     2.280     2.600     2.340     0.000     1.000     0.000   -21.172     0.000     2.000     0.000     3.000     6.000    13.000    16.000    19.000    44.751     2.812    -0.642     0.113     2.763     0.150    -0.032     0.011
    38.000    37.000    37.000    28.000    28.000         *     2.700     2.600     2.700     2.740     2.240     2.440     0.000     1.000     0.000   -21.153     0.000    -2.000     0.000     3.000     6.000    13.000    16.000    19.000    43.455     3.035    -0.653     0.120     2.931     0.150    -0.035     0.011
         *         *    56.000    34.000    37.000    35.000         *         *     3.580     2.760     2.310     1.930     0.000     1.000     0.000   -13.511     0.000     2.000     0.000     3.000     6.000    13.000    16.000    19.000    46.896     3.044    -0.667     0.119     3.294     0.201    -0.050     0.012
         *         *    42.000    52.000    50.000    52.000         *         *     3.520     3.490     3.470     3.320     0.000     0.000     0.000   -13.511     0.000     0.000     0.000     3.000     6.000    13.000    16.000    19.000    51.177     3.044    -0.400     0.119     3.704     0.201    -0.023     0.012
         *         *         *    35.000    35.000    48.000         *         *         *     2.640     1.160     2.440     0.000     0.000     1.000    -5.653     0.000    -5.000     0.000     3.000     6.000    13.000    16.000    19.000    43.099     3.218    -0.508     0.125     2.519     0.236    -0.029     0.012
         *         *         *    46.000    26.000    37.000         *         *         *     4.180     3.500     3.300     0.000     0.000     0.000    -5.650     0.000     3.000     0.000     3.000     6.000    13.000    16.000    19.000    45.437     3.218    -0.638     0.125     4.006     0.236    -0.029     0.012
         *    68.000    43.000    49.000    46.000    50.000         *     4.100     3.900     3.880     3.590     3.360     0.000     1.000     0.000   -15.495     0.000    17.000     0.000     3.000     6.000    13.000    16.000    19.000    55.173     2.913    -0.528     0.116     4.134     0.173    -0.035     0.011
         *    55.000    70.000    48.000    51.000    60.000         *     4.050     4.530     2.680     3.800     3.850     0.000     1.000     0.000   -15.495     0.000    21.000     0.000     3.000     6.000    13.000    16.000    19.000    58.504     2.913    -0.469     0.116     4.151     0.173    -0.035     0.011
         *    47.000    39.000    41.000    35.000    26.000         *     2.500     2.050     1.320     1.970     2.030     0.000     1.000     0.000   -17.758     1.000     1.000     0.000     3.000     6.000    13.000    16.000    19.000    45.503     2.913    -0.653     0.116     2.514     0.173    -0.043     0.011
    42.000    44.000    43.000    45.000    35.000    34.000     3.800     3.800     3.700     2.970     2.600     2.780     0.000     1.000     0.000   -21.450     0.000     5.000     0.000     3.000     6.000    13.000    16.000    19.000    48.031     2.812    -0.661     0.113     3.744     0.150    -0.051     0.011
    46.000    40.000    40.000    30.000    24.000    42.000     2.900     2.850     2.400     2.440     1.560     2.290     0.000     1.000     0.000   -21.450     2.000     0.000     0.000     3.000     6.000    13.000    16.000    19.000    45.030     2.812    -0.663     0.113     2.887     0.150    -0.047     0.011
         *         *         *    48.000    39.000         *         *         *         *         *     1.210         *     0.000     1.000     0.000    -8.367     0.000     0.000     0.000     3.000     6.000    13.000    16.000    19.000    45.332     3.612    -0.662     0.139     2.145     0.294    -0.046     0.013
    45.000    50.000         *    41.000    42.000    43.000     3.800     3.900         *     3.330     3.360     2.860     0.000     1.000     0.000   -21.525     0.000    10.000     0.000     3.000     6.000    13.000    16.000    19.000    51.307     2.946    -0.583     0.116     3.867     0.162    -0.042     0.011
    42.000    48.000         *    30.000    25.000    43.000     3.500     3.100         *     2.690     2.220     2.620     0.000     0.000     0.000   -21.522     3.000     4.000     0.000     3.000     6.000    13.000    16.000    19.000    46.096     2.946    -0.668     0.116     3.345     0.162    -0.049     0.011
         *         *         *    16.000         *         *         *         *         *     2.190         *         *     0.000     0.000     0.000    -6.025     0.000    -7.000     0.000     3.000     6.000    13.000    16.000    19.000    36.412     4.155    -0.842     0.159     2.713     0.283    -0.043     0.014
         *    45.000    45.000    31.000    31.000         *         *     2.800     2.800     2.080     1.110     1.870     0.000     1.000     0.000   -18.745     0.000     7.000     0.000     3.000     6.000    13.000    16.000    19.000    46.042     3.165    -0.777     0.124     2.856     0.174    -0.061     0.011
         *    48.000    39.000    62.000    38.000    38.000         *     2.750     2.810     2.410     2.570     2.370     0.000     1.000     1.000   -18.691     2.000     5.000     0.000     3.000     6.000    13.000    16.000    19.000    49.324     2.913    -0.439     0.116     2.974     0.173    -0.033     0.011
         *    42.000    43.000    36.000    24.000    28.000         *     3.450     3.170     3.500     2.190     2.710     0.000     0.000     0.000   -19.009     2.000     6.000     0.000     3.000     6.000    13.000    16.000    19.000    45.075     2.913    -0.731     0.116     3.557     0.173    -0.048     0.011
         *    48.000    45.000    30.000    26.000    38.000         *     3.350     3.360     3.040     2.180     2.600     0.000     1.000     0.000   -18.854     0.000     3.000     0.000     3.000     6.000    13.000    16.000    19.000    46.290     2.913    -0.681     0.116     3.435     0.173    -0.047     0.011
         *    42.000    47.000    27.000    35.000    41.000         *     3.060     3.090     2.650     2.520     2.350     0.000     0.000     0.000   -18.138     1.000     6.000     0.000     3.000     6.000    13.000    16.000    19.000    46.858     2.913    -0.671     0.116     3.273     0.173    -0.046     0.011
         *    45.000         *         *         *         *         *     3.300         *         *         *         *     0.000     1.000     0.000   -17.327     3.000     8.000     0.000     3.000     6.000    13.000    16.000    19.000    48.795     4.477    -0.616     0.175     3.458     0.259    -0.042     0.015
         *    23.000    26.000    26.000    19.000    19.000         *     2.100     2.570     2.300     1.900     1.630     0.000     0.000     0.000   -17.250     0.000    -4.000     0.000     3.000     6.000    13.000    16.000    19.000    37.665     2.913    -0.847     0.116     2.692     0.173    -0.049     0.011
         *    50.000    44.000    47.000    41.000    38.000         *     4.100     3.750     3.940     4.040     2.970     0.000     1.000     0.000   -18.731     1.000     7.000     0.000     3.000     6.000    13.000    16.000    19.000    50.679     2.913    -0.543     0.116     4.117     0.173    -0.035     0.011
         *    47.000    60.000    47.000    45.000    40.000         *     3.780     4.290     3.980     3.140     3.650     0.000     1.000     0.000   -18.734     1.000     8.000     0.000     3.000     6.000    13.000    16.000    19.000    52.585     2.913    -0.488     0.116     4.098     0.173    -0.032     0.011
         *    41.000    32.000    51.000         *    40.000         *     3.550     3.540     2.360         *     3.100     0.000     0.000     0.000   -19.008     3.000     2.000     0.000     3.000     6.000    13.000    16.000    19.000    47.575     3.151    -0.571     0.124     3.552     0.177    -0.041     0.012
         *    49.000    50.000    39.000    37.000    40.000         *     3.500     3.310     3.280     3.020     2.730     0.000     0.000     0.000   -19.083     1.000     8.000     0.000     3.000     6.000    13.000    16.000    19.000    49.660     2.913    -0.594     0.116     3.628     0.173    -0.040     0.011
         *    34.000    39.000    34.000    34.000    37.000         *     3.200     3.400     2.670     3.390     3.090     0.000     0.000     0.000   -20.108     1.000    12.000     0.000     3.000     6.000    13.000    16.000    19.000    47.479     2.913    -0.686     0.116     3.615     0.173    -0.038     0.011
         *    44.000    45.000    32.000         *    40.000         *     2.800     2.980     2.520         *     2.220     0.000     1.000     0.000   -19.863     2.000     7.000     0.000     3.000     6.000    13.000    16.000    19.000    48.143     3.151    -0.641     0.124     3.134     0.177    -0.045     0.012
         *    41.000    47.000    37.000    31.000    35.000         *     3.700     3.820     3.670     3.300     3.190     0.000     1.000     0.000   -19.922     1.000    13.000     0.000     3.000     6.000    13.000    16.000    19.000    49.011     2.913    -0.678     0.116     3.998     0.173    -0.041     0.011
         *         *    40.000    40.000    44.000    34.000         *         *     3.520     2.850     3.440     3.320     0.000     0.000     0.000   -17.365     1.000     5.000     0.000     3.000     6.000    13.000    16.000    19.000    48.302     3.044    -0.572     0.119     3.712     0.201    -0.033     0.012
         *         *         *    42.000    37.000    37.000         *         *         *     3.150     3.490     3.010     0.000     1.000     0.000   -10.376     1.000     3.000     0.000     3.000     6.000    13.000    16.000    19.000    47.274     3.218    -0.583     0.125     3.636     0.236    -0.030     0.012
    49.000    58.000    48.000    60.000    50.000    42.000     3.000     2.950     2.800     2.730     2.900     2.940     0.000     1.000     0.000   -24.467     0.000     4.000     0.000     3.000     6.000    13.000    16.000    19.000    54.090     2.812    -0.365     0.113     3.147     0.150    -0.025     0.011
    47.000    40.000    44.000    30.000    30.000    35.000     2.900     2.900     2.700     2.390     2.370     2.120     0.000     0.000     1.000   -24.239     3.000     1.000     0.000     3.000     6.000    13.000    16.000    19.000    44.724     2.812    -0.552     0.113     2.988     0.150    -0.042     0.011
         *    60.000    44.000    42.000    40.000    36.000         *     3.500     3.810     3.540     3.330     2.900     0.000     1.000     0.000   -20.433     3.000    -5.000     0.000     3.000     6.000    13.000    16.000    19.000    48.624     2.913    -0.450     0.116     3.737     0.173    -0.031     0.011
         *    50.000    46.000    35.000    32.000    37.000         *     3.600     3.710     3.960     3.750     3.570     0.000     1.000     0.000   -20.377     3.000    -5.000     0.000     3.000     6.000    13.000    16.000    19.000    47.097     2.913    -0.454     0.116     3.920     0.173    -0.021     0.011
         *    46.000    65.000    43.000    37.000    46.000         *         *     3.060     2.470     1.320     1.470     0.000     1.000     0.000   -20.299     0.000     6.000     0.000     3.000     6.000    13.000    16.000    19.000    51.019     2.914    -0.609     0.117     2.890     0.201    -0.058     0.012
         *    48.000    42.000    60.000    35.000    39.000         *     2.550     2.780     2.120     2.570     2.340     0.000     1.000     1.000   -20.286     1.000     0.000     0.000     3.000     6.000    13.000    16.000    19.000    48.692     2.913    -0.399     0.116     2.827     0.173    -0.030     0.011
         *         *    36.000    41.000    34.000    36.000         *         *     3.860     3.250     3.310     3.350     0.000     0.000     0.000   -19.303     1.000    10.000     0.000     3.000     6.000    13.000    16.000    19.000    48.324     3.044    -0.658     0.119     3.983     0.201    -0.041     0.012
         *         *    52.000    33.000         *    43.000         *         *     3.310     3.460         *     3.140     0.000     0.000     0.000   -19.303     0.000    10.000     0.000     3.000     6.000    13.000    16.000    19.000    50.685     3.320    -0.573     0.129     3.750     0.209    -0.035     0.012
         *         *         *    39.000    42.000    55.000         *         *         *     2.060     2.770     3.670     0.000     1.000     0.000   -11.224     3.000    10.000     0.000     3.000     6.000    13.000    16.000    19.000    51.078     3.218    -0.515     0.125     3.292     0.236    -0.028     0.012
         *         *         *    54.000    36.000    47.000         *         *         *     4.180     2.690     3.830     0.000     1.000     0.000   -11.055     3.000    12.000     0.000     3.000     6.000    13.000    16.000    19.000    51.648     3.218    -0.544     0.125     4.013     0.236    -0.032     0.012
    55.000         *         *         *         *         *     4.600         *         *         *         *         *     0.000     1.000     0.000   -27.605     0.000    13.000     0.000     3.000     6.000    13.000    16.000    19.000    56.704     4.574    -0.438     0.179     4.460     0.260    -0.036     0.015
         *         *         *    43.000    35.000    39.000         *         *         *     3.140     2.620     2.620     0.000     1.000     0.000   -11.892     0.000     4.000     0.000     3.000     6.000    13.000    16.000    19.000    47.558     3.218    -0.615     0.125     3.353     0.236    -0.037     0.012
         *         *         *    41.000    42.000    50.000         *         *         *     2.240     2.890     3.080     0.000     0.000     0.000   -11.854     2.000    10.000     0.000     3.000     6.000    13.000    16.000    19.000    50.240     3.218    -0.562     0.125     3.296     0.236    -0.034     0.012
         *         *         *   335.000    30.000    30.000         *         *         *     3.170     2.450     2.630     0.000     0.000     0.000   -14.597     0.000    -5.000     0.000     3.000     6.000    13.000    16.000    19.000    78.418     3.218     0.568     0.125     2.567     0.236     0.008     0.012
         *         *         *    46.000    44.000    36.000         *         *         *     2.390     2.650     2.470     0.000     1.000     0.000   -14.597     0.000     0.000     0.000     3.000     6.000    13.000    16.000    19.000    48.262     3.218    -0.536     0.125     3.042     0.236    -0.034     0.012
         *         *         *    33.000         *    47.000         *         *         *     2.260         *     1.930     0.000     1.000     0.000   -13.633     3.000     8.000     0.000     3.000     6.000    13.000    16.000    19.000    47.913     3.555    -0.659     0.136     2.923     0.253    -0.047     0.013
         *         *    60.000    55.000    36.000         *         *         *     3.670     3.330     2.790         *     0.000     1.000     0.000   -19.333     0.000    16.000     0.000     3.000     6.000    13.000    16.000    19.000    54.293     3.363    -0.572     0.132     3.766     0.205    -0.044     0.013
         *         *    45.000    29.000    33.000    45.000         *         *     3.390     3.100     3.310     2.290     0.000     1.000     0.000   -19.275     1.000     8.000     0.000     3.000     6.000    13.000    16.000    19.000    48.474     3.044    -0.654     0.119     3.633     0.201    -0.046     0.012
         *         *         *    56.000    39.000    42.000         *         *         *     1.920     2.340     2.370     0.000     1.000     0.000   -12.616     0.000    -4.000     0.000     3.000     6.000    13.000    16.000    19.000    48.334     3.218    -0.473     0.125     2.692     0.236    -0.030     0.012
         *         *         *    42.000    45.000    56.000         *         *         *     2.170     3.020         *     0.000     1.000     0.000   -12.560     0.000    -2.000     0.000     3.000     6.000    13.000    16.000    19.000    49.882     3.222    -0.437     0.126     2.988     0.246    -0.027     0.013
         *         *         *    40.000    44.000    38.000         *         *         *     2.520     2.050     2.000     0.000     1.000     0.000   -14.828     1.000    10.000     0.000     3.000     6.000    13.000    16.000    19.000    49.212     3.218    -0.659     0.125     2.997     0.236    -0.048     0.012
         *         *         *    42.000    25.000    41.000         *         *         *     3.620     3.660     2.930     0.000     1.000     0.000   -15.194     2.000     8.000     0.000     3.000     6.000    13.000    16.000    19.000    48.039     3.218    -0.638     0.125     3.962     0.236    -0.038     0.012
         *         *         *    38.000    34.000    40.000         *         *         *     3.380     2.440     3.290     0.000     1.000     0.000   -15.299     1.000    10.000     0.000     3.000     6.000    13.000    16.000    19.000    48.851     3.218    -0.642     0.125     3.646     0.236    -0.039     0.012
         *         *         *    51.000    40.000    42.000         *         *         *     2.850     1.650     1.340     0.000     0.000     0.000   -13.798     3.000    13.000     0.000     3.000     6.000    13.000    16.000    19.000    49.863     3.218    -0.685     0.125     2.923     0.236    -0.057     0.012
         *         *         *    35.000         *         *         *         *         *     3.460         *         *     0.000     1.000     0.000   -14.888     2.000    10.000     0.000     3.000     6.000    13.000    16.000    19.000    48.473     4.155    -0.648     0.159     3.856     0.283    -0.039     0.014
         *         *         *    70.000    70.000    69.000         *         *         *     3.790     3.760     4.130     0.000     1.000     0.000   -15.466     2.000    17.000     0.000     3.000     6.000    13.000    16.000    19.000    62.783     3.218    -0.219     0.125     4.141     0.236    -0.019     0.012
         *         *         *    41.000    30.000    45.000         *         *         *     2.190     1.610         *     0.000     1.000     1.000   -16.480     0.000     1.000     0.000     3.000     6.000    13.000    16.000    19.000    46.083     3.222    -0.531     0.126     2.545     0.246    -0.040     0.013
         *         *         *    30.000    16.000    29.000         *         *         *     3.660         *     3.440     0.000     1.000     0.000   -16.917     2.000     1.000     0.000     3.000     6.000    13.000    16.000    19.000    43.149     3.219    -0.702     0.125     3.999     0.253    -0.036     0.012
         *         *         *    29.000    24.000    37.000         *         *         *     3.330     3.830     3.670     0.000     1.000     0.000   -16.869     2.000     7.000     0.000     3.000     6.000    13.000    16.000    19.000    46.341     3.218    -0.661     0.125     4.097     0.236    -0.034     0.012
         *         *         *    55.000    54.000    70.000         *         *         *     3.860     3.250     3.480     0.000     1.000     1.000   -18.436     0.000     2.000     0.000     3.000     6.000    13.000    16.000    19.000    55.817     3.218    -0.165     0.125     3.698     0.236    -0.016     0.012
         *         *         *    68.000    55.000         *         *         *         *     2.050     1.730     2.110     0.000     1.000     0.000   -18.800     2.000     2.000     0.000     3.000     6.000    13.000    16.000    19.000    54.253     3.581    -0.368     0.137     2.609     0.238    -0.037     0.013
         *         *         *    35.000    36.000    43.000         *         *         *     3.510     3.410     3.390     0.000     1.000     1.000   -18.527     1.000    19.000     0.000     3.000     6.000    13.000    16.000    19.000    50.721     3.218    -0.579     0.125     4.000     0.236    -0.037     0.012
         *         *         *    57.000    44.000    45.000         *         *         *     3.310     3.390     2.040     0.000     1.000     0.000   -18.645     1.000    22.000     0.000     3.000     6.000    13.000    16.000    19.000    55.450     3.218    -0.618     0.125     3.742     0.236    -0.051     0.012
         *         *         *    45.000         *         *         *         *         *     2.680         *         *     0.000     1.000     0.000   -17.059     1.000    18.000     0.000     3.000     6.000    13.000    16.000    19.000    51.875     4.155    -0.668     0.159     3.419     0.283    -0.048     0.014
         *         *         *    42.000    33.000    38.000         *         *         *     3.880     3.490     3.360     0.000     1.000     0.000   -16.867     0.000    11.000     0.000     3.000     6.000    13.000    16.000    19.000    49.878     3.218    -0.625     0.125     4.107     0.236    -0.037     0.012
