         *         *         *   353.330   400.000         *    18.000    28.000    34.000    30.000         *     7.547     5.000     0.000     0.000     0.000     1.000     2.000     3.000     4.000     5.000   400.936    80.847    -5.494    17.165    23.919     2.764     1.001     0.479
         *         *         *         *   416.670    29.000    25.000    28.000    30.000    27.000         *     2.742     7.000     1.000     1.000     1.000     1.000     2.000     3.000     4.000     5.000   395.675    87.989    -0.913    17.045    23.979     2.447     1.249     0.468
         *         *         *         *   350.000    48.000    38.000    44.000    50.000    50.000         *     4.270     7.000     1.000     1.000     0.000     1.000     2.000     3.000     4.000     5.000   454.454    87.989   -20.301    17.045    41.534     2.447     0.934     0.468
         *         *         *         *   293.330     6.000    12.000    22.000    24.000    16.000         *     0.604     6.000     0.000     0.000     1.000     1.000     2.000     3.000     4.000     5.000   293.329    87.989     3.175    17.045    11.849     2.447     1.687     0.468
         *   446.670   423.330   453.330   396.670    22.000    30.000    25.000    36.000    36.000         *    15.692     5.000     1.000     1.000     1.000     1.000     2.000     3.000     4.000     5.000   436.940    58.356    -4.866    14.976    27.151     2.413     0.781     0.459
         *         *         *         *   346.670    21.000    22.000    23.000    20.000    29.000         *     2.860     8.000     0.000     0.000     0.000     1.000     2.000     3.000     4.000     5.000   388.990    87.989    -7.631    17.045    20.255     2.447     1.057     0.468
         *         *         *         *   533.330    22.000    20.000    31.000    40.000    38.000         *     1.321    13.000     0.000     0.000     0.000     1.000     2.000     3.000     4.000     5.000   473.218    87.989     5.422    17.045    25.578     2.447     1.629     0.468
         *         *         *         *   363.330    16.000    18.000    24.000    26.000    29.000         *     3.634     5.000     0.000     1.000     1.000     1.000     2.000     3.000     4.000     5.000   332.689    87.989     6.280    17.045    17.901     2.447     1.699     0.468
         *         *         *         *   456.670    14.000    14.000    22.000    20.000    31.000         *     4.177     0.000     0.000     1.000     1.000     1.000     2.000     3.000     4.000     5.000   360.931    87.989    15.041    17.045    14.923     2.447     1.904     0.468
         *         *   458.330   506.670   466.670    10.000    29.000    24.000    25.000    24.000         *    10.334     2.000     0.000     0.000     0.000     1.000     2.000     3.000     4.000     5.000   463.503    70.381    -0.880    16.390    19.971     2.434     0.913     0.465
         *         *         *         *   313.330    21.000    22.000    19.000    28.000    28.000         *     5.751     5.000     0.000     1.000     0.000     1.000     2.000     3.000     4.000     5.000   355.826    87.989    -7.413    17.045    20.699     2.447     1.034     0.468
         *         *         *         *   403.330    13.000    10.000    21.000    24.000    25.000         *     3.826     7.000     1.000     1.000     0.000     1.000     2.000     3.000     4.000     5.000   375.567    87.989     1.966    17.045    15.664     2.447     1.183     0.468
         *         *         *         *   366.670    34.000    37.000    31.000    42.000    41.000         *     3.180    13.000     0.000     0.000     0.000     1.000     2.000     3.000     4.000     5.000   442.057    87.989   -14.302    17.045    33.427     2.447     1.039     0.468
         *         *         *         *   201.670    33.000    36.000    33.000    37.000    39.000         *    12.631     1.000     0.000     1.000     0.000     1.000     2.000     3.000     4.000     5.000   348.924    87.989   -23.349    17.045    32.878     2.447     0.534     0.468
         *         *         *   466.670   430.000     7.000    16.000    12.000    12.000    16.000         *    18.361     5.000     0.000     0.000     0.000     1.000     2.000     3.000     4.000     5.000   423.017    80.387    -1.075    17.019    13.089     2.445     0.221     0.468
         *         *         *         *   460.000    35.000    42.000    37.000    51.000    32.000         *     4.861     7.000     0.000     1.000     0.000     1.000     2.000     3.000     4.000     5.000   474.545    87.989   -10.829    17.045    35.438     2.447     1.033     0.468
         *         *         *         *   343.330    15.000    20.000    12.000    12.000    12.000         *     8.642     2.000     0.000     1.000     1.000     1.000     2.000     3.000     4.000     5.000   319.102    87.989     1.089    17.045    12.289     2.447     0.924     0.468
         *         *         *         *   283.330    28.000    22.000    22.000    32.000    32.000         *    12.464     9.000     0.000     1.000     0.000     1.000     2.000     3.000     4.000     5.000   358.914    87.989   -13.495    17.045    25.684     2.447     0.513     0.468
         *         *         *         *   298.330     8.000    12.000    11.000    16.000    20.000         *     6.972    -4.000     1.000     1.000     0.000     1.000     2.000     3.000     4.000     5.000   313.472    87.989    -2.645    17.045    10.840     2.447     0.982     0.468
         *         *         *         *   356.670    24.000    14.000    28.000    29.000    25.000         *     7.090     5.000     1.000     1.000     0.000     1.000     2.000     3.000     4.000     5.000   381.729    87.989    -8.075    17.045    21.693     2.447     0.770     0.468
         *         *         *         *   460.000    19.000    20.000    21.000    24.000    24.000         *     4.368     6.000     0.000     0.000     0.000     1.000     2.000     3.000     4.000     5.000   429.563    87.989    -0.328    17.045    18.828     2.447     1.099     0.468
         *         *         *         *    96.670     8.000    15.000    14.000    21.000    12.000         *    17.337     7.000     0.000     1.000     1.000     1.000     2.000     3.000     4.000     5.000   199.170    87.989   -12.365    17.045    13.774     2.447     0.354     0.468
         *         *         *         *   280.000    21.000    21.000    11.000    30.000    24.000         *    11.517     5.000     0.000     1.000     0.000     1.000     2.000     3.000     4.000     5.000   336.551    87.989   -10.453    17.045    19.914     2.447     0.596     0.468
         *         *         *   166.670   383.330    37.000    25.000    23.000    31.000    26.000         *     4.157     5.000     0.000     1.000     0.000     1.000     2.000     3.000     4.000     5.000   325.486    80.387    -8.845    17.019    25.539     2.445     0.844     0.468
         *         *         *         *   416.670    20.000    22.000    28.000    30.000    12.000         *     3.287     5.000     0.000     1.000     0.000     1.000     2.000     3.000     4.000     5.000   403.937    87.989    -5.253    17.045    19.850     2.447     0.979     0.468
         *         *         *         *   296.670    10.000     3.000    16.000    12.000    10.000         *     8.289    -2.000     1.000     1.000     0.000     1.000     2.000     3.000     4.000     5.000   310.917    87.989    -4.858    17.045     8.939     2.447     0.660     0.468
         *         *         *   323.330   450.000    23.000    30.000    30.000    12.000    24.000         *     2.463     5.000     0.000     0.000     0.000     1.000     2.000     3.000     4.000     5.000   394.028    80.387    -4.796    17.019    21.191     2.445     0.930     0.468
         *         *         *         *   213.330     8.000     0.000    16.000     9.000    12.000         *     4.615     9.000     1.000     1.000     0.000     1.000     2.000     3.000     4.000     5.000   274.745    87.989    -8.118    17.045     8.236     2.447     0.689     0.468
         *         *         *         *   476.670    23.000    18.000    28.000    21.000    24.000         *     3.095     9.000     0.000     0.000     1.000     1.000     2.000     3.000     4.000     5.000   413.262    87.989     5.903    17.045    19.252     2.447     1.398     0.468
         *         *         *         *   353.330    36.000    34.000    39.000    42.000    44.000         *     8.431     7.000     0.000     1.000     0.000     1.000     2.000     3.000     4.000     5.000   422.608    87.989   -13.794    17.045    35.240     2.447     0.941     0.468
         *         *         *         *   413.330    30.000    26.000    38.000    25.000    33.000         *     4.251     7.000     0.000     1.000     0.000     1.000     2.000     3.000     4.000     5.000   430.084    87.989    -7.305    17.045    27.112     2.447     1.043     0.468
         *         *         *         *   366.670    20.000    23.000    34.000    34.000    24.000         *     4.034     5.000     0.000     1.000     0.000     1.000     2.000     3.000     4.000     5.000   385.710    87.989    -6.457    17.045    23.453     2.447     1.174     0.468
         *         *         *         *   150.000    29.000    32.000    41.000    39.000    38.000         *     6.071     9.000     0.000     1.000     0.000     1.000     2.000     3.000     4.000     5.000   323.794    87.989   -24.286    17.045    32.476     2.447     0.859     0.468
         *         *         *         *   366.670    26.000    29.000    31.000    34.000    27.000         *     0.793    13.000     0.000     0.000     0.000     1.000     2.000     3.000     4.000     5.000   420.417    87.989   -11.816    17.045    26.443     2.447     1.042     0.468
         *         *         *         *   245.000     9.000    14.000    25.000    21.000    17.000         *     3.248    11.000     0.000     1.000     1.000     1.000     2.000     3.000     4.000     5.000   270.494    87.989    -0.701    17.045    14.086     2.447     1.375     0.468
         *         *         *         *   183.330    32.000    27.000    30.000    33.000    24.000         *     8.530     5.000     1.000     1.000     0.000     1.000     2.000     3.000     4.000     5.000   337.276    87.989   -26.546    17.045    27.848     2.447     0.253     0.468
         *         *         *         *   310.000    26.000    35.000    34.000    42.000    44.000         *     8.741     6.000     0.000     1.000     1.000     1.000     2.000     3.000     4.000     5.000   350.574    87.989    -4.488    17.045    31.148     2.447     1.437     0.468
         *         *         *         *   326.670    18.000    17.000    16.000    16.000    16.000         *     4.270     2.000     1.000     1.000     0.000     1.000     2.000     3.000     4.000     5.000   355.228    87.989    -8.187    17.045    14.852     2.447     0.732     0.468
         *         *         *         *   283.330     8.000    18.000    25.000    20.000    20.000         *     0.886     5.000     1.000     1.000     1.000     1.000     2.000     3.000     4.000     5.000   292.197    87.989     0.816    17.045    14.185     2.447     1.508     0.468
         *         *         *         *   363.330    24.000    18.000    24.000    24.000    30.000         *    13.795    12.000     0.000     1.000     0.000     1.000     2.000     3.000     4.000     5.000   385.269    87.989    -7.265    17.045    23.143     2.447     0.448     0.468
         *         *         *         *   206.670    33.000    34.000    43.000    32.000    30.000         *     9.455     3.000     0.000     1.000     1.000     1.000     2.000     3.000     4.000     5.000   322.320    87.989   -18.307    17.045    31.073     2.447     0.823     0.468
         *         *         *         *   630.000    25.000    22.000    34.000    34.000    25.000         *     2.304     6.000     0.000     1.000     0.000     1.000     2.000     3.000     4.000     5.000   506.524    87.989     8.475    17.045    23.870     2.447     1.440     0.468
         *         *         *   303.330         *    22.000    23.000    31.000    29.000    35.000         *    11.128     7.000     0.000     1.000     0.000     1.000     2.000     3.000     4.000     5.000   351.880    80.966   -10.605    17.963    25.529     2.455     0.781     0.474
         *         *         *   326.670         *    18.000    24.000    32.000    30.000    30.000         *     5.858     5.000     0.000     0.000     0.000     1.000     2.000     3.000     4.000     5.000   373.853    80.966    -9.147    17.963    23.499     2.455     1.073     0.474
         *         *         *   220.000         *    28.000    32.000    40.000    34.000    33.000         *     7.331     7.000     0.000     0.000     0.000     1.000     2.000     3.000     4.000     5.000   343.998    80.966   -21.007    17.963    30.641     2.455     0.697     0.474
         *         *   346.670         *         *    20.000    28.000    29.000         *         *         *     3.251     9.000     0.000     1.000     1.000     1.000     2.000     3.000         *         *   348.598    72.599     0.915    18.531    22.922     2.724     1.530     0.500
         *         *         *   275.000   396.670    25.000    18.000    25.000    24.000    28.000         *     6.843     9.000     0.000     1.000     0.000     1.000     2.000     3.000     4.000     5.000   349.746    80.387    -3.035    17.019    21.624     2.445     0.897     0.468
         *         *         *   373.330         *    24.000    25.000    29.000    28.000    28.000         *     1.797    14.000     1.000     0.000     0.000     1.000     2.000     3.000     4.000     5.000   418.448    80.966   -12.554    17.963    24.625     2.455     0.804     0.474
         *         *         *   573.330   590.000    32.000    29.000    33.000    36.000    34.000         *     3.667     7.000     0.000     1.000     0.000     1.000     2.000     3.000     4.000     5.000   534.171    80.387     2.452    17.019    28.749     2.445     1.304     0.468
         *         *         *   486.670         *    21.000    20.000    29.000    24.000    24.000         *     1.504    11.000     1.000     1.000     0.000     1.000     2.000     3.000     4.000     5.000   457.462    80.966    -3.981    17.963    21.094     2.455     1.006     0.474
         *         *         *   257.330   300.000    31.000    26.000    33.000    36.000    31.000         *     8.535     5.000     0.000     1.000     0.000     1.000     2.000     3.000     4.000     5.000   353.866    80.387   -14.502    17.019    28.587     2.445     0.762     0.468
         *         *         *   366.670         *    22.000    26.000    30.000    24.000    31.000         *     7.752     3.000     0.000     1.000     0.000     1.000     2.000     3.000     4.000     5.000   385.904    80.966    -8.559    17.963    23.672     2.455     0.938     0.474
         *         *         *   608.330   573.330    22.000    19.000    35.000    29.000    33.000         *     9.535    11.000     0.000     1.000     0.000     1.000     2.000     3.000     4.000     5.000   524.971    80.387     5.465    17.019    24.881     2.445     1.064     0.468
         *         *         *   338.330   413.330    24.000    21.000    24.000    21.000    26.000         *    10.687     5.000     0.000     0.000     1.000     1.000     2.000     3.000     4.000     5.000   361.609    80.387     1.106    17.019    20.621     2.445     0.944     0.468
         *         *         *   331.000   283.330    21.000    29.000    20.000    33.000    29.000         *     9.600     5.000     1.000     0.000     0.000     1.000     2.000     3.000     4.000     5.000   387.130    80.387   -16.575    17.019    24.599     2.445     0.513     0.468
         *         *         *   290.000   293.330    27.000    22.000    25.000    30.000    20.000         *     3.541     5.000     1.000     1.000     0.000     1.000     2.000     3.000     4.000     5.000   363.527    80.387   -15.411    17.019    22.617     2.445     0.691     0.468
         *         *   483.330   236.670   390.000    12.000    25.000    24.000    28.000    24.000         *     3.930     9.000     1.000     1.000     1.000     1.000     2.000     3.000     4.000     5.000   386.510    70.381    -5.273    16.390    19.324     2.434     1.256     0.465
         *         *         *   505.000   553.330    20.000    20.000    20.000    12.000    24.000         *     0.864     9.000     0.000     1.000     0.000     1.000     2.000     3.000     4.000     5.000   459.594    80.387     7.646    17.019    16.371     2.445     1.276     0.468
         *         *         *   238.330   386.670     9.000    16.000     9.000    16.000    16.000         *     3.139     5.000     0.000     1.000     0.000     1.000     2.000     3.000     4.000     5.000   297.568    80.387     4.085    17.019    10.647     2.445     1.184     0.468
         *         *         *   233.330   240.000    16.000    12.000    20.000    20.000    23.000         *     7.582     9.000     0.000     0.000     0.000     1.000     2.000     3.000     4.000     5.000   303.298    80.387   -11.102    17.019    16.720     2.445     0.722     0.468
         *         *         *   326.000   390.000    17.000    24.000    20.000    26.000    12.000         *     1.483     6.000     0.000     0.000     0.000     1.000     2.000     3.000     4.000     5.000   382.572    80.387    -6.636    17.019    17.455     2.445     0.974     0.468
         *         *         *   353.330   330.000    36.000    48.000    40.000    41.000    41.000         *     4.713     9.000     0.000     0.000     0.000     1.000     2.000     3.000     4.000     5.000   442.602    80.387   -21.544    17.019    37.676     2.445     0.826     0.468
   126.670         *         *         *         *    14.000    16.000         *         *         *   -12.000     2.271     9.000     0.000     0.000     1.000     1.000     2.000         *         *         *   180.116    56.012     3.593    16.566    13.796     3.075     1.733     0.492
   223.330   276.670         *         *         *    16.000    20.000         *         *         *     3.500     2.687    11.000     1.000     1.000     0.000     1.000     2.000         *         *         *   263.626    47.900     1.658    16.507    17.773     3.075     0.847     0.489
   593.330   523.330   300.000   560.000   380.000    43.000    46.000    42.000    43.000    44.000     1.000    10.712     9.000     0.000     0.000     0.000     1.000     2.000     3.000     4.000     5.000   559.787    45.711   -31.570    12.636    41.398     2.342     0.383     0.420
   296.670         *         *         *         *    25.000         *         *         *         *     0.000     7.996     5.000     1.000     1.000     0.000     1.000         *         *         *         *   326.222    56.014   -13.031    16.570    23.264     3.902     0.536     0.493
   343.330   370.000   366.670   230.000   260.000    19.000    16.000    19.000    16.000    20.000    -8.000     6.238     5.000     0.000     0.000     0.000     1.000     2.000     3.000     4.000     5.000   383.443    45.711   -23.618    12.636    16.396     2.342     0.760     0.420
   223.330         *         *         *         *    29.000         *         *         *         *   -11.000    14.715     5.000     0.000     0.000     0.000     1.000         *         *         *         *   285.656    56.014   -23.354    16.570    26.214     3.902     0.390     0.493
   233.330   363.330         *         *         *    34.000    38.000         *         *         *    -1.000    15.259    13.000     1.000     0.000     1.000     1.000     2.000         *         *         *   326.785    47.900   -11.402    16.507    33.612     3.075     0.326     0.489
   260.000   273.330         *   433.330   140.000    25.000    24.000    32.000    29.000    28.000     6.000     0.856     6.000     0.000     0.000     0.000     1.000     2.000     3.000     4.000     5.000   306.250    47.285    -5.937    12.636    24.366     2.342     0.998     0.420
   445.000   443.330   303.330   680.000   583.330    33.000    28.000    42.000    32.000    28.000    -8.000    13.819    13.000     0.000     0.000     0.000     1.000     2.000     3.000     4.000     5.000   457.575    45.711     6.253    12.636    29.619     2.342     0.936     0.420
   303.330   466.670         *   363.330   303.330    16.000    12.000    12.000    17.000    20.000    -1.000    11.769     7.000     0.000     1.000     1.000     1.000     2.000     3.000     4.000     5.000   365.581    47.285    -4.674    12.636    13.880     2.342     0.876     0.420
   643.330   670.000   523.330   566.670   486.670    33.000    32.000    20.000    18.000    29.000    10.000     2.605    11.000     1.000     0.000     0.000     1.000     2.000     3.000     4.000     5.000   641.875    45.711   -27.142    12.636    26.306     2.342     0.221     0.420
   225.000         *         *         *         *    17.000    16.000    20.000    21.000    16.000     4.000    16.453     9.000     1.000     0.000     1.000     1.000     2.000     3.000     4.000     5.000   250.782    55.950    -2.071    16.383    17.990     2.419     0.142     0.468
   390.000         *   440.000   320.000   313.330    47.000    40.000    48.000    44.000    41.000     0.000     7.265     6.000     1.000     1.000     1.000     1.000     2.000     3.000     4.000     5.000   438.618    50.616   -21.858    13.014    40.009     2.348     0.831     0.422
   513.330   453.330         *   456.670   446.670    25.000    28.000    29.000    21.000    29.000    -2.000     1.272     9.000     0.000     1.000     0.000     1.000     2.000     3.000     4.000     5.000   493.627    47.285   -13.253    12.636    23.291     2.342     1.184     0.420
   430.000   380.000         *   403.330         *    37.000    44.000    39.000    39.000    43.000     3.000     9.091    10.000     0.000     1.000     1.000     1.000     2.000     3.000     4.000     5.000   423.297    47.436    -9.027    14.487    36.569     2.377     1.003     0.440
   473.330         *         *         *         *    16.000         *         *         *         *    -3.000    11.728    11.000     0.000     1.000     1.000     1.000         *         *         *         *   433.549    56.014   -12.017    16.570    19.711     3.902     0.879     0.493
   286.670   243.330   306.670   276.670         *    33.000    37.000    29.000    41.000    34.000    14.000     1.737    13.000     0.000     1.000     0.000     1.000     2.000     3.000     4.000     5.000   289.326    46.207     2.377    14.376    31.846     2.375     0.802     0.438
         *         *   383.330         *         *    37.000    12.000    20.000         *         *         *    12.231     3.000     1.000     1.000     0.000     1.000     2.000     3.000         *         *   409.256    72.599   -18.713    18.531    22.759     2.724     0.092     0.500
   300.000   333.330         *   356.670         *    16.000    19.000     8.000    16.000         *     4.000     5.789     4.000     1.000     1.000     0.000     1.000     2.000     3.000     4.000         *   330.764    47.572    -0.362    14.548    13.810     2.473     0.677     0.451
   413.330   433.330   533.330   297.670   443.330    20.000    15.000    16.000    20.000    12.000    -5.000    15.065     5.000     1.000     1.000     0.000     1.000     2.000     3.000     4.000     5.000   458.082    45.711   -16.560    12.636    16.721     2.342     0.199     0.420
   390.000   366.670   600.000   486.670   316.670    22.000    21.000    22.000    22.000    30.000     1.000    10.156     5.000     0.000     1.000     1.000     1.000     2.000     3.000     4.000     5.000   425.585    45.711    -1.238    12.636    20.399     2.342     1.151     0.420
   256.670   296.670         *         *         *    29.000    12.000    28.000         *         *     8.000    15.634    13.000     0.000     1.000     0.000     1.000     2.000     3.000         *         *   292.005    47.868    -5.277    16.496    23.696     2.693    -0.042     0.485
   540.000   400.000   516.670   530.000   486.670    27.000    12.000    12.000    12.000    29.000    10.000     2.643     5.000     1.000     1.000     0.000     1.000     2.000     3.000     4.000     5.000   479.790    45.711     0.592    12.636    16.586     2.342     0.846     0.420
         *   590.000         *         *         *    29.000    29.000         *         *         *   -15.000    14.652     9.000     1.000     0.000     1.000     1.000     2.000         *         *         *   570.327    63.155   -35.586    17.207    28.233     3.090     0.626     0.492
         *   316.670   186.670   280.000   226.670    32.000    25.000    25.000    26.000    26.000    -2.000    16.352    10.000     0.000     1.000     0.000     1.000     2.000     3.000     4.000     5.000   329.233    57.136   -21.420    14.385    26.835     2.372    -0.021     0.432
         *   303.330   636.670   563.330   483.330    28.000    21.000    24.000    24.000    20.000     8.000     3.621     4.000     0.000     0.000     0.000     1.000     2.000     3.000     4.000     5.000   447.495    57.136     9.861    14.385    20.493     2.372     1.060     0.432
         *   400.000   443.330   440.000   416.670    29.000    32.000    38.000    28.000    34.000     0.000     4.374     6.000     1.000     1.000     1.000     1.000     2.000     3.000     4.000     5.000   432.245    57.136    -4.285    14.385    27.879     2.372     1.295     0.432
   523.330   326.670   340.000   286.670   254.000    24.000    12.000    24.000    24.000    24.000     6.000     9.663     7.000     0.000     1.000     0.000     1.000     2.000     3.000     4.000     5.000   429.481    45.711   -28.298    12.636    21.643     2.342     0.186     0.420
   403.330         *         *         *         *    26.000         *         *         *         *    -2.000     5.209    13.000     0.000     1.000     0.000     1.000         *         *         *         *   408.604    56.014   -14.605    16.570    26.270     3.902     0.885     0.493
   403.330         *         *         *         *    20.000    11.000         *         *         *   -11.000    17.493     5.000     0.000     0.000     0.000     1.000     2.000         *         *         *   407.427    56.012   -29.839    16.566    17.148     3.075     0.142     0.492
   243.330         *   406.670   220.000   203.330    36.000    29.000    21.000    25.000    24.000     3.000    13.277     7.000     1.000     1.000     0.000     1.000     2.000     3.000     4.000     5.000   341.288    50.616   -21.462    13.014    27.244     2.348    -0.203     0.422
   416.670   300.000   290.000   326.670   303.330    20.000    12.000    24.000    30.000    28.000    -3.000    11.749     5.000     0.000     0.000     0.000     1.000     2.000     3.000     4.000     5.000   366.445    45.711   -13.190    12.636    20.832     2.342     0.728     0.420
   453.330   386.670   376.670   310.000         *    16.000    19.000    20.000    20.000    21.000    -5.000     4.897     7.000     0.000     0.000     0.000     1.000     2.000     3.000     4.000     5.000   431.451    46.207   -22.093    14.376    17.471     2.375     0.840     0.438
   396.670   250.000   346.670         *   306.670    31.000    39.000    38.000    33.000    42.000    -3.000     1.488     7.000     1.000     1.000     1.000     1.000     2.000     3.000     4.000     5.000   359.361    45.822    -9.979    13.009    31.330     2.349     1.459     0.424
   416.670   450.000   403.330   370.000         *    25.000    32.000    32.000    33.000         *     1.000     8.308    13.000     0.000     0.000     1.000     1.000     2.000     3.000     4.000         *   428.766    46.368    -9.238    14.432    28.195     2.471     0.985     0.449
   316.670         *         *         *         *    16.000         *         *         *         *    11.000    10.983     4.000     0.000     1.000     0.000     1.000         *         *         *         *   319.053    56.014     1.727    16.570    17.818     3.902     0.436     0.493
   440.000   440.000   493.330   420.000   360.000    15.000    28.000    20.000    28.000    26.000     0.000     1.907     7.000     0.000     1.000     0.000     1.000     2.000     3.000     4.000     5.000   453.545    45.711   -10.077    12.636    20.214     2.342     1.247     0.420
   413.330   423.330   526.670   476.670   436.670    45.000    54.000    54.000    53.000    58.000     4.000    14.309    13.000     0.000     0.000     0.000     1.000     2.000     3.000     4.000     5.000   473.697    45.711    -6.542    12.636    48.918     2.342     0.672     0.420
   193.330         *         *         *         *    12.000    10.000         *         *         *     1.000     2.895     1.000     0.000     0.000     0.000     1.000     2.000         *         *         *   231.680    56.012     5.538    16.566    10.678     3.075     1.181     0.492
   330.000         *   306.670   276.670         *    20.000    17.000    25.000    28.000    20.000    13.000     7.837    12.000     0.000     1.000     0.000     1.000     2.000     3.000     4.000     5.000   320.610    50.773    -1.755    14.551    21.418     2.378     0.382     0.439
   223.330         *         *         *         *    21.000         *         *         *         *   -17.000    21.244    11.000     0.000     0.000     0.000     1.000         *         *         *         *   277.238    56.014   -30.751    16.570    22.371     3.902    -0.061     0.493
   566.670         *         *         *         *    16.000         *         *         *         *   -18.000    21.685     5.000     0.000     0.000     0.000     1.000         *         *         *         *   529.389    56.014   -46.623    16.570    19.951     3.902    -0.020     0.493
   233.330         *         *         *         *    12.000    20.000         *         *         *    -4.000    18.507     1.000     1.000     1.000     0.000     1.000     2.000         *         *         *   260.077    56.012   -16.735    16.566    16.411     3.075    -0.037     0.492
   556.670         *         *         *         *    24.000         *         *         *         *   -17.000    10.693     5.000     0.000     1.000     0.000     1.000         *         *         *         *   528.505    56.014   -39.516    16.570    24.473     3.902     0.817     0.493
   173.330   293.330         *         *         *    14.000    10.000         *         *         *   -11.000    22.222     1.000     1.000     1.000     0.000     1.000     2.000         *         *         *   263.366    47.900   -21.280    16.507    13.349     3.075    -0.162     0.489
   450.000   366.670   533.330   490.000   433.330    24.000    24.000    24.000    24.000    20.000     3.000     7.613    13.000     0.000     0.000     0.000     1.000     2.000     3.000     4.000     5.000   456.341    45.711    -3.811    12.636    22.040     2.342     0.624     0.420
   343.330         *         *         *         *         *    30.000         *         *         *     2.000    16.683    11.000     1.000     1.000     1.000     1.000     2.000         *         *         *   352.853    56.683   -13.783    16.711    28.566     4.004     0.166     0.494
   493.330   483.330   506.670         *   433.330    12.000    24.000    12.000    20.000    20.000     5.000     4.423     5.000     0.000     1.000     0.000     1.000     2.000     3.000     4.000     5.000   482.399    45.822    -6.985    13.009    15.739     2.349     0.954     0.424
   293.330         *         *         *         *    25.000    24.000         *         *         *    -5.000     9.567     5.000     1.000     1.000     0.000     1.000     2.000         *         *         *   326.323    56.012   -18.772    16.566    23.173     3.075     0.497     0.492
   433.330         *         *         *         *    24.000         *         *         *         *     6.000     2.323    13.000     0.000     1.000     0.000     1.000         *         *         *         *   424.165    56.014    -5.501    16.570    24.987     3.902     0.977     0.493
   293.330   340.000   303.330   293.330   243.330    43.000    36.000    37.000    46.000    33.000   -13.000    14.597     7.000     0.000     1.000     1.000     1.000     2.000     3.000     4.000     5.000   366.853    45.711   -23.717    12.636    35.507     2.342     0.822     0.420
   496.670   500.000         *         *         *    28.000    21.000         *         *         *     1.000     1.729     7.000     0.000     1.000     0.000     1.000     2.000         *         *         *   494.881    47.900   -13.181    16.507    23.598     3.075     1.159     0.489
   523.330   483.330         *         *         *    28.000    20.000         *         *         *    -4.000    15.224     9.000     1.000     1.000     0.000     1.000     2.000         *         *         *   518.592    47.900   -33.212    16.507    24.974     3.075    -0.046     0.489
   433.330         *   433.330   450.000   440.670    34.000    42.000    34.000    28.000    33.000     6.000    11.626     9.000     0.000     1.000     0.000     1.000     2.000     3.000     4.000     5.000   457.692    50.616    -9.155    13.014    32.627     2.348     0.381     0.422
   243.330   360.000   313.330         *         *    19.000    21.000    30.000    24.000    24.000     3.000    14.701     1.000     0.000     0.000     0.000     1.000     2.000     3.000     4.000     5.000   315.265    46.210    -2.905    15.708    21.968     2.403     0.474     0.455
   570.000   563.330   643.330   603.330         *    53.000    60.000    41.000    51.000    56.000    14.000     1.847    12.000     1.000     1.000     1.000     1.000     2.000     3.000     4.000     5.000   588.338    46.207    -2.833    14.376    47.100     2.375     1.175     0.438
   470.000         *   533.330         *         *    25.000    29.000    25.000    28.000    29.000     8.000     7.216     9.000     0.000     0.000     0.000     1.000     2.000     3.000     4.000     5.000   486.362    51.126    -4.437    15.723    25.369     2.403     0.699     0.455
   306.670   316.670   383.330   353.330   296.670    30.000    33.000    33.000    35.000    29.000    -1.000    18.036    14.000     0.000     1.000     1.000     1.000     2.000     3.000     4.000     5.000   352.253    45.711    -7.604    12.636    30.606     2.342     0.422     0.420
   426.670         *   433.330   396.670   350.000    33.000    33.000    27.000    31.000    35.000    -2.000     8.352     7.000     1.000     1.000     1.000     1.000     2.000     3.000     4.000     5.000   442.010    50.616   -15.127    13.014    28.737     2.348     0.899     0.422
         *   383.330   410.000   373.330   350.000    44.000    47.000    39.000    45.000    51.000         *     3.098     9.000     0.000     1.000     0.000     1.000     2.000     3.000     4.000     5.000   439.127    58.356   -16.315    14.976    40.449     2.413     1.141     0.459
   300.000         *         *         *         *    24.000         *         *         *         *    10.000    10.438    11.000     0.000     0.000     0.000     1.000         *         *         *         *   325.649    56.014    -1.968    16.570    24.497     3.902     0.296     0.493
   533.330         *         *         *         *    26.000    38.000         *         *         *    -6.000    14.277     4.000     1.000     1.000     0.000     1.000     2.000     3.000     4.000         *   510.153    56.012   -36.068    16.566    30.463     3.075     0.196     0.492
   196.670         *         *         *   206.670    14.000    24.000    20.000    12.000    24.000     0.000    13.918    13.000     1.000     0.000     1.000     1.000     2.000     3.000     4.000     5.000   228.023    55.045    -2.618    13.269    18.272     2.353     0.346     0.426
   350.000         *         *         *         *    20.000         *         *         *         *     3.000    16.557     7.000     0.000     0.000     0.000     1.000         *         *         *         *   360.298    56.014   -13.970    16.570    21.676     3.902     0.019     0.493
   803.330   430.000   593.330   520.000         *    37.000    41.000    40.000    39.000    29.000    -3.000    11.440     4.000     0.000     1.000     0.000     1.000     2.000     3.000     4.000     5.000   671.896    46.207   -42.715    14.376    35.755     2.375     0.330     0.438
   446.670         *         *         *         *    34.000         *         *         *         *     6.000     3.358    10.000     0.000     1.000     0.000     1.000         *         *         *         *   448.472    56.014   -10.930    16.570    31.451     3.902     0.906     0.493
   200.000         *         *         *         *         *    24.000         *         *         *     1.000     9.874    13.000     0.000     1.000     1.000     1.000     2.000         *         *         *   237.618    56.683     3.038    16.711    23.422     4.004     0.922     0.494
         *   396.670   476.670   560.000   493.330    39.000    39.000    38.000    37.000    28.000         *    14.638     7.000     0.000     1.000     0.000     1.000     2.000     3.000     4.000     5.000   479.189    58.356    -3.461    14.976    34.551     2.413     0.319     0.459
   276.670         *   286.670   250.000   290.000    32.000    42.000    29.000    43.000    36.000     3.000     7.520     8.000     0.000     0.000     0.000     1.000     2.000     3.000     4.000     5.000   314.497    50.616    -8.614    13.014    33.263     2.348     0.725     0.422
   466.670   403.330   253.330         *   226.670    24.000    37.000    26.000    22.000    34.000    -4.000    15.585    11.000     0.000     0.000     0.000     1.000     2.000     3.000     4.000     5.000   445.365    45.822   -38.940    13.009    28.992     2.349    -0.100     0.424
   313.330   280.000   310.000         *         *    24.000    24.000    33.000         *         *     6.000     5.855     2.000     1.000     1.000     1.000     1.000     2.000     3.000         *         *   303.796    46.471     2.388    15.834    23.912     2.687     1.122     0.474
   150.000         *         *         *         *    12.000         *         *         *         *     2.000     8.420     4.000     0.000     1.000     0.000     1.000         *         *         *         *   192.504    56.014     4.793    16.570    13.585     3.902     0.806     0.493
   546.670         *         *         *         *    33.000         *         *         *         *     6.000     7.202     5.000     1.000     1.000     1.000     1.000         *         *         *         *   511.041    56.014   -14.334    16.570    30.130     3.902     0.842     0.493
   266.670         *   150.000         *         *    24.000    28.000         *         *         *   -11.000    12.245     9.000     1.000     1.000     0.000     1.000     2.000     3.000         *         *   285.588    51.321   -29.940    15.872    25.187     3.064     0.240     0.478
   533.330         *   540.000   370.000   456.670    26.000    25.000    35.000    33.000    41.000     4.000     2.953    13.000     1.000     1.000     1.000     1.000     2.000     3.000     4.000     5.000   496.881    50.616    -9.457    13.014    28.284     2.348     1.276     0.422
   503.330   186.670   606.670   506.670   466.670    27.000    30.000    30.000    23.000    32.000     6.000    11.892    13.000     0.000     0.000     0.000     1.000     2.000     3.000     4.000     5.000   432.779    45.711     4.365    12.636    26.937     2.342     0.548     0.420
         *         *   416.670   423.330   154.670    24.000    16.000    20.000    20.000    24.000         *    11.862     1.000     0.000     0.000     0.000     1.000     2.000     3.000     4.000     5.000   443.262    70.381   -29.533    16.390    20.295     2.434     0.280     0.465
   470.000         *   453.330   406.670   496.670    37.000    39.000    37.000    30.000    30.000    14.000    11.147     6.000     0.000     1.000     1.000     1.000     2.000     3.000     4.000     5.000   456.987    50.616    -3.085    13.014    32.580     2.348     0.512     0.422
   436.670         *         *         *         *    17.000    12.000    24.000         *         *   -25.000     7.131     5.000     0.000     1.000     1.000     1.000     2.000     3.000         *         *   418.340    56.008   -26.906    16.554    15.652     2.693     1.665     0.489
   120.000         *         *         *         *    16.000         *         *         *         *         *     8.385     5.000     1.000     1.000     0.000     1.000         *         *         *         *   179.838    56.169    -2.093    17.979    15.952     3.905     0.581     0.506
   166.670   250.000   153.330   140.000         *    28.000    24.000    21.000    24.000         *   -10.000    14.920     3.000     0.000     0.000     0.000     1.000     2.000     3.000     4.000         *   250.958    46.368   -24.247    14.432    23.168     2.471     0.262     0.449
   370.000   433.330   316.670         *         *    20.000    24.000    17.000    25.000         *    11.000    12.768     9.000     0.000     1.000     0.000     1.000     2.000     3.000     4.000         *   382.550    46.369    -7.325    15.795    21.806     2.493     0.147     0.466
   476.670   456.670   383.330   323.330         *    29.000    34.000    24.000    24.000         *     4.000     9.844    15.000     0.000     1.000     0.000     1.000     2.000     3.000     4.000         *   473.916    46.368   -28.104    14.432    28.189     2.471     0.062     0.449
   456.670   400.000   350.000   346.670   376.670    24.000    20.000    24.000    20.000         *    -4.000     8.500    11.000     0.000     1.000     0.000     1.000     2.000     3.000     4.000     5.000   435.152    45.902   -18.862    12.736    21.254     2.434     0.621     0.432
   483.330   673.330   726.670   516.670         *    24.000    25.000    12.000    26.000    37.000     9.000    -0.379     6.000     0.000     1.000     0.000     1.000     2.000     3.000     4.000     5.000   562.606    46.207     4.690    14.376    20.872     2.375     1.523     0.438
   300.000   253.330   343.330         *         *    47.000    34.000    34.000    39.000    38.000    -6.000    10.348    11.000     0.000     0.000     0.000     1.000     2.000     3.000     4.000     5.000   355.471    46.210   -22.606    15.708    36.055     2.403     0.461     0.455
   433.330   436.670   450.000   396.670   333.330    24.000    22.000    25.000    20.000    23.000     8.000    15.290    11.000     0.000     0.000     0.000     1.000     2.000     3.000     4.000     5.000   454.914    45.711   -17.268    12.636    23.873     2.342    -0.155     0.420
   300.000         *         *         *         *    16.000         *         *         *         *    -9.000    18.665     4.000     0.000     1.000     0.000     1.000         *         *         *         *   316.861    56.014   -22.195    16.570    18.001     3.902     0.182     0.493
   216.670   276.670         *         *         *    28.000    12.000         *         *         *    13.000     5.899     3.000     0.000     1.000     1.000     1.000     2.000     3.000         *         *   240.908    47.900    15.889    16.507    18.638     3.075     1.094     0.489
   466.670         *         *         *         *    35.000    36.000         *         *         *     7.000     3.224    11.000     0.000     0.000     0.000     1.000     2.000         *         *         *   470.699    56.012   -12.070    16.566    33.196     3.075     0.823     0.492
   323.330   183.330   246.670   206.670   180.000    33.000    33.000    28.000    35.000    38.000    -3.000     9.255    -1.000     0.000     0.000     0.000     1.000     2.000     3.000     4.000     5.000   306.020    45.711   -22.007    12.636    30.142     2.342     0.706     0.420
   483.330   303.330         *   300.000         *    46.000    37.000    30.000    33.000         *     1.000     9.069     5.000     1.000     1.000     0.000     1.000     2.000     3.000     4.000         *   450.026    47.572   -35.963    14.548    35.138     2.473     0.046     0.451
   233.330         *         *         *         *    15.000    12.000         *         *         *     7.000     4.842    -1.000     0.000     1.000     0.000     1.000     2.000         *         *         *   256.553    56.012     7.326    16.566    12.966     3.075     1.021     0.492
   283.330         *   230.000   226.670         *    28.000    16.000    20.000    12.000    16.000     8.000    12.396    13.000     0.000     0.000     0.000     1.000     2.000     3.000     4.000     5.000   303.058    50.773   -16.081    14.551    20.154     2.378    -0.335     0.439
   443.330         *         *         *         *    32.000         *         *         *         *     2.000    10.345     7.000     0.000     0.000     0.000     1.000         *         *         *         *   449.924    56.014   -19.642    16.570    29.955     3.902     0.438     0.493
   203.330   276.670   206.670   203.330   160.000    32.000    24.000    28.000    34.000    30.000     1.000    13.789     7.000     0.000     0.000     0.000     1.000     2.000     3.000     4.000     5.000   271.698    45.711   -16.587    12.636    28.465     2.342     0.195     0.420
   166.670         *         *         *         *    30.000         *         *         *         *   -10.000     2.917     5.000     0.000     1.000     1.000     1.000         *         *         *         *   226.471    56.014    -2.803    16.570    25.254     3.902     1.724     0.493
   583.330   626.670   696.670   623.330   573.330    25.000    28.000    28.000    29.000    25.000    11.000     4.831     9.000     0.000     1.000     0.000     1.000     2.000     3.000     4.000     5.000   608.247    45.711    -2.997    12.636    24.974     2.342     0.878     0.420
   480.000         *         *         *         *    38.000         *         *         *         *     4.000     8.292    17.000     0.000     0.000     0.000     1.000         *         *         *         *   486.892    56.014   -20.481    16.570    36.170     3.902     0.383     0.493
   466.670   546.670   476.670   476.670         *    39.000         *         *    39.000    34.000     6.000     6.047     9.000     0.000     0.000     0.000     1.000     2.000     3.000     4.000     5.000   517.735    46.413   -13.329    14.443    34.028     2.867     0.691     0.440
   183.330   260.000         *         *         *    23.000    16.000         *         *         *    -4.000    16.092     7.000     0.000     1.000     0.000     1.000     2.000         *         *         *   251.932    47.900   -11.501    16.507    19.778     3.075     0.242     0.489
   310.000   356.670   316.670   243.330   220.000    25.000    12.000    12.000    20.000    12.000    -4.000    17.181     7.000     1.000     0.000     0.000     1.000     2.000     3.000     4.000     5.000   371.014    45.711   -28.299    12.636    17.930     2.342    -0.381     0.420
   250.000         *         *         *         *    15.000         *         *         *         *     1.000    13.168     3.000     0.000     1.000     0.000     1.000         *         *         *         *   272.429    56.014    -5.756    16.570    16.499     3.902     0.459     0.493
   516.670         *         *         *         *    29.000         *         *         *         *     3.000     5.351     7.000     0.000     1.000     0.000     1.000         *         *         *         *   495.147    56.014   -16.625    16.570    27.978     3.902     0.858     0.493
   350.000   383.330   418.670   350.000   296.670    35.000    30.000    38.000    34.000    32.000     4.000     6.758    13.000     0.000     1.000     0.000     1.000     2.000     3.000     4.000     5.000   404.589    45.711   -14.531    12.636    31.825     2.342     0.572     0.420
   346.670         *         *         *         *    17.000         *         *         *         *    11.000    10.402     5.000     0.000     1.000     0.000     1.000         *         *         *         *   343.422    56.014     0.295    16.570    18.845     3.902     0.456     0.493
   333.330         *         *         *         *    31.000         *         *         *         *    -6.000    15.147     4.000     0.000     0.000     1.000     1.000         *         *         *         *   356.008    56.014   -17.307    16.570    27.944     3.902     0.677     0.493
   206.670   230.000   263.330   172.000         *    25.000    27.000    24.000    24.000         *    -5.000     8.886    13.000     0.000     1.000     0.000     1.000     2.000     3.000     4.000         *   264.431    46.368   -14.298    14.432    23.812     2.471     0.561     0.449
   366.670   383.330         *   343.330   300.000    26.000    30.000    32.000    29.000    30.000    -5.000     9.619    13.000     0.000     0.000     1.000     1.000     2.000     3.000     4.000     5.000   391.065    47.285   -15.050    12.636    26.912     2.342     0.884     0.420
   393.330   390.000         *         *         *    22.000    24.000         *         *         *    12.000     3.369     4.000     1.000     1.000     1.000     1.000     2.000         *         *         *   376.782    47.900     6.113    16.507    21.402     3.075     1.114     0.489
   336.670   270.000   169.330   170.000         *    25.000    37.000    35.000    23.000         *    -5.000    18.821     9.000     0.000     1.000     0.000     1.000     2.000     3.000     4.000         *   334.753    46.368   -36.287    14.432    30.243     2.471    -0.264     0.449
   313.330   363.330   420.000   376.670         *    24.000    28.000    16.000    24.000         *    11.000     6.931     5.000     0.000     0.000     0.000     1.000     2.000     3.000     4.000         *   358.799    46.368     4.062    14.432    21.556     2.471     0.642     0.449
         *   553.330   480.000         *         *    30.000    29.000    29.000    30.000         *         *     6.205    11.000     1.000     1.000     0.000     1.000     2.000     3.000     4.000         *   535.217    59.281   -19.871    18.128    28.266     2.530     0.541     0.491
   210.000   346.670   270.000   240.000   203.330    39.000    36.000    47.000    35.000    39.000     2.000    10.170     9.000     1.000     0.000     0.000     1.000     2.000     3.000     4.000     5.000   322.210    45.711   -18.877    12.636    37.143     2.342     0.226     0.420
   326.670         *   210.000         *         *    20.000    21.000    16.000         *         *    -6.000    21.209    13.000     0.000     0.000     1.000     1.000     2.000     3.000         *         *   313.926    51.318   -22.385    15.847    20.413     2.687    -0.059     0.474
   416.670   530.000   463.330   463.330   406.670    34.000    35.000    40.000    37.000    33.000     2.000     8.218    13.000     0.000     1.000     0.000     1.000     2.000     3.000     4.000     5.000   489.558    45.711   -13.716    12.636    33.498     2.342     0.680     0.420
         *   313.330   296.670   253.330   210.000    29.000    25.000    26.000    24.000    25.000         *    19.558     7.000     0.000     1.000     0.000     1.000     2.000     3.000     4.000     5.000   357.959    58.356   -25.690    14.976    26.533     2.413    -0.257     0.459
   300.000   203.330   200.000   170.000         *    39.000    33.000    38.000    42.000         *    -3.000    10.118     5.000     1.000     0.000     0.000     1.000     2.000     3.000     4.000         *   306.179    46.368   -28.158    14.432    35.449     2.471     0.289     0.449
   426.670   370.000   276.670   270.000   263.330    24.000    24.000    28.000    28.000    24.000     1.000     3.533     9.000     1.000     1.000     0.000     1.000     2.000     3.000     4.000     5.000   402.460    45.711   -26.525    12.636    24.225     2.342     0.496     0.420
   396.670         *         *         *         *    20.000         *         *         *         *    -9.000    11.473    13.000     0.000     1.000     0.000     1.000         *         *         *         *   397.931    56.014   -23.190    16.570    22.521     3.902     0.553     0.493
   106.670         *         *         *         *    24.000    25.000         *         *         *    -1.000    26.621     4.000     0.000     1.000     0.000     1.000     2.000         *         *         *   177.049    56.012   -14.579    16.566    24.303     3.075    -0.521     0.492
         *   316.670         *         *         *    36.000    30.000         *         *         *         *     9.518     5.000     1.000     1.000     0.000     1.000     2.000         *         *         *   366.734    63.732   -20.395    18.519    30.458     3.094     0.346     0.506
         *   176.670   186.670   166.670   140.000    36.000    29.000    36.000    33.000    28.000    10.000     8.620     7.000     1.000     1.000     0.000     1.000     2.000     3.000     4.000     5.000   243.751    57.136   -16.121    14.385    31.446     2.372    -0.011     0.432
   360.000         *   316.670   326.670   280.000    39.000    39.000    36.000    33.000    35.000     2.000     3.081    11.000     0.000     1.000     0.000     1.000     2.000     3.000     4.000     5.000   388.296    50.616   -19.124    13.014    33.644     2.348     0.717     0.422
   366.670   353.330   366.670   380.000   316.670    20.000    35.000    32.000    39.000    32.000    -5.000     5.756     9.000     1.000     1.000     0.000     1.000     2.000     3.000     4.000     5.000   389.539    45.711   -11.364    12.636    28.007     2.342     1.052     0.420
   323.330   233.330   223.330   333.330   310.000    24.000    20.000    24.000    16.000    28.000     8.000    14.101    13.000     1.000     1.000     0.000     1.000     2.000     3.000     4.000     5.000   293.343    45.711    -1.970    12.636    22.731     2.342    -0.026     0.420
   366.670   570.000         *   516.670   350.000    20.000    24.000    30.000    31.000    28.000     9.000    13.365     5.000     0.000     0.000     0.000     1.000     2.000     3.000     4.000     5.000   456.792    47.285    -5.446    12.636    25.293     2.342     0.451     0.420
   276.670   483.330   490.000         *   446.670    20.000    12.000    28.000    32.000    25.000     9.000     7.175     7.000     1.000     1.000     0.000     1.000     2.000     3.000     4.000     5.000   375.855    45.822    13.834    13.009    20.648     2.349     0.966     0.424
         *   333.330   480.000   463.330   346.670    26.000    30.000    28.000    30.000    36.000         *     5.116     7.000     0.000     1.000     0.000     1.000     2.000     3.000     4.000     5.000   416.529    58.356    -4.202    14.976    26.412     2.413     1.150     0.459
         *   336.670   250.000   346.670   320.000    24.000    20.000    30.000    25.000    31.000         *    15.982     7.000     0.000     1.000     1.000     1.000     2.000     3.000     4.000     5.000   316.634    58.356    -1.103    14.976    23.774     2.413     0.755     0.459
   176.670         *         *         *         *    20.000         *         *         *         *         *     3.593     9.000     0.000     1.000     0.000     1.000         *         *         *         *   227.367    56.169     1.062    17.979    19.767     3.905     1.102     0.506
         *   223.330   236.670   213.330   193.330    12.000    12.000    16.000    12.000    12.000         *    13.869     5.000     1.000     1.000     1.000     1.000     2.000     3.000     4.000     5.000   248.971    58.356    -8.287    14.976    12.454     2.413     0.367     0.459
         *   273.330         *         *   223.330    16.000    28.000    24.000    24.000    16.000         *     3.506    10.000     0.000     1.000     0.000     1.000     2.000     3.000     4.000     5.000   317.460    63.507   -15.676    15.240    19.876     2.416     0.746     0.460
   160.000         *         *         *         *    25.000    12.000         *         *         *    -5.000    30.427     1.000     0.000     1.000     0.000     1.000     2.000         *         *         *   219.286    56.012   -23.331    16.566    19.727     3.075    -0.768     0.492
   376.670   321.330   250.000   243.330   203.330    35.000    29.000    36.000    30.000    30.000   -16.000     9.379     2.000     0.000     1.000     1.000     1.000     2.000     3.000     4.000     5.000   383.184    45.711   -34.456    12.636    28.330     2.342     1.037     0.420
   336.670         *         *         *         *    25.000         *         *         *         *    -2.000     4.541     7.000     0.000     1.000     0.000     1.000         *         *         *         *   356.019    56.014   -10.424    16.570    23.898     3.902     1.037     0.493
   643.330   440.000   434.000   376.670   374.000    20.000    32.000    36.000    36.000    24.000    -3.000     3.958     9.000     1.000     0.000     0.000     1.000     2.000     3.000     4.000     5.000   556.288    45.711   -37.128    12.636    27.932     2.342     0.572     0.420
   516.670   406.670   373.330   310.000   300.000    30.000    36.000    34.000    35.000    39.000   -14.000     3.695     8.000     0.000     0.000     0.000     1.000     2.000     3.000     4.000     5.000   493.101    45.711   -38.162    12.636    31.097     2.342     1.106     0.420
         *   456.670   406.670   340.000   280.000    24.000    29.000    28.000    33.000    28.000         *    10.613    13.000     0.000     1.000     0.000     1.000     2.000     3.000     4.000     5.000   462.441    58.356   -27.542    14.976    27.669     2.413     0.357     0.459
   333.330   280.000   253.330   213.330   200.000    28.000    12.000    29.000    28.000    33.000     4.000     9.264     3.000     0.000     1.000     0.000     1.000     2.000     3.000     4.000     5.000   313.699    45.711   -16.572    12.636    24.023     2.342     0.590     0.420
   466.670         *         *         *         *    30.000         *         *         *         *     5.000    12.579    11.000     1.000     1.000     0.000     1.000         *         *         *         *   459.549    56.014   -22.015    16.570    29.505     3.902    -0.014     0.493
   336.670         *         *         *         *    25.000         *         *         *         *     1.000     6.903     8.000     0.000     1.000     0.000     1.000         *         *         *         *   354.144    56.014    -9.348    16.570    24.371     3.902     0.800     0.493
   410.000   370.000   303.330   263.330   254.670    33.000    31.000    30.000    37.000    30.000     4.000    10.731    13.000     0.000     0.000     0.000     1.000     2.000     3.000     4.000     5.000   408.755    45.711   -28.047    12.636    31.869     2.342     0.050     0.420
   420.000   330.000   370.000   343.330         *    32.000    24.000    24.000    28.000    24.000    -6.000     3.328     3.000     0.000     0.000     0.000     1.000     2.000     3.000     4.000     5.000   418.958    46.207   -21.300    14.376    23.452     2.375     0.955     0.438
   386.670         *         *         *         *    36.000         *         *         *         *     1.000     5.477    13.000     0.000     1.000     0.000     1.000         *         *         *         *   408.984    56.014   -15.180    16.570    33.132     3.902     0.784     0.493
   450.000   396.670   310.000         *         *    34.000    36.000    40.000         *         *    -4.000    11.040     7.000     0.000     1.000     1.000     1.000     2.000     3.000         *         *   428.315    46.471   -22.663    15.834    33.743     2.687     0.905     0.474
   343.330   260.000   250.000   223.330   198.000    28.000    29.000    28.000    17.000    16.000    -9.000     4.423    11.000     0.000     0.000     0.000     1.000     2.000     3.000     4.000     5.000   358.648    45.711   -32.957    12.636    22.761     2.342     0.403     0.420
   306.670   200.000   203.330         *         *    16.000    29.000    23.000    28.000    20.000     0.000    17.899    11.000     0.000     0.000     0.000     1.000     2.000     3.000     4.000     5.000   285.917    46.210   -18.969    15.708    23.854     2.403    -0.150     0.455
   480.000   230.000         *   206.670   180.000    20.000    29.000    34.000    12.000    30.000    -5.000    12.908     5.000     0.000     1.000     0.000     1.000     2.000     3.000     4.000     5.000   390.438    47.285   -39.046    12.636    24.683     2.342     0.134     0.420
   326.670         *         *         *         *    24.000         *         *         *         *     4.000    12.943     8.000     0.000     1.000     0.000     1.000         *         *         *         *   342.646    56.014   -10.125    16.570    24.222     3.902     0.310     0.493
   360.000   280.000         *         *         *    20.000    24.000         *         *         *    -4.000    22.991    11.000     0.000     0.000     0.000     1.000     2.000         *         *         *   357.556    47.900   -26.739    16.507    23.690     3.075    -0.430     0.489
   326.670   270.000   226.670   220.000         *    43.000    45.000    44.000    42.000         *    -2.000    14.107    11.000     0.000     0.000     0.000     1.000     2.000     3.000     4.000         *   351.591    46.368   -30.552    14.432    41.580     2.471     0.066     0.449
   276.670   260.000         *         *         *    38.000    30.000         *         *         *    -8.000    15.298     5.000     0.000     0.000     0.000     1.000     2.000         *         *         *   327.446    47.900   -27.411    16.507    31.516     3.075     0.223     0.489
   383.330         *         *         *         *     9.000         *         *         *         *     1.000     6.342    11.000     0.000     1.000     1.000     1.000         *         *         *         *   353.545    56.014     2.992    16.570    13.911     3.902     1.255     0.493
   463.330   383.330   306.670   260.000         *    16.000    20.000    12.000    12.000         *    -5.000     8.691     0.000     1.000     1.000     1.000     1.000     2.000     3.000     4.000         *   416.954    46.368   -28.905    14.432    14.322     2.471     0.616     0.449
   530.000         *   293.330   261.330   243.330    30.000    35.000    44.000    42.000    46.000    -3.000     1.187    10.000     0.000     1.000     0.000     1.000     2.000     3.000     4.000     5.000   457.540    50.616   -36.396    13.014    35.486     2.348     1.084     0.422
   366.670   350.000   280.000   150.000   140.000    23.000    31.000    28.000    24.000    23.000    -4.000     6.704    11.000     0.000     0.000     0.000     1.000     2.000     3.000     4.000     5.000   387.793    45.711   -41.283    12.636    25.518     2.342     0.184     0.420
   170.000   153.330         *         *         *    28.000    36.000         *         *         *    -1.000     5.896     5.000     0.000     1.000     1.000     1.000     2.000         *         *         *   196.164    47.900     2.379    16.507    27.847     3.075     1.358     0.489
   510.000   456.670   420.000   404.000   323.330    12.000    16.000    10.000    12.000    16.000     8.000     1.959     8.000     0.000     0.000     0.000     1.000     2.000     3.000     4.000     5.000   471.363    45.711   -18.492    12.636    12.963     2.342     0.569     0.420
   596.670   486.670   433.330   387.330   386.670    19.000    30.000    29.000    30.000    31.000     1.000     6.865     2.000     0.000     1.000     0.000     1.000     2.000     3.000     4.000     5.000   529.301    45.711   -26.951    12.636    25.378     2.342     0.831     0.420
   443.330   403.330   323.330   310.000   283.330    19.000    20.000    24.000    24.000    24.000    15.000     1.529     8.000     1.000     1.000     0.000     1.000     2.000     3.000     4.000     5.000   402.273    45.711   -15.712    12.636    21.372     2.342     0.409     0.420
   406.670         *         *         *         *    20.000    28.000    20.000    16.000         *    -5.000    19.300     9.000     0.000     1.000     0.000     1.000     2.000     3.000     4.000         *   404.666    55.989   -28.412    16.498    22.163     2.505    -0.178     0.480
   313.330   310.000         *         *         *    24.000    16.000         *         *         *    14.000     6.011     6.000     0.000     1.000     0.000     1.000     2.000         *         *         *   313.445    47.900     5.128    16.507    19.853     3.075     0.632     0.489
   543.330   543.330   520.000   430.000         *    28.000    39.000    28.000    28.000         *   -11.000     9.912     5.000     0.000     0.000     0.000     1.000     2.000     3.000     4.000         *   576.008    46.368   -34.166    14.432    28.819     2.471     0.723     0.449
   716.670   386.670   260.000   263.330   236.670    25.000    27.000    29.000    28.000    31.000     1.000    10.361    11.000     0.000     0.000     0.000     1.000     2.000     3.000     4.000     5.000   539.365    45.711   -56.361    12.636    28.968     2.342    -0.184     0.420
   360.000   301.330   268.000   296.670   300.000    28.000    32.000    24.000    28.000    25.000     0.000     1.800     5.000     1.000     1.000     0.000     1.000     2.000     3.000     4.000     5.000   356.027    45.711   -15.722    12.636    24.692     2.342     0.787     0.420
   110.000         *         *         *         *    31.000         *         *         *         *    -7.000    19.522     9.000     0.000     1.000     1.000     1.000     2.000         *         *         *   181.799    56.014   -10.047    16.570    27.932     3.902     0.391     0.493
   466.670   420.000         *         *         *    30.000    33.000    32.000         *         *    23.000     4.450    11.000     0.000     0.000     0.000     1.000     2.000     3.000         *         *   439.108    47.868     3.473    16.496    30.471     2.693     0.474     0.485
   233.330   350.000   333.330         *         *    12.000    17.000    12.000         *         *    18.000     6.211    12.000     1.000     1.000     0.000     1.000     2.000     3.000         *         *   279.928    46.471    14.769    15.834    14.501     2.687     0.354     0.474
   413.330         *         *         *         *         *         *         *         *         *     0.000    16.724     3.000     0.000     0.000     0.000     1.000         *         *         *         *   414.838    57.369   -21.476    16.914    23.786     6.986     0.090     0.494
   256.670   606.670   556.670         *         *    24.000         *    28.000         *         *    -1.000     3.678     5.000     0.000     1.000     0.000     1.000     2.000     3.000     4.000         *   434.596    46.534    10.284    15.851    22.308     3.124     1.595     0.474
   450.000   460.000         *         *         *    19.000    12.000         *         *         *     7.000     8.894     9.000     1.000     0.000     0.000     1.000     2.000         *         *         *   450.271    47.900   -11.436    16.507    17.323     3.075     0.223     0.489
   286.670   228.000   210.000   200.000   186.670    23.000    17.000    20.000    21.000    29.000     6.000     1.912    13.000     1.000     1.000     0.000     1.000     2.000     3.000     4.000     5.000   268.219    45.711   -11.491    12.636    20.666     2.342     0.563     0.420
   483.330   406.670   336.670   300.000   286.670    51.000    48.000    43.000    45.000    48.000     9.000     6.257     8.000     0.000     1.000     0.000     1.000     2.000     3.000     4.000     5.000   468.006    45.711   -32.962    12.636    44.562     2.342     0.307     0.420
         *   210.000   190.000         *         *    34.000    31.000    28.000         *         *         *     6.621     5.000     0.000     1.000     0.000     1.000     2.000     3.000         *         *   266.556    59.342   -15.499    18.147    28.380     2.715     0.721     0.499
   470.000   403.330   354.670   310.000         *    24.000    29.000    34.000    29.000         *    -1.000     3.446     6.000     0.000     1.000     0.000     1.000     2.000     3.000     4.000         *   440.509    46.368   -23.045    14.432    26.501     2.471     0.964     0.449
   516.670   443.330   396.670         *         *    26.000    25.000    30.000         *         *    -5.000     3.667    12.000     0.000     0.000     0.000     1.000     2.000     3.000         *         *   490.307    46.471   -24.166    15.834    25.759     2.687     0.930     0.474
   386.670   310.000   263.330   246.670   196.670    30.000    28.000    29.000    28.000    29.000     1.000     6.641     6.000     0.000     1.000     0.000     1.000     2.000     3.000     4.000     5.000   371.288    45.711   -28.265    12.636    27.223     2.342     0.457     0.420
   320.000   293.330         *   300.000   273.330    24.000    25.000    28.000    28.000    24.000     0.000     2.684    11.000     0.000     1.000     0.000     1.000     2.000     3.000     4.000     5.000   331.711    47.285   -10.011    12.636    23.232     2.342     0.934     0.420
   266.670         *         *         *         *    12.000         *         *         *         *    -7.000     8.387     3.000     1.000     0.000     0.000     1.000         *         *         *         *   293.962    56.014   -13.942    16.570    13.571     3.902     0.633     0.493
   243.330   223.330         *         *         *    20.000    24.000         *         *         *   -17.000     8.992    13.000     1.000     1.000     0.000     1.000     2.000         *         *         *   284.286    47.900   -25.734    16.507    21.573     3.075     0.633     0.489
   453.330   401.330   360.000   380.000   386.670    17.000    30.000    31.000    28.000    30.000     6.000     6.879     9.000     0.000     1.000     0.000     1.000     2.000     3.000     4.000     5.000   416.738    45.711    -7.779    12.636    24.970     2.342     0.810     0.420
         *   243.330   220.000   236.670   250.000    16.000    24.000    28.000    29.000    24.000         *     5.904     5.000     1.000     1.000     0.000     1.000     2.000     3.000     4.000     5.000   277.271    58.356    -8.147    14.976    21.448     2.413     0.843     0.459
   343.330         *         *         *         *    23.000         *         *         *         *    -5.000     4.116     1.000     1.000     0.000     0.000     1.000         *         *         *         *   367.300    56.014   -16.989    16.570    20.891     3.902     0.897     0.493
   510.000   493.330   480.000         *         *    33.000    44.000    49.000    59.000         *    -4.000     8.010     9.000     0.000     0.000     0.000     1.000     2.000     3.000     4.000         *   520.469    46.369   -19.565    15.795    41.629     2.493     1.191     0.466
   536.670         *         *         *         *    31.000         *         *         *         *    -2.000     3.224     9.000     0.000     1.000     0.000     1.000         *         *         *         *   516.588    56.014   -21.575    16.570    29.590     3.902     1.054     0.493
   260.000   240.000   236.670         *         *    37.000    45.000    40.000    38.000         *     0.000     8.943     9.000     0.000     1.000     1.000     1.000     2.000     3.000     4.000         *   283.657    46.369    -8.995    15.795    36.147     2.493     0.961     0.466
   270.000         *         *         *         *    17.000         *         *         *         *    -5.000     0.672     5.000     0.000     1.000     0.000     1.000         *         *         *         *   295.733    56.014    -3.907    16.570    17.157     3.902     1.439     0.493
   466.670         *         *         *         *    42.000         *         *         *         *     1.000     0.412    13.000     0.000     1.000     0.000     1.000         *         *         *         *   478.977    56.014   -17.694    16.570    37.319     3.902     1.126     0.493
   480.000   493.330   500.000         *         *    26.000    28.000    20.000         *         *    -7.000     0.637     5.000     0.000     1.000     0.000     1.000     2.000     3.000         *         *   504.010    46.471   -16.120    15.834    22.290     2.687     1.439     0.474
   193.330         *         *         *         *    15.000         *         *         *         *    -4.000     8.056    10.000     1.000     1.000     0.000     1.000         *         *         *         *   236.216    56.014    -7.868    16.570    16.641     3.902     0.571     0.493
   300.000         *         *         *         *    21.000         *         *         *         *    -1.000     9.113     9.000     0.000     1.000     0.000     1.000         *         *         *         *   321.500    56.014    -9.515    16.570    21.740     3.902     0.672     0.493
   541.330   510.000   500.000         *         *    12.000    16.000    20.000         *         *     8.000     9.154     8.000     0.000     1.000     0.000     1.000     2.000     3.000         *         *   503.936    46.471    -6.349    15.834    16.721     2.687     0.622     0.474
   273.330         *         *         *         *    28.000         *         *         *         *     6.000     9.860     3.000     0.000     0.000     0.000     1.000         *         *         *         *   312.692    56.014    -5.593    16.570    25.352     3.902     0.510     0.493
   406.670   410.000   470.670         *         *    29.000    27.000    29.000         *         *    -2.000     0.965     7.000     0.000     0.000     0.000     1.000     2.000     3.000         *         *   439.217    46.471    -7.911    15.834    25.532     2.687     1.326     0.474
   266.670         *         *         *         *    24.000    24.000    29.000         *         *     4.000     5.107    13.000     0.000     0.000     0.000     1.000     2.000     3.000         *         *   304.256    56.008    -1.606    16.554    24.322     2.693     0.789     0.489
   243.330   256.670   310.000         *         *    24.000    20.000    21.000         *         *     6.000     0.804     9.000     0.000     1.000     0.000     1.000     2.000     3.000         *         *   270.843    46.471     5.935    15.834    19.864     2.687     1.130     0.474
   380.000   384.670   380.000         *         *    39.000    43.000    40.000         *         *     1.000     2.454    11.000     1.000     1.000     0.000     1.000     2.000     3.000         *         *   419.713    46.471   -16.753    15.834    37.129     2.687     0.853     0.474
   360.000   354.670         *         *         *    45.000    34.000         *         *         *    -1.000    15.665    10.000     0.000     1.000     0.000     1.000     2.000         *         *         *   401.862    47.900   -26.608    16.507    37.226     3.075     0.051     0.489
   240.000   236.670   196.670         *         *    30.000    31.000    35.000         *         *     5.000     6.422     5.000     0.000     1.000     0.000     1.000     2.000     3.000         *         *   259.872    46.471    -6.569    15.834    29.156     2.687     0.762     0.474
   226.670   246.670   250.000         *         *    12.000    32.000    34.000         *         *   -21.000     8.094     7.000     0.000     1.000     0.000     1.000     2.000     3.000         *         *   282.977    46.471   -17.113    15.834    22.880     2.687     1.401     0.474
   448.670         *         *         *         *    16.000    16.000         *         *         *     5.000     4.565     3.000     1.000     0.000     0.000     1.000     2.000         *         *         *   430.991    56.012    -9.955    16.566    16.294     3.075     0.675     0.492
   263.330         *         *         *         *    20.000         *         *         *         *     4.000     8.423     5.000     1.000     1.000     1.000     1.000         *         *         *         *   278.515    56.014     1.838    16.570    19.436     3.902     0.871     0.493
   336.670   310.000         *         *         *    40.000    25.000    26.000         *         *     0.000     0.724     7.000     0.000     1.000     1.000     1.000     2.000     3.000         *         *   344.642    47.868    -5.008    16.496    26.899     2.693     1.462     0.485
   230.000   236.670         *         *         *    20.000    16.000         *         *         *    -7.000     3.060     8.000     0.000     1.000     1.000     1.000     2.000         *         *         *   246.786    47.900     0.778    16.507    16.766     3.075     1.596     0.489
   280.000   286.670         *         *         *    25.000    29.000    26.000         *         *     8.000     4.010     7.000     1.000     1.000     0.000     1.000     2.000     3.000         *         *   304.574    47.868    -2.337    16.496    24.753     2.693     0.674     0.485
   310.000   310.000   300.000         *         *    30.000    24.000    26.000         *         *    -7.000     1.578    11.000     0.000     1.000     0.000     1.000     2.000     3.000         *         *   341.255    46.471   -14.067    15.834    24.427     2.687     1.187     0.474
   316.670   310.670   300.000         *         *    53.000    53.000    52.000         *         *    13.000     2.802     8.000     0.000     0.000     0.000     1.000     2.000     3.000         *         *   355.189    46.471    -9.272    15.834    47.491     2.687     0.732     0.474
   453.330   443.330   433.330         *         *    21.000    24.000    29.000         *         *     2.000     4.913    -2.000     0.000     0.000     0.000     1.000     2.000     3.000         *         *   452.804    46.471    -9.369    15.834    22.159     2.687     1.125     0.474
   196.670   203.330         *         *         *    16.000    21.000         *         *         *    -1.000     6.101     6.000     0.000     1.000     0.000     1.000     2.000         *         *         *   224.927    47.900    -0.901    16.507    17.660     3.075     0.961     0.489
   283.330   283.330   286.670         *         *    25.000    20.000    25.000         *         *     3.000     2.630     9.000     1.000     1.000     0.000     1.000     2.000     3.000         *         *   305.083    46.471    -5.605    15.834    21.792     2.687     0.797     0.474
   380.000   386.670   343.330         *         *    20.000    20.000    10.000         *         *     3.000     4.609    -1.000     1.000     1.000     0.000     1.000     2.000     3.000         *         *   388.174    46.471   -12.186    15.834    15.783     2.687     0.691     0.474
   420.000   450.000         *         *         *    39.000    32.000    26.000         *         *     5.000    15.290    12.000     0.000     0.000     0.000     1.000     2.000     3.000         *         *   461.799    47.868   -21.934    16.496    32.337     2.693    -0.141     0.485
   296.670   300.000         *         *         *    10.000    20.000         *         *         *    -4.000     3.826     9.000     0.000     1.000     0.000     1.000     2.000         *         *         *   307.783    47.900    -3.967    16.507    15.229     3.075     1.175     0.489
   333.330         *         *         *         *    20.000         *         *         *         *    -1.000     9.830    11.000     0.000     1.000     0.000     1.000         *         *         *         *   345.409    56.014   -11.279    16.570    21.729     3.902     0.588     0.493
   276.670         *         *         *         *    28.000         *         *         *         *     1.000     3.467    11.000     1.000     0.000     0.000     1.000         *         *         *         *   322.168    56.014    -9.665    16.570    25.962     3.902     0.693     0.493
   496.670         *         *         *         *     9.000         *         *         *         *     5.000     6.353     4.000     1.000     1.000     1.000     1.000         *         *         *         *   438.419    56.014    -2.542    16.570    12.992     3.902     1.030     0.493
   196.670         *         *         *         *    20.000         *         *         *         *     6.000    10.523     5.000     0.000     0.000     0.000     1.000         *         *         *         *   243.084    56.014     0.840    16.570    19.812     3.902     0.471     0.493
   340.000         *         *         *         *    21.000         *         *         *         *    -5.000     5.578     9.000     0.000     0.000     0.000     1.000         *         *         *         *   360.380    56.014   -13.295    16.570    21.550     3.902     0.926     0.493
   203.330   200.000         *         *         *    24.000    28.000         *         *         *    -9.000     1.357     5.000     0.000     1.000     0.000     1.000     2.000         *         *         *   243.596    47.900    -8.734    16.507    22.939     3.075     1.421     0.489
   316.670   306.670         *         *         *    24.000    28.000         *         *         *     9.000     4.946     9.000     0.000     0.000     0.000     1.000     2.000         *         *         *   328.016    47.900    -0.341    16.507    24.792     3.075     0.736     0.489
   286.670   300.000         *         *         *    40.000    44.000         *         *         *     6.000     0.634     9.000     0.000     1.000     0.000     1.000     2.000         *         *         *   328.729    47.900    -4.437    16.507    37.125     3.075     1.141     0.489
   383.330         *         *         *         *    21.000         *         *         *         *     2.000    11.802     1.000     0.000     1.000     0.000     1.000         *         *         *         *   381.486    56.014   -12.657    16.570    20.981     3.902     0.533     0.493
   256.670         *         *         *         *    21.000         *         *         *         *     7.000     1.600     5.000     0.000     1.000     0.000     1.000         *         *         *         *   284.594    56.014     5.827    16.570    20.150     3.902     1.170     0.493
   260.000   266.670         *         *         *    22.000    31.000         *         *         *    -1.000     0.946     5.000     0.000     1.000     0.000     1.000     2.000         *         *         *   287.924    47.900    -2.622    16.507    23.672     3.075     1.362     0.489
   376.670         *         *         *         *    29.000    30.000         *         *         *    -2.000    13.097     6.000     0.000     1.000     0.000     1.000     2.000         *         *         *   391.107    56.012   -20.473    16.566    28.162     3.075     0.405     0.492
   316.670   300.000         *         *         *    24.000    29.000         *         *         *   -10.000     0.760     9.000     1.000     0.000     0.000     1.000     2.000         *         *         *   348.648    47.900   -18.888    16.507    24.254     3.075     1.115     0.489
   446.670   420.000         *         *         *    31.000    50.000         *         *         *     2.000     3.670     9.000     0.000     1.000     0.000     1.000     2.000         *         *         *   454.573    47.900   -14.625    16.507    36.628     3.075     1.072     0.489
   563.330   560.000         *         *         *    34.000    45.000         *         *         *     8.000     1.570    13.000     0.000     0.000     0.000     1.000     2.000         *         *         *   563.669    47.900   -13.741    16.507    36.847     3.075     0.972     0.489
   210.000         *         *         *         *    24.000         *         *         *         *    -8.000     7.703     9.000     1.000     0.000     0.000     1.000         *         *         *         *   270.175    56.014   -16.514    16.570    22.583     3.902     0.574     0.493
   150.000   136.670         *         *         *    15.000    16.000         *         *         *   -14.000    12.081     2.000     0.000     1.000     1.000     1.000     2.000         *         *         *   176.045    47.900    -7.271    16.507    14.402     3.075     1.169     0.489
   233.330   250.000         *         *         *    24.000    26.000         *         *         *    -2.000     4.078     7.000     1.000     1.000     0.000     1.000     2.000         *         *         *   275.278    47.900    -8.853    16.507    23.020     3.075     0.843     0.489
   263.330         *         *         *         *    24.000         *         *         *         *   -14.000     7.958    11.000     1.000     1.000     0.000     1.000         *         *         *         *   308.258    56.014   -24.320    16.570    23.274     3.902     0.677     0.493
   263.330   270.000         *         *         *    29.000    24.000         *         *         *     7.000     3.224     5.000     0.000     1.000     0.000     1.000     2.000         *         *         *   287.176    47.900     0.653    16.507    24.294     3.075     0.973     0.489
   463.330         *         *         *         *    23.000         *         *         *         *     8.000     3.147     8.000     0.000     0.000     0.000     1.000     2.000         *         *         *   449.414    56.014    -5.916    16.570    23.560     3.902     0.893     0.493
   123.330         *         *         *         *    38.000         *         *         *         *     0.000    12.579     7.000     0.000     1.000     1.000     1.000         *         *         *         *   198.821    56.014    -1.666    16.570    31.953     3.902     0.799     0.493
   300.000         *         *         *         *    39.000         *         *         *         *    -5.000     3.467     8.000     0.000     0.000     0.000     1.000         *         *         *         *   356.759    56.014   -17.026    16.570    33.295     3.902     1.037     0.493
   323.330         *         *         *         *    18.000         *         *         *         *     3.000     1.658     9.000     1.000     0.000     0.000     1.000         *         *         *         *   341.578    56.014    -4.631    16.570    18.856     3.902     0.856     0.493
   300.000         *         *         *         *    26.000         *         *         *         *    10.000     7.500    11.000     0.000     1.000     0.000     1.000         *         *         *         *   323.059    56.014     0.104    16.570    25.657     3.902     0.572     0.493
   176.670         *         *         *         *    28.000         *         *         *         *    -5.000     4.070     9.000     0.000     1.000     0.000     1.000         *         *         *         *   241.404    56.014    -6.384    16.570    25.235     3.902     1.101     0.493
   293.330         *         *         *         *    16.000         *         *         *         *    -2.000     6.676    11.000     0.000     0.000     0.000     1.000         *         *         *         *   316.119    56.014    -7.003    16.570    18.367     3.902     0.793     0.493
   256.670         *         *         *         *    14.000         *         *         *         *    10.000    13.080     5.000     0.000     0.000     0.000     1.000         *         *         *         *   277.049    56.014     2.236    16.570    16.377     3.902     0.232     0.493
   326.670         *         *         *         *    29.000         *         *         *         *   -10.000     4.333     5.000     0.000     1.000     1.000     1.000         *         *         *         *   345.875    56.014   -11.219    16.570    25.718     3.902     1.600     0.493
   300.000         *         *         *         *    12.000         *         *         *         *     8.000     6.427     5.000     1.000     1.000     0.000     1.000         *         *         *         *   305.243    56.014     0.817    16.570    14.356     3.902     0.574     0.493
   463.330         *         *         *         *    28.000         *         *         *         *    10.000     6.266     8.000     0.000     1.000     0.000     1.000         *         *         *         *   449.349    56.014    -7.679    16.570    27.371     3.902     0.677     0.493
   346.670         *         *         *         *    28.000         *         *         *         *     8.000     2.066     8.000     0.000     0.000     1.000     1.000         *         *         *         *   355.858    56.014     6.293    16.570    25.865     3.902     1.378     0.493
   523.330         *         *         *         *    27.000         *         *         *         *     0.000     2.975     5.000     0.000     0.000     0.000     1.000         *         *         *         *   504.890    56.014   -17.883    16.570    25.923     3.902     1.052     0.493
   203.330         *         *         *         *    29.000         *         *         *         *   -18.000    12.491    17.000     1.000     1.000     0.000     1.000         *         *         *         *   272.699    56.014   -30.656    16.570    27.856     3.902     0.304     0.493
   370.000         *         *         *         *    28.000         *         *         *         *     0.000     1.784     3.000     0.000     1.000     1.000     1.000         *         *         *         *   371.559    56.014    -1.503    16.570    24.879     3.902     1.660     0.493
   366.670         *         *         *         *    33.000         *         *         *         *     3.000    13.641    13.000     0.000     1.000     1.000     1.000         *         *         *         *   374.487    56.014    -9.445    16.570    31.422     3.902     0.567     0.493
   193.330         *         *         *         *    12.000         *         *         *         *     0.000     4.146     9.000     1.000     1.000     0.000     1.000         *         *         *         *   229.883    56.014     0.069    16.570    14.105     3.902     0.824     0.493
   560.000         *         *         *         *    31.000         *         *         *         *    -5.000     4.513     7.000     0.000     1.000     0.000     1.000         *         *         *         *   535.530    56.014   -26.503    16.570    29.396     3.902     1.032     0.493
   436.670         *         *         *         *    25.000         *         *         *         *     0.000     2.241    13.000     0.000     1.000     1.000     1.000         *         *         *         *   418.796    56.014    -3.945    16.570    25.277     3.902     1.478     0.493
   323.330         *         *         *         *    22.000         *         *         *         *    -2.000     3.700     5.000     1.000     1.000     0.000     1.000         *         *         *         *   343.649    56.014   -11.803    16.570    20.943     3.902     0.893     0.493
   236.670         *         *         *         *    17.000         *         *         *         *    -7.000     2.014     9.000     1.000     1.000     0.000     1.000         *         *         *         *   274.285    56.014    -9.102    16.570    17.491     3.902     1.067     0.493
   266.670         *         *         *         *    20.000         *         *         *         *    -5.000     2.249     5.000     0.000     0.000     0.000     1.000         *         *         *         *   303.335    56.014    -6.817    16.570    19.294     3.902     1.247     0.493
   476.670         *         *         *         *    31.000         *         *         *         *     5.000     2.682    10.000     0.000     1.000     0.000     1.000         *         *         *         *   467.405    56.014   -11.620    16.570    29.497     3.902     0.978     0.493
   236.670         *         *         *         *    20.000         *         *         *         *    -2.000     2.980    13.000     0.000     0.000     0.000     1.000         *         *         *         *   279.857    56.014    -3.120    16.570    20.824     3.902     1.031     0.493
   336.670         *         *         *         *    31.000         *         *         *         *     8.000     4.730     5.000     0.000     1.000     0.000     1.000         *         *         *         *   358.887    56.014    -3.473    16.570    27.848     3.902     0.874     0.493
   226.670         *         *         *         *    12.000         *         *         *         *     4.000     6.370     4.000     1.000     1.000     1.000     1.000         *         *         *         *   239.127    56.014     8.383    16.570    13.310     3.902     1.072     0.493
   280.000         *         *         *         *    20.000         *         *         *         *    15.000     6.567     5.000     1.000     1.000     1.000     1.000         *         *         *         *   285.100    56.014    12.861    16.570    19.597     3.902     0.834     0.493
   400.000         *         *         *         *    26.000         *         *         *         *     0.000     3.960     5.000     1.000     1.000     0.000     1.000         *         *         *         *   406.375    56.014   -15.430    16.570    24.251     3.902     0.817     0.493
