    20.000    16.000         *         *         *         *         *         *    67.700         *         *         *         *         *     8.146     3.000    -1.000     0.000     0.000     0.000     1.000     2.000     3.000     4.000         *         *         *    21.623     1.822    -2.732     0.422    79.135     8.711    -3.650     2.512
    24.000         *    24.000         *    20.000    20.000    18.000   115.400         *   114.100   115.700   109.400   110.200   106.800     1.455    11.000    -1.000     0.000     1.000     0.000     1.000     2.000     3.000     4.000     5.000     6.000     7.000    26.297     1.826    -1.293     0.331   118.739     6.468    -1.580     1.328
    32.000    28.000         *         *         *         *         *    98.100    99.600         *         *         *         *         *     3.010     2.000     4.000     0.000     1.000     0.000     1.000     2.000     3.000     4.000         *         *         *    32.794     1.821    -2.942     0.421   105.001     6.470    -3.451     2.445
    19.000    16.000         *         *         *         *         *    29.900    29.000         *         *         *         *         *    13.929     8.000     7.000     0.000     0.000     1.000     1.000     2.000     3.000         *         *         *         *    20.703     1.821    -2.329     0.421    37.873     6.470    -2.476     2.445
    19.000    20.000    12.000         *         *         *         *    88.300    89.400    98.800    83.700         *         *         *    25.962     7.000    -2.000     0.000     0.000     0.000     1.000     2.000     3.000     4.000     5.000     6.000         *    23.383     1.654    -3.362     0.408    96.201     6.309    -2.937     2.032
    16.000         *         *         *         *         *         *    48.700    45.400         *         *         *         *         *     1.841     5.000     4.000     1.000     0.000     0.000     1.000     2.000     3.000         *         *         *         *    17.275     2.291    -1.820     0.422    53.293     6.470    -1.780     2.445
    19.000    20.000    20.000    14.000     9.000    12.000    12.000   118.100   114.100   128.200         *   119.900   107.600    99.300     2.134     3.000     7.000     0.000     1.000     1.000     1.000     2.000     3.000     4.000     5.000     6.000     7.000    22.412     1.571    -1.834     0.315   124.398     5.832    -2.613     1.249
    15.000         *    20.000    12.000    10.000     8.000     6.000   104.800   100.500    68.900    63.700    63.400         *         *     0.379     9.000    14.000     0.000     1.000     0.000     1.000     2.000     3.000     4.000     5.000     6.000     7.000    20.400     1.762    -1.959     0.333   102.666     6.158    -7.175     1.725
    16.000         *         *         *         *         *         *    96.800         *         *         *         *         *         *    15.577    10.000    -5.000     1.000     1.000     0.000     1.000     2.000         *         *         *         *         *    17.854     2.291    -2.137     0.424    96.480     7.689    -3.774     2.492
    15.000         *         *         *         *         *         *    43.700         *         *         *         *         *         *    14.014     3.000    -9.000     0.000     0.000     0.000     1.000     2.000         *         *         *         *         *    17.455     2.291    -2.875     0.424    53.958     7.689    -3.686     2.492
    21.000    10.000    20.000     4.000    10.000         *         *   122.600   107.600   110.300   108.200   102.300         *         *     1.083     5.000     5.000     0.000     0.000     0.000     1.000     2.000     3.000     4.000     5.000     6.000         *    19.565     1.594    -2.163     0.375   119.901     6.189    -3.350     1.741
    29.000         *    30.000    24.000    30.000    26.000         *   119.100   116.200   101.700   107.100         *   134.100   110.000     0.828     6.000     8.000     0.000     1.000     0.000     1.000     2.000     3.000     4.000     5.000     6.000     7.000    32.868     1.757    -1.593     0.356   114.007     5.739     0.229     1.273
    20.000         *         *         *         *         *         *    94.200         *         *         *         *         *         *    12.593     7.000    -8.000     0.000     0.000     0.000     1.000     2.000         *         *         *         *         *    21.444     2.291    -2.583     0.424    97.676     7.689    -4.022     2.492
    15.000         *         *         *         *         *         *    79.800         *         *         *         *         *         *     5.028     5.000   -10.000     0.000     0.000     0.000     1.000     2.000         *         *         *         *         *    16.734     2.291    -2.077     0.424    86.263     7.689    -3.266     2.492
    24.000    26.000         *         *         *         *         *    90.800    96.100         *         *         *         *         *    13.923     5.000     8.000     0.000     1.000     0.000     1.000     2.000     3.000         *         *         *         *    28.612     1.821    -3.062     0.421    98.058     6.470    -3.166     2.445
    21.000    20.000    20.000    18.000         *    12.000         *   107.200   113.400    92.600    90.000    94.600   100.800    94.500     2.756    13.000     1.000     0.000     1.000     0.000     1.000     2.000     3.000     4.000     5.000     6.000     7.000    22.811     1.590    -1.512     0.351   108.518     5.732    -2.333     1.252
    20.000    20.000    18.000         *         *         *         *    91.500    78.300    81.300         *         *         *         *     7.306     5.000     3.000     0.000     1.000     0.000     1.000     2.000     3.000     4.000         *         *         *    23.834     1.659    -2.467     0.414    91.733     6.312    -3.551     2.283
    16.000    16.000         *         *         *         *         *    69.900    48.000         *         *         *         *         *    15.941    11.000    -2.000     0.000     0.000     1.000     1.000     2.000     3.000     4.000         *         *         *    18.886     1.821    -2.066     0.421    66.894     6.470    -4.034     2.445
    14.000    20.000         *         *         *         *         *   102.800   100.200         *         *         *         *         *     1.362     5.000    -3.000     0.000     1.000     0.000     1.000     2.000     3.000         *         *         *         *    19.452     1.821    -1.834     0.421   106.523     6.470    -2.961     2.445
    20.000    28.000    30.000         *         *         *         *   100.600   117.200   106.900         *         *         *         *     1.450    13.000     4.000     1.000     1.000     0.000     1.000     2.000     3.000     4.000     5.000         *         *    26.812     1.659    -0.975     0.414   108.353     6.312    -0.318     2.283
    20.000    18.000         *    12.000     4.000         *     6.000    76.400    84.900    72.900    92.300    95.500         *    84.400     4.171     9.000     8.000     0.000     0.000     0.000     1.000     2.000     3.000     4.000     5.000     6.000     7.000    19.972     1.672    -2.083     0.329    83.646     5.760     0.352     1.337
         *    18.000         *         *         *         *         *   119.900   108.900         *         *         *         *         *     5.592     5.000     7.000     0.000     1.000     0.000     1.000     2.000     3.000         *         *         *         *    22.433     2.467    -2.356     0.438   118.615     6.477    -3.495     2.449
    19.000    14.000    18.000         *    14.000     8.000     4.000    49.300    47.500    33.000         *    49.000         *         *    13.641     8.000   -11.000     1.000     0.000     0.000     1.000     2.000     3.000     4.000     5.000     6.000     7.000    21.131     1.625    -2.180     0.318    51.608     6.164    -2.129     1.780
    15.000    22.000    18.000         *         *         *         *   115.600   123.100         *         *         *         *         *     3.949     5.000    13.000     0.000     1.000     0.000     1.000     2.000     3.000     4.000     5.000         *         *    22.192     1.663    -1.999     0.418   120.745     6.469    -1.680     2.439
    12.000    12.000         *         *         *         *         *    55.400    64.800         *         *         *         *         *    15.243     3.000   -19.000     1.000     0.000     0.000     1.000     2.000     3.000         *         *         *         *    15.470     1.821    -2.587     0.421    66.042     6.470    -3.825     2.445
    18.000    14.000         *     8.000         *         *         *    76.800    78.500         *    59.200         *         *         *    14.246     8.000   -20.000     0.000     0.000     0.000     1.000     2.000     3.000     4.000     5.000     6.000         *    18.951     1.713    -2.570     0.399    84.537     6.446    -5.349     2.052
    20.000    12.000    14.000    10.000     8.000     6.000     8.000    99.700   108.500    99.800    92.100    95.000    91.700         *     1.515     5.000     2.000     0.000     0.000     0.000     1.000     2.000     3.000     4.000     5.000     6.000     7.000    18.854     1.575    -1.934     0.316   106.810     5.965    -2.542     1.469
    19.000         *         *         *         *         *         *    89.600         *         *         *         *    76.300         *     4.825     7.000   -10.000     0.000     1.000     0.000     1.000     2.000     3.000     4.000     5.000     6.000     7.000    20.043     2.287    -1.997     0.403    95.750     7.626    -3.321     1.641
    20.000         *         *         *         *         *         *   109.500         *         *         *         *         *         *     3.147    11.000    10.000     0.000     0.000     0.000     1.000     2.000         *         *         *         *         *    21.204     2.291    -1.636     0.424   110.958     7.689    -1.715     2.492
    17.000         *    14.000    12.000     8.000     6.000     6.000    73.900    80.700         *    76.600    63.900    69.200         *     3.070     3.000    -3.000     1.000     1.000     0.000     1.000     2.000     3.000     4.000     5.000     6.000     7.000    19.053     1.755    -2.006     0.331    82.265     6.251    -2.511     1.477
    18.000    12.000     8.000     6.000         *         *         *   100.800    98.300    91.200         *         *         *         *     1.647     0.000     0.000     1.000     1.000     0.000     1.000     2.000     3.000     4.000     5.000     6.000     7.000    17.137     1.615    -2.386     0.403   103.706     6.302    -3.865     2.272
    14.000         *         *         *         *         *         *   106.000         *         *         *         *         *         *     7.695     5.000     2.000     0.000     1.000     0.000     1.000     2.000         *         *         *         *         *    16.962     2.291    -2.212     0.424   108.081     7.689    -3.368     2.492
    24.000    24.000    22.000    18.000         *         *         *   107.800   103.900   103.600         *         *         *         *     2.605     7.000    -3.000     0.000     0.000     0.000     1.000     2.000     3.000     4.000     5.000         *         *    26.579     1.615    -2.092     0.403   110.831     6.302    -2.819     2.272
    24.000    22.000    14.000    10.000     8.000     6.000     4.000    98.600   120.100   100.400    94.500    83.600    75.400    67.300     1.244     7.000   -18.000     0.000     1.000     0.000     1.000     2.000     3.000     4.000     5.000     6.000     7.000    22.899     1.571    -2.603     0.315   118.445     5.723    -6.757     1.249
    20.000    22.000    18.000    12.000    10.000     8.000    10.000   112.900   111.500   100.800   111.200         *   101.600   104.000     1.472     6.000    11.000     0.000     0.000     0.000     1.000     2.000     3.000     4.000     5.000     6.000     7.000    22.807     1.571    -2.144     0.315   113.402     5.729    -1.709     1.270
    25.000    16.000    14.000    10.000     4.000     4.000     2.000   107.900   115.200   107.000   103.600    96.300   102.200         *    15.087     1.000     7.000     0.000     1.000     0.000     1.000     2.000     3.000     4.000     5.000     6.000     7.000    24.442     1.575    -3.436     0.316   114.849     5.965    -2.943     1.469
    20.000         *         *         *         *         *         *    77.800         *         *         *         *         *         *    14.252     7.000    -7.000     0.000     1.000     0.000     1.000     2.000         *         *         *         *         *    21.676     2.291    -2.685     0.424    83.943     7.689    -4.090     2.492
    18.000    18.000         *         *         *         *         *    92.200         *         *         *         *         *         *     1.844     7.000     3.000     0.000     1.000     0.000     1.000     2.000     3.000         *         *         *         *    20.490     1.822    -1.828     0.423    97.540     7.687    -2.377     2.491
    15.000    14.000    12.000    10.000         *         *         *         *    82.800    99.400    66.000         *         *         *     6.348     8.000    -4.000     0.000     0.000     0.000     1.000     2.000     3.000     4.000     5.000         *         *    17.579     1.613    -1.958     0.402    95.285     7.934    -3.988     2.256
    15.000    12.000    10.000     6.000         *     4.000     4.000   106.200   110.100         *         *    98.000   105.200    95.000     8.894     9.000    -4.000     0.000     0.000     0.000     1.000     2.000     3.000     4.000     5.000     6.000     7.000    15.699     1.583    -1.857     0.317   110.539     6.238    -1.967     1.267
    15.000    16.000    10.000    10.000     8.000    10.000         *    84.300    80.400         *    76.100    66.900         *         *     8.461     6.000    -9.000     0.000     0.000     1.000     1.000     2.000     3.000     4.000     5.000     6.000     7.000    17.482     1.593    -1.743     0.348    88.268     6.381    -3.668     1.732
    18.000         *         *         *         *         *         *   118.100         *         *         *         *         *         *    16.656     5.000    -7.000     0.000     1.000     0.000     1.000     2.000     3.000         *         *         *         *    20.648     2.291    -2.926     0.424   117.986     7.689    -5.152     2.492
    22.000    20.000    14.000    10.000     6.000         *         *   113.700    95.500   106.800   105.000         *         *   101.900     6.764    10.000     5.000     0.000     1.000     0.000     1.000     2.000     3.000     4.000     5.000     6.000     7.000    21.536     1.585    -2.334     0.370   110.266     5.773    -1.779     1.389
    10.000    22.000    14.000    10.000     8.000     8.000     6.000         *   145.900   126.700   113.100   119.900   114.600         *    10.504     9.000    -9.000     0.000     0.000     0.000     1.000     2.000     3.000     4.000     5.000     6.000     7.000    18.548     1.579    -1.876     0.317   138.942     7.509    -4.138     1.702
    22.000    14.000         *         *         *         *         *    64.800    65.400         *         *         *         *         *    12.259     6.000   -14.000     0.000     1.000     0.000     1.000     2.000     3.000         *         *         *         *    21.383     1.821    -2.694     0.421    73.901     6.470    -4.372     2.445
    24.000    22.000    20.000    18.000         *         *         *    89.200    96.000         *    87.500         *         *         *     5.044     5.000     7.000     0.000     1.000     0.000     1.000     2.000     3.000     4.000     5.000         *         *    26.517     1.608    -2.391     0.399    97.216     6.446    -2.369     2.052
    12.000         *         *         *         *         *         *    88.600         *         *         *    71.500         *         *    12.105     3.000   -22.000     0.000     1.000     3.000     1.000     2.000     3.000     4.000     5.000     6.000         *    14.090     2.288    -1.527     0.407    93.237     7.518    -4.864     1.847
    20.000    12.000    12.000    10.000     8.000     6.000         *    83.100    95.600         *    73.500    60.500         *         *    14.115     5.000   -10.000     0.000     9.000     0.000     1.000     2.000     3.000     4.000     5.000     6.000     7.000    20.524     1.593    -2.577     0.348    99.744     6.381    -6.939     1.732
    10.000    16.000    14.000    12.000     8.000     8.000     4.000   126.100   139.600   137.100   139.500   134.900   126.100         *     4.418     7.000     0.000     0.000     0.000     0.000     1.000     2.000     3.000     4.000     5.000     6.000     7.000    16.647     1.575    -1.580     0.316   135.318     5.965    -0.736     1.469
    14.000    14.000    12.000    10.000    10.000     8.000     6.000    90.300    89.700    81.200    79.400    82.900    83.400    81.200     3.996    10.000    -6.000     0.000     1.000     0.000     1.000     2.000     3.000     4.000     5.000     6.000     7.000    16.230     1.571    -1.418     0.315    92.053     5.723    -1.906     1.249
    16.000    14.000    14.000    12.000     8.000    10.000     4.000    91.600    90.600    89.400    98.700   100.300    93.700         *     9.907     9.000   -18.000     0.000     1.000     0.000     1.000     2.000     3.000     4.000     5.000     6.000     7.000    18.008     1.575    -1.754     0.316    96.081     5.965    -0.608     1.469
    16.000         *         *         *         *         *         *   101.700         *         *         *         *         *         *    13.529     7.000    -3.000     0.000     1.000     0.000     1.000     2.000     3.000         *         *         *         *    18.612     2.291    -2.472     0.424   103.887     7.689    -4.017     2.492
    24.000         *    18.000    16.000    14.000    10.000     6.000   100.200    77.000    72.500    80.900    88.800         *         *     7.602    11.000   -14.000     0.000     0.000     0.000     1.000     2.000     3.000     4.000     5.000     6.000     7.000    23.965     1.762    -2.225     0.333    93.821     6.158    -3.205     1.725
    20.000    18.000    14.000     8.000     6.000     4.000         *   105.400   116.000    90.000    99.400    83.300    61.800         *    10.397     5.000   -19.000     0.000     1.000     0.000     1.000     2.000     3.000     4.000     5.000     6.000     7.000    21.684     1.587    -2.902     0.346   118.353     5.979    -7.471     1.474
    22.000    22.000    20.000    18.000    14.000         *         *   132.500   116.500         *   109.500    97.000         *         *     2.129    11.000    11.000     0.000     1.000     1.000     1.000     2.000     3.000     4.000     5.000     6.000         *    23.927     1.594    -1.596     0.375   128.227     6.397    -4.975     1.741
    14.000         *         *         *         *         *         *    48.900         *         *         *         *         *         *    17.754     5.000    -1.000     1.000     0.000     0.000     1.000     2.000     3.000         *         *         *         *    16.609     2.291    -2.729     0.424    54.265     7.689    -3.186     2.492
    14.000    12.000         *         *         *         *         *   115.600         *         *         *         *         *         *     7.158    10.000    -9.000     0.000     0.000     0.000     1.000     2.000     3.000         *         *         *         *    15.609     1.822    -1.681     0.423   116.163     7.687    -3.388     2.491
    22.000    20.000    18.000    14.000     6.000         *         *   116.000    98.900         *    69.500    64.000         *         *    16.713     3.000    -3.000     0.000     1.000     0.000     1.000     2.000     3.000     4.000     5.000     6.000         *    26.576     1.594    -3.619     0.375   113.505     6.397    -8.999     1.741
    24.000    12.000    10.000     8.000         *     6.000         *    87.300    83.600    71.700         *    75.100    38.100         *     7.637     5.000     4.000     0.000     0.000     0.000     1.000     2.000     3.000     4.000     5.000     6.000     7.000    20.879     1.594    -2.772     0.354    93.347     6.036    -6.381     1.485
    18.000    20.000    14.000    12.000     8.000         *         *   121.900   122.800         *   111.800   117.500         *         *     4.574     5.000     0.000     0.000     0.000     0.000     1.000     2.000     3.000     4.000     5.000     6.000         *    21.165     1.594    -2.279     0.375   124.818     6.397    -2.446     1.741
    14.000    14.000         *         *         *         *         *    64.200         *         *         *         *         *         *     9.354     5.000    -8.000     1.000     0.000     0.000     1.000     2.000     3.000         *         *         *         *    16.866     1.822    -2.166     0.423    69.286     7.687    -3.057     2.491
    16.000    12.000         *         *         *         *         *         *         *    52.200         *         *         *         *     7.303     4.000    -9.000     1.000     0.000     0.000     1.000     2.000     3.000     4.000         *         *         *    16.959     1.822    -2.232     0.420    66.769    10.028    -3.776     2.491
    16.000    12.000         *    10.000    10.000     8.000     4.000   104.400    94.600    96.800    59.100    56.900    66.700         *     6.298     5.000    -4.000     0.000     0.000     0.000     1.000     2.000     3.000     4.000     5.000     6.000     7.000    18.638     1.673    -2.108     0.320   105.090     5.966    -7.182     1.469
    26.000    22.000    18.000    14.000         *         *         *   102.500   110.100         *   104.700         *         *         *    10.090     4.000    -1.000     0.000     1.000     1.000     1.000     2.000     3.000     4.000     5.000         *         *    26.210     1.608    -2.609     0.399   111.504     6.446    -2.934     2.052
    26.000         *         *         *         *         *         *   118.500         *         *         *         *         *         *     8.875     5.000     3.000     0.000     1.000     0.000     1.000     2.000         *         *         *         *         *    27.176     2.291    -2.778     0.424   119.724     7.689    -4.022     2.492
    26.000         *         *         *         *         *         *   119.700         *         *         *         *         *         *    10.706     9.000    11.000     0.000     1.000     0.000     1.000     2.000         *         *         *         *         *    27.259     2.291    -2.542     0.424   119.770     7.689    -3.216     2.492
    18.000         *         *         *         *         *         *    95.700         *         *         *         *         *         *     6.402     5.000     2.000     0.000     1.000     0.000     1.000     2.000         *         *         *         *         *    20.135     2.291    -2.298     0.424    99.856     7.689    -3.209     2.492
    16.000         *         *         *         *         *         *   102.600         *         *         *         *         *         *     8.259     2.000    -3.000     0.000     1.000     0.000     1.000     2.000         *         *         *         *         *    18.744     2.291    -2.602     0.424   105.734     7.689    -4.115     2.492
    12.000    12.000     8.000     6.000     4.000         *     4.000    69.900    62.400    34.300         *    49.200         *         *    15.758     6.000    -2.000     1.000     0.000     0.000     1.000     2.000     3.000     4.000     5.000     6.000     7.000    15.411     1.582    -2.143     0.330    65.070     6.171    -3.900     1.785
    20.000    14.000         *     8.000    14.000    10.000     6.000   104.000   121.700   108.900         *    93.700    92.400   100.500    10.438    11.000    -4.000     0.000     1.000     0.000     1.000     2.000     3.000     4.000     5.000     6.000     7.000    19.612     1.668    -1.846     0.319   114.604     5.832    -2.898     1.249
    14.000    12.000     8.000         *         *         *         *    68.000    61.300    60.500         *         *         *         *    14.747     9.000    -6.000     1.000     1.000     0.000     1.000     2.000     3.000     4.000     5.000     6.000         *    15.659     1.659    -2.149     0.414    70.570     6.312    -3.523     2.283
    20.000    14.000         *    12.000    10.000     8.000         *   112.800   114.800         *    94.100    83.600    89.300         *     3.979     6.000     2.000     1.000     0.000     1.000     1.000     2.000     3.000     4.000     5.000     6.000     7.000    19.248     1.679    -1.792     0.348   114.827     6.262    -4.707     1.481
    18.000    14.000     6.000         *         *         *         *    85.500    76.000    79.500         *         *         *         *    16.264     6.000    -9.000     0.000     0.000     0.000     1.000     2.000     3.000     4.000         *         *         *    18.466     1.659    -2.906     0.414    88.836     6.312    -4.322     2.283
    22.000    18.000    18.000    14.000    12.000     6.000    10.000   123.400         *   105.500   104.000   111.100         *         *     6.556     5.000    -2.000     0.000     1.000     0.000     1.000     2.000     3.000     4.000     5.000     6.000     7.000    23.461     1.581    -2.337     0.318   121.231     6.831    -3.380     1.773
    18.000    12.000    10.000     6.000     6.000     4.000     4.000    50.900    40.700    36.900         *    34.400         *         *    11.374     9.000    -4.000     0.000     0.000     0.000     1.000     2.000     3.000     4.000     5.000     6.000     7.000    17.390     1.582    -2.222     0.318    53.112     6.164    -3.745     1.780
    18.000    16.000    10.000     8.000     8.000     8.000         *   119.900   116.800   109.900    83.000    75.500         *         *     9.376     5.000   -15.000     0.000     1.000     0.000     1.000     2.000     3.000     4.000     5.000     6.000     7.000    19.742     1.593    -2.446     0.348   124.784     6.171    -8.111     1.732
    20.000         *    14.000         *         *         *         *    62.300         *    48.800         *         *         *         *    17.680    13.000    -3.000     0.000     0.000     0.000     1.000     2.000     3.000     4.000         *         *         *    21.318     1.913    -2.450     0.416    65.733     6.964    -3.915     2.283
    14.000    12.000     6.000     4.000     2.000         *         *    97.700    97.600         *         *         *         *         *    22.457    11.000    -5.000     0.000     1.000     0.000     1.000     2.000     3.000     4.000     5.000     6.000         *    15.964     1.616    -2.706     0.386   102.132     6.451    -4.487     2.404
    14.000         *    12.000     8.000     6.000     4.000     6.000   121.600   116.200   110.900   115.000   116.600   123.800   127.100     9.581     9.000     2.000     0.000     1.000     0.000     1.000     2.000     3.000     4.000     5.000     6.000     7.000    15.934     1.750    -1.718     0.329   116.189     5.726     0.473     1.250
    20.000         *         *         *         *         *         *    92.500         *         *         *         *         *         *    11.793     5.000     2.000     0.000     0.000     0.000     1.000     2.000     3.000         *         *         *         *    22.034     2.291    -2.752     0.424    95.823     7.689    -3.485     2.492
    12.000    12.000     8.000     6.000         *         *         *    92.600   102.300    93.800    84.200         *         *         *    11.506     6.000     2.000     0.000     1.000     0.000     1.000     2.000     3.000     4.000     5.000         *         *    15.584     1.607    -2.316     0.398   101.254     6.300    -3.336     2.027
    14.000    14.000         *         *         *         *         *   101.700    97.000         *         *         *         *         *     6.966    13.000    -3.000     0.000     1.000     0.000     1.000     2.000     3.000         *         *         *         *    16.248     1.821    -1.408     0.421   103.593     6.470    -2.713     2.445
    20.000         *         *         *         *         *         *         *         *         *         *         *         *         *     6.372     6.000     1.000     0.000     1.000     0.000     1.000     2.000         *         *         *         *         *    21.695     2.294    -2.276     0.424   106.494    18.319    -3.347     2.513
    20.000         *    14.000         *         *     8.000     6.000    73.800    86.200    83.100    77.900    65.500         *    70.900    14.778    11.000     0.000     0.000     0.000     0.000     1.000     2.000     3.000     4.000     5.000     6.000     7.000    21.359     1.868    -2.265     0.332    84.980     5.760    -2.331     1.337
    14.000    10.000         *         *         *         *         *    42.200         *         *         *         *         *         *    19.309     5.000     3.000     0.000     1.000     0.000     1.000     2.000     3.000         *         *         *         *    16.853     1.822    -2.999     0.423    51.444     7.687    -3.376     2.491
    16.000    12.000         *         *         *         *         *    85.400         *         *         *         *         *         *     3.432     5.000    -4.000     0.000     1.000     0.000     1.000     2.000     3.000         *         *         *         *    17.083     1.822    -1.999     0.423    91.562     7.687    -3.129     2.491
    12.000    10.000     8.000         *         *         *         *   101.500    89.100    85.900         *         *         *         *    14.203     7.000   -11.000     0.000     0.000     0.000     1.000     2.000     3.000     4.000         *         *         *    14.882     1.659    -2.371     0.414   100.691     6.312    -4.601     2.283
    22.000    16.000    12.000     8.000         *     6.000         *    85.600    78.300    72.900    71.400         *         *         *    12.130    11.000     3.000     1.000     1.000     0.000     1.000     2.000     3.000     4.000     5.000     6.000     7.000    20.263     1.607    -2.330     0.360    86.339     6.267    -3.801     2.006
    18.000         *         *         *         *         *         *    83.100         *         *         *         *         *         *     4.667     6.000     5.000     1.000     1.000     0.000     1.000     2.000     3.000     4.000     5.000         *         *    19.479     2.291    -1.926     0.424    86.238     7.689    -2.378     2.492
    18.000    14.000    10.000     6.000     8.000     8.000         *   143.900   128.400   137.900   115.500   121.800   123.100         *     5.748     9.000     0.000     0.000     0.000     0.000     1.000     2.000     3.000     4.000     5.000     6.000     7.000    17.328     1.587    -1.870     0.346   138.970     5.979    -3.332     1.474
    14.000         *    10.000         *         *         *         *    87.100         *    71.300         *         *         *         *    20.442    11.000   -14.000     0.000     1.000     0.000     1.000     2.000     3.000     4.000         *         *         *    16.859     1.913    -2.460     0.416    89.005     6.964    -5.059     2.283
    16.000         *    10.000     6.000     4.000    10.000         *    92.000    71.500         *    85.300    58.100    80.000         *    12.108    11.000   -13.000     0.000     1.000     0.000     1.000     2.000     3.000     4.000     5.000     6.000     7.000    15.982     1.762    -1.803     0.358    88.924     6.264    -3.135     1.482
    18.000    12.000    10.000         *         *         *         *    84.100    67.200         *         *         *         *         *    10.189     8.000    -5.000     0.000     0.000     0.000     1.000     2.000     3.000     4.000         *         *         *    17.943     1.663    -2.327     0.418    83.120     6.469    -4.053     2.439
    16.000    12.000    10.000     6.000     8.000         *         *   135.500   114.700   129.700   134.600   129.900         *         *     3.725     5.000     0.000     0.000     0.000     0.000     1.000     2.000     3.000     4.000     5.000     6.000         *    16.243     1.594    -1.891     0.375   130.014     6.189    -0.769     1.741
    14.000    10.000     8.000     6.000     6.000         *         *   119.300   111.400    97.700    93.800         *         *         *     3.955     9.000     8.000     0.000     1.000     0.000     1.000     2.000     3.000     4.000     5.000     6.000         *    14.551     1.602    -1.789     0.379   116.807     6.283    -4.609     2.015
    10.000         *         *         *         *         *         *         *         *         *         *         *         *         *    10.345    11.000   -10.000     1.000     0.000     0.000     1.000     2.000         *         *         *         *         *    11.829     2.294    -1.472     0.424    77.376    18.319    -2.678     2.513
     8.000         *     8.000         *         *         *         *    71.200         *         *         *         *         *         *    10.731     5.000    -5.000     0.000     1.000     0.000     1.000     2.000     3.000     4.000         *         *         *    12.776     1.917    -2.128     0.422    77.693     7.689    -3.173     2.485
    12.000     8.000     6.000         *         *         *         *    65.100         *    67.800         *         *         *         *     1.817    11.000    10.000     1.000     1.000     0.000     1.000     2.000     3.000     4.000     5.000         *         *    11.391     1.659    -1.072     0.414    70.194     6.962    -0.887     2.283
     8.000         *         *         *         *         *         *    78.200         *         *         *         *         *         *    10.545    11.000    -6.000     0.000     1.000     1.000     1.000     2.000         *         *         *         *         *    10.850     2.291    -1.259     0.424    82.890     7.689    -3.018     2.492
     8.000    10.000         *         *         *         *         *         *         *         *         *         *         *         *     5.858    13.000    -3.000     0.000     1.000     0.000     1.000     2.000     3.000     4.000     5.000         *         *    11.347     1.822    -1.084     0.423   103.595    18.295    -2.285     2.512
    12.000     6.000     8.000         *         *         *         *    91.900    97.000    88.200         *         *         *         *    12.801     5.000     3.000     0.000     1.000     0.000     1.000     2.000     3.000     4.000         *         *         *    13.991     1.659    -2.388     0.414    98.193     6.312    -3.142     2.283
    10.000     6.000     6.000     6.000         *         *         *    82.100    84.000    64.500    90.700         *         *         *     5.806    11.000     0.000     0.000     1.000     0.000     1.000     2.000     3.000     4.000     5.000         *         *    10.690     1.607    -1.295     0.398    84.907     6.300    -1.515     2.027
    18.000    12.000         *         *         *         *         *    51.000    61.400         *         *         *         *         *     4.316     5.000    15.000     0.000     0.000     0.000     1.000     2.000     3.000         *         *         *         *    18.522     1.821    -2.211     0.421    61.703     6.470    -1.060     2.445
    16.000    14.000     8.000         *     8.000         *         *    98.100   102.500   100.300    94.000    85.500         *         *     5.707     7.000     6.000     1.000     0.000     0.000     1.000     2.000     3.000     4.000     5.000     6.000         *    16.723     1.630    -1.861     0.378   103.132     6.191    -2.576     1.742
     8.000     4.000     6.000     6.000     6.000         *         *    94.700         *    66.300         *         *         *         *    15.273    11.000   -10.000     0.000     0.000     0.000     1.000     2.000     3.000     4.000     5.000     6.000         *    11.017     1.610    -1.637     0.383    89.574     6.940    -4.477     2.255
    12.000         *         *         *         *         *         *    95.200    90.300         *         *         *         *         *     7.697     5.000   -11.000     0.000     1.000     0.000     1.000     2.000     3.000         *         *         *         *    14.644     2.291    -2.101     0.422    98.991     6.470    -4.042     2.445
         *         *         *     4.000         *         *         *    92.600    87.200    89.800   100.000         *         *         *     7.216     5.000    -3.000     1.000     1.000     0.000     1.000     2.000     3.000     4.000     5.000         *         *    12.214     2.928    -1.756     0.452    94.417     6.328    -1.115     2.040
     8.000     6.000         *         *         *         *         *    65.800         *    80.300         *         *         *         *     9.970     7.000    -2.000     0.000     0.000     0.000     1.000     2.000     3.000     4.000         *         *         *    10.596     1.820    -1.845     0.417    76.584     6.966    -1.172     2.286
    12.000     6.000     4.000         *         *         *         *         *    56.600         *         *         *         *         *    15.760     8.000    -7.000     0.000     0.000     0.000     1.000     2.000     3.000     4.000         *         *         *    12.568     1.665    -2.420     0.419    67.815     8.709    -3.863     2.506
    10.000     8.000     8.000         *         *         *         *         *   119.300   120.700   106.700         *         *         *     5.159     9.000    -6.000     0.000     0.000     0.000     1.000     2.000     3.000     4.000     5.000         *         *    12.003     1.659    -1.461     0.412   123.088     7.951    -2.962     2.264
     6.000     6.000         *         *         *         *         *    83.200         *         *         *         *         *         *     2.493    -4.000    -8.000     1.000     0.000     0.000     1.000     2.000     3.000         *         *         *         *     9.979     1.822    -2.223     0.423    86.191     7.687    -3.538     2.491
    10.000     8.000         *         *         *         *         *         *         *         *         *         *         *         *    14.638     5.000   -15.000     0.000     0.000     0.000     1.000     2.000     3.000     4.000         *         *         *    13.032     1.822    -2.480     0.423    86.499    18.295    -4.383     2.512
     8.000     8.000         *         *         *         *         *   114.400         *         *         *         *         *         *     1.181     9.000     1.000     0.000     1.000     0.000     1.000     2.000     3.000         *         *         *         *    10.725     1.822    -1.150     0.423   115.534     7.687    -2.306     2.491
     6.000     6.000         *         *         *         *         *    83.000    82.900         *         *         *         *         *     6.939     5.000     3.000     1.000     0.000     0.000     1.000     2.000     3.000         *         *         *         *     9.435     1.821    -1.676     0.421    85.358     6.470    -2.053     2.445
     6.000     8.000         *         *         *         *         *    97.100    97.300         *         *         *         *         *    11.993     5.000   -13.000     0.000     0.000     0.000     1.000     2.000     3.000         *         *         *         *    10.824     1.821    -2.135     0.421   101.698     6.470    -3.797     2.445
    20.000         *         *         *         *         *         *   103.100    98.600         *         *         *         *         *     0.557     7.000     7.000     0.000     0.000     0.000     1.000     2.000     3.000         *         *         *         *    21.250     2.291    -1.853     0.422   104.872     6.470    -2.191     2.445
     4.000         *         *         *         *         *         *         *         *         *         *         *         *         *    16.338     3.000    -9.000     0.000     0.000     0.000     1.000     2.000         *         *         *         *         *     8.656     2.294    -2.557     0.424    79.724    18.319    -4.065     2.513
    10.000     8.000         *         *         *         *         *    68.200    84.300         *         *         *         *         *     6.419    11.000    -7.000     0.000     0.000     0.000     1.000     2.000     3.000         *         *         *         *    11.482     1.821    -1.350     0.421    80.328     6.470    -1.556     2.445
     6.000         *         *         *         *         *         *    99.000         *         *         *         *         *         *     4.984    -1.000    -9.000     0.000     0.000     0.000     1.000     2.000         *         *         *         *         *    10.025     2.291    -2.265     0.424   102.062     7.689    -3.911     2.492
    16.000         *         *         *         *         *         *   101.600         *         *         *         *         *         *     1.822     5.000   -12.000     0.000     0.000     0.000     1.000     2.000         *         *         *         *         *    17.366     2.291    -1.890     0.424   105.666     7.689    -3.490     2.492
    16.000         *         *         *         *         *         *   125.900   123.800         *         *         *         *         *     5.020     9.000    -1.000     0.000     0.000     0.000     1.000     2.000     3.000         *         *         *         *    17.837     2.291    -1.722     0.422   126.913     6.470    -2.786     2.445
    10.000     6.000         *         *         *         *         *         *    73.000         *         *         *         *         *    11.916     2.000    -6.000     1.000     1.000     0.000     1.000     2.000     3.000         *         *         *         *    12.184     1.822    -2.397     0.422    79.655     8.711    -3.831     2.512
     6.000     8.000         *         *         *         *         *   122.800   122.900         *         *         *         *         *     4.910     5.000     5.000     0.000     0.000     0.000     1.000     2.000     3.000         *         *         *         *    10.691     1.821    -1.703     0.421   123.980     6.470    -2.338     2.445
    16.000    14.000         *         *         *         *         *   108.200    93.400         *         *         *         *         *     9.247    13.000     3.000     1.000     1.000     0.000     1.000     2.000     3.000         *         *         *         *    17.271     1.821    -1.486     0.421   103.415     6.470    -2.856     2.445
    18.000         *         *         *         *         *         *         *         *         *         *         *         *         *     3.123     8.000    -2.000     0.000     0.000     0.000     1.000     2.000     3.000         *         *         *         *    19.290     2.294    -1.801     0.424   108.484    18.319    -2.734     2.513
         *         *         *         *         *         *         *    62.800         *         *         *         *         *         *    14.580     5.000   -16.000     0.000     0.000     1.000     1.000     2.000         *         *         *         *         *    15.019     4.958    -2.281     0.476    69.803     7.707    -4.419     2.499
     6.000         *         *         *         *         *         *         *         *         *         *         *         *         *     9.206    13.000     5.000     0.000     0.000     0.000     1.000     2.000     3.000         *         *         *         *     9.454     2.294    -1.260     0.424    93.939    18.319    -1.634     2.513
    14.000         *         *         *         *         *         *         *         *         *         *         *         *         *     7.383     2.000    -5.000     0.000     0.000     0.000     1.000     2.000     3.000         *         *         *         *    16.711     2.294    -2.480     0.424    98.148    18.319    -3.714     2.513
    16.000         *         *         *         *         *         *         *         *         *         *         *         *         *     7.933    13.000    -3.000     0.000     1.000     0.000     1.000     2.000     3.000         *         *         *         *    17.551     2.294    -1.539     0.424   104.401    18.319    -2.787     2.513
     4.000         *         *         *         *         *         *         *         *         *         *         *         *         *     2.107    10.000    -7.000     1.000     0.000     0.000     1.000     2.000         *         *         *         *         *     6.498     2.294    -0.787     0.424    86.062    18.319    -1.771     2.513
     6.000         *         *         *         *         *         *         *         *         *         *         *         *         *     3.010    12.000     0.000     0.000     1.000     0.000     1.000     2.000         *         *         *         *         *     9.094     2.294    -0.910     0.424   105.901    18.319    -1.939     2.513
     8.000         *         *         *         *         *         *         *         *         *         *         *         *         *     7.848     4.000   -24.000     0.000     0.000     0.000     1.000     2.000         *         *         *         *         *    10.661     2.294    -2.018     0.424    95.903    18.319    -4.540     2.513
    18.000         *         *         *         *         *         *         *         *         *         *         *         *         *     3.624     6.000     6.000     1.000     1.000     0.000     1.000     2.000     3.000         *         *         *         *    19.484     2.294    -1.857     0.424    92.017    18.319    -2.323     2.513
     8.000         *         *         *         *         *         *         *         *         *         *         *         *         *     5.198     9.000    11.000     0.000     0.000     0.000     1.000     2.000         *         *         *         *         *    11.543     2.294    -1.475     0.424    99.472    18.319    -1.481     2.513
     6.000         *         *         *         *         *         *         *         *         *         *         *         *         *     3.306     7.000    12.000     0.000     1.000     0.000     1.000     2.000         *         *         *         *         *    10.169     2.294    -1.441     0.424   103.184    18.319    -1.707     2.513
    20.000         *         *         *         *         *         *   117.700         *         *         *         *         *         *     4.960    13.000    -1.000     1.000     0.000     0.000     1.000     2.000         *         *         *         *         *    20.209     2.291    -1.345     0.424   115.419     7.689    -2.382     2.492
     6.000         *         *         *         *         *         *         *         *         *         *         *         *         *     4.261     5.000    -8.000     0.000     0.000     0.000     1.000     2.000         *         *         *         *         *     9.365     2.294    -1.654     0.424    99.626    18.319    -3.035     2.513
    14.000         *         *         *         *         *         *   117.600         *         *         *         *         *         *     9.072    13.000   -10.000     0.000     1.000     0.000     1.000     2.000         *         *         *         *         *    15.753     2.291    -1.501     0.424   118.154     7.689    -3.560     2.492
     6.000         *         *         *         *         *         *         *         *         *         *         *         *         *     4.825     7.000   -11.000     0.000     0.000     0.000     1.000     2.000         *         *         *         *         *     9.061     2.294    -1.492     0.424    99.579    18.319    -3.055     2.513
         *         *         *         *         *         *         *   103.300         *         *         *         *         *         *    14.630    11.000    -6.000     0.000     1.000     0.000     1.000     2.000         *         *         *         *         *    18.191     4.958    -2.157     0.476   105.079     7.707    -3.884     2.499
    12.000         *         *         *         *         *         *    59.300         *         *         *         *         *         *     3.248     9.000     0.000     1.000     1.000     1.000     1.000     2.000         *         *         *         *         *    13.517     2.291    -0.986     0.424    65.107     7.689    -1.839     2.492
    10.000         *         *         *         *         *         *         *         *         *         *         *         *         *     9.080     5.000    -4.000     0.000     0.000     0.000     1.000     2.000         *         *         *         *         *    13.212     2.294    -2.147     0.424    94.297    18.319    -3.268     2.513
     6.000         *         *         *         *         *         *    78.300         *         *         *         *         *         *     8.136     6.000    -4.000     1.000     0.000     0.000     1.000     2.000         *         *         *         *         *     9.147     2.291    -1.653     0.424    80.316     7.689    -2.578     2.492
    18.000         *         *         *         *         *         *         *         *         *         *         *         *         *     4.804     9.000     1.000     0.000     0.000     0.000     1.000     2.000         *         *         *         *         *    19.434     2.294    -1.827     0.424   106.089    18.319    -2.540     2.513
     8.000         *         *         *         *         *         *    84.600         *         *         *         *         *         *    12.787     9.000   -18.000     0.000     1.000     0.000     1.000     2.000         *         *         *         *         *    10.897     2.291    -1.869     0.424    89.400     7.689    -4.164     2.492
     8.000         *         *         *         *         *         *    85.700         *         *         *         *         *         *     6.966     1.000    -4.000     0.000     0.000     0.000     1.000     2.000         *         *         *         *         *    11.775     2.291    -2.309     0.424    90.145     7.689    -3.379     2.492
    12.000         *         *         *         *         *         *         *         *         *         *         *         *         *     6.027     9.000    -4.000     0.000     1.000     0.000     1.000     2.000         *         *         *         *         *    14.444     2.294    -1.627     0.424   103.894    18.319    -2.992     2.513
