         *         *         *         *         *    83.000         *         *    76.500         *     1.000   -14.784    -0.069     0.000     1.000     0.000     0.000         *     3.086     4.140     5.284     0.686     0.131     0.002     0.017    81.518     4.756    -1.183     1.344
     1.084     0.956     0.610     0.443     0.542    60.500    69.250    77.750    71.000    71.750    14.000   -10.721     0.007     0.000     0.000     0.000     0.000     0.893     1.914     2.930     4.156     0.802     0.067    -0.035     0.016    69.593     3.541     0.256     1.260
     0.309         *         *         *         *    59.500         *         *         *         *     1.000    13.837    -0.120     1.000     0.000     0.000     0.000         *         *         *         *     0.420     0.099    -0.015     0.019    57.204     5.280    -3.506     1.806
     0.642     0.938     0.432     0.542     0.799    64.000         *         *         *    48.500     5.000     5.218    -0.044     1.000     0.000     0.000     0.000     0.884     1.903     2.856     3.855     0.684     0.067    -0.021     0.017    62.629     4.694    -3.117     1.378
     0.841     0.750     0.617         *         *    74.000   100.250    82.750         *         *     7.000    -8.471     0.058     1.000     0.000     0.000     0.000     0.956     1.960         *         *     0.742     0.075    -0.006     0.018    86.549     3.631    -1.250     1.675
     0.542     0.488         *         *         *    81.000    87.000         *         *         *     9.000   -12.112     0.083     1.000     0.000     0.000     0.000     0.994         *         *         *     0.618     0.084    -0.009     0.019    84.649     4.012    -1.537     1.778
     0.498     0.424         *         *         *    29.000    32.500         *         *         *     9.000     3.124     0.007     1.000     0.000     1.000     0.000     1.103         *         *         *     0.520     0.084    -0.049     0.019    33.182     4.036    -0.542     1.770
     0.464         *         *         *         *    27.500         *         *         *         *     5.000     7.669    -0.069     0.000     0.000     1.000     0.000         *         *         *         *     0.496     0.099    -0.042     0.019    30.526     5.280    -1.001     1.806
     0.610     0.488         *         *         *    57.750    54.500         *         *         *     9.000     7.775    -0.069     0.000     0.000     0.000     0.000     0.575         *         *         *     0.586     0.083    -0.026     0.019    56.590     3.934    -2.258     1.800
     0.633     0.707     0.827     0.774     0.739    66.500    66.250    72.500    65.250    68.500     9.000     6.524    -0.044     0.000     0.000     0.000     0.000     0.988     2.021     3.023     4.016     0.731     0.067    -0.006     0.016    69.000     3.597    -0.724     1.280
     0.827     0.938     0.728     0.887     0.642    49.000    47.500    38.000    50.000    54.000     6.000    -3.666    -0.018     0.000     0.000     1.000     0.000     1.018     1.990     2.973     4.011     0.814     0.067    -0.031     0.016    48.290     3.595     0.111     1.286
     0.813         *         *         *         *    54.750         *         *         *         *     9.000     3.808     0.058     0.000     0.000     0.000     0.000         *         *         *         *     0.713     0.099    -0.027     0.019    57.230     5.280    -1.836     1.806
         *         *         *         *         *    87.250    81.250    75.500         *         *     6.000     7.759     0.185     0.000     0.000     0.000     0.000     1.062     2.067         *         *     0.655     0.131    -0.008     0.018    84.721     3.682    -3.644     1.668
     0.610     0.542     0.610         *         *   120.750         *   120.250         *         *     6.000    -6.645     0.058     1.000     0.000     0.000     0.000     0.778     1.522         *         *     0.650     0.074     0.013     0.018   119.081     4.135    -2.922     1.730
     0.813         *     0.488     0.697         *    48.750    56.750    56.500    51.750         *    11.000    -2.475    -0.018     1.000     1.000     0.000     0.000     1.010     2.015     2.990         *     0.697     0.077    -0.031     0.017    54.005     3.603    -0.062     1.491
     0.774     1.134     0.799     0.871     0.581    75.750    77.750    81.250    80.000    79.750     7.000     6.730    -0.094     1.000     0.000     1.000     0.000     0.898     1.952     2.913     3.893     0.831     0.067    -0.020     0.016    78.462     3.551    -0.244     1.297
     1.084     0.841     0.956     0.827     0.610    81.000    84.500    84.750         *         *     5.000    -4.400    -0.044     1.000     0.000     0.000     0.000     1.035     2.018     3.023     4.126     0.853     0.068    -0.014     0.017    84.708     3.661    -1.959     1.641
     0.739     0.393     0.610     0.813     0.548    94.000    92.250    91.250         *         *     1.000    -8.049     0.033     1.000     0.000     0.000     0.000     1.248     2.242     3.477     4.279     0.625     0.069     0.006     0.017    94.584     3.758    -2.630     1.610
     0.633     0.610     0.650     0.406         *    75.500    65.750    72.750    60.250         *     6.000    -2.664     0.058     2.000     0.000     0.000     0.000     0.972     1.952     2.965     4.498     0.618     0.070    -0.023     0.017    73.288     3.578    -3.116     1.496
     0.841     1.318     0.938     0.841     0.903    90.500    84.750    77.000    73.000    71.750    12.000    -2.661     0.007     0.000     0.000     0.000     0.000     0.980     1.900     2.938     3.880     0.964     0.067    -0.024     0.016    85.714     3.567    -3.279     1.303
     0.305     0.420     0.315     0.319     0.400    56.250    46.000    43.000    42.500         *    11.000     2.382    -0.018     1.000     1.000     1.000     0.000     1.229     2.042     3.129     4.205     0.484     0.068    -0.046     0.017    49.346     3.675    -1.379     1.470
         *     0.610         *         *         *    73.500    60.500         *         *         *     7.000     4.862     0.033     0.000     0.000     0.000     0.000     0.942         *         *         *     0.637     0.100    -0.019     0.019    68.363     4.003    -2.992     1.782
     0.488         *         *         *         *    77.250         *    72.500         *         *     9.000   -16.293    -0.044     1.000     0.000     0.000     0.000     1.199     2.330         *         *     0.647     0.099    -0.015     0.018    76.840     4.348    -1.470     1.630
     0.668     0.473     0.336         *     0.443    65.000    62.250    67.250    62.500         *     6.000    -3.466    -0.171     1.000     0.000     0.000     0.000     1.054     1.990     3.302     4.197     0.556     0.071    -0.020     0.017    66.016     3.630    -1.483     1.440
     0.841     1.219     0.602     0.717     0.697    77.500    77.500         *         *         *    10.000    -7.187     0.033     2.000     0.000     0.000     0.000     0.997     1.993     3.042     3.986     0.840     0.068    -0.027     0.017    78.791     4.010    -1.952     1.735
     0.813     0.668     0.827     0.548     0.542    78.750    76.000    70.000    65.000         *    12.000     1.183    -0.018     0.000     1.000     0.000     0.000     0.454     1.451     2.409     3.425     0.727     0.065    -0.031     0.017    74.326     3.296    -2.235     1.561
     0.668     0.548         *         *     0.406    98.250    91.000   102.000   103.250   100.250     9.000    -6.004     0.083     1.000     0.000     0.000     0.000     0.890     1.459     2.423     3.477     0.623     0.076    -0.001     0.017    99.252     3.407    -0.782     1.386
     0.574     0.406         *         *         *    50.250         *         *         *         *     7.000     1.637    -0.044     1.000     1.000     0.000     0.000     1.467         *         *         *     0.539     0.084    -0.027     0.019    51.065     5.267    -0.983     1.798
     0.762     0.588     0.920     0.659     0.938    92.500    94.000         *         *         *     9.000     1.090     0.007     0.000     0.000     1.000     0.000     1.035     2.021     3.017     4.033     0.783     0.068    -0.008     0.017    91.886     4.018    -1.286     1.733
     0.574     0.548     0.595     0.677     0.548    57.500    57.750    61.500         *         *    14.000     0.120     0.134     1.000     0.000     0.000     0.000     1.035     2.018     3.179     3.967     0.653     0.068    -0.026     0.017    60.872     3.661    -0.912     1.642
     0.488     0.396     0.305         *         *    45.000    60.000    55.000         *         *     5.000     5.744     0.007     1.000     1.000     0.000     0.000     1.128     2.119         *         *     0.457     0.075    -0.017     0.018    53.690     3.706    -0.457     1.653
     1.108     0.750     0.762     0.697     0.697    47.250    52.000         *         *         *    14.000     2.486     0.083     1.000     0.000     0.000     0.000     1.049     1.837     3.201     4.003     0.841     0.068    -0.042     0.017    52.376     4.021    -1.067     1.731
     0.617     0.697     0.561         *         *    80.000    72.500         *         *         *    14.000     5.446    -0.069     1.000     0.000     0.000     0.000     0.986     2.034         *         *     0.679     0.075    -0.029     0.019    75.920     4.009    -2.431     1.770
     1.189     0.548     0.799     1.434     0.841   100.000    92.000    94.750         *         *    11.000     0.000     0.007     0.000     0.000     0.000     0.000     0.668     1.706     2.702     3.781     0.928     0.066    -0.003     0.017    96.160     3.514    -1.948     1.677
     0.642         *         *         *         *    85.250    71.000    81.000         *         *    11.000     3.091     0.083     1.000     0.000     1.000     0.000     1.021     1.999         *         *     0.687     0.099    -0.029     0.018    80.080     3.656    -1.703     1.677
     0.739     0.595     0.617         *     0.488    87.250         *         *         *    71.500     9.000     4.345     0.083     1.000     0.000     0.000     0.000     0.572     1.572     2.524     3.606     0.655     0.069    -0.021     0.017    84.327     4.645    -3.407     1.419
     0.602         *         *         *         *    45.250         *         *         *         *     9.000     1.618     0.033     1.000     0.000     0.000     0.000         *         *         *         *     0.605     0.099    -0.031     0.019    48.772     5.280    -1.552     1.806
     0.508         *         *         *         *    47.500         *         *         *         *     9.000    -1.320     0.033     1.000     1.000     1.000     0.000         *         *         *         *     0.568     0.099    -0.038     0.019    49.294     5.280     0.268     1.806
     0.574     0.542     0.659     0.498     0.460    63.250    57.750    59.250    61.250    49.500     3.000   -16.860    -0.018     2.000     0.000     0.000     0.000     0.991     1.988     3.012     4.003     0.602     0.067    -0.022     0.016    63.534     3.591    -2.313     1.283
     0.707     0.687     0.610         *         *    85.000    78.250    70.750         *         *    11.000    -4.931     0.134     1.000     0.000     0.000     0.000     1.032     1.993         *         *     0.707     0.075    -0.024     0.018    81.249     3.657    -2.950     1.671
     0.498     0.728     0.697     0.469     0.498    67.250    67.750    59.250    51.500         *    16.000     3.127    -0.018     0.000     0.000     0.000     0.000     0.961     1.982     2.976     3.959     0.675     0.067    -0.040     0.017    65.677     3.579    -2.879     1.484
         *     0.697     0.488         *         *   109.500   113.750    97.000         *         *    11.000   -11.885     0.083     1.000     0.000     0.000     0.000     0.816     1.829         *         *     0.706     0.086    -0.009     0.018   108.124     3.573    -3.052     1.692
     0.774     0.524     0.498     0.625     0.439    79.250    79.750    74.750    75.250    71.000     9.000    -0.969    -0.069     0.000     0.000     0.000     0.000     0.895     1.851     2.812     3.806     0.637     0.067    -0.019     0.016    79.403     3.524    -2.191     1.316
     0.488     0.443         *         *         *    72.500    74.750         *         *         *     7.000    -6.188    -0.018     1.000     0.000     0.000     0.000     0.997         *         *         *     0.562     0.084    -0.013     0.019    74.213     4.012    -1.931     1.778
     0.774     0.697         *     0.443     0.443    47.000         *         *         *    44.750     9.000     8.216    -0.018     1.000     0.000     1.000     0.000     0.972     1.952     2.965     3.959     0.663     0.072    -0.047     0.016    48.720     4.714    -1.204     1.361
     0.750     0.813         *     0.697     0.488    77.000    85.250    79.750    74.000    55.500     9.000    -4.482     0.083     0.000     0.000     0.000     0.000     0.761     1.760     2.762     3.775     0.739     0.071    -0.028     0.016    81.706     3.467    -4.069     1.313
     0.813     0.610     0.813     0.406     0.610    80.000    84.750    77.750    78.000    68.250     9.000    -1.317     0.058     0.000     0.000     0.000     0.000     0.964     1.996     2.979     3.997     0.700     0.067    -0.019     0.016    82.845     3.582    -2.738     1.284
     0.871     1.219     0.697     0.717     0.995    95.250    97.250    91.250    87.500    80.250    10.000    -2.683     0.160     0.000     0.000     0.000     0.000     1.027     1.990     2.982     4.003     0.891     0.067    -0.011     0.016    96.342     3.598    -3.100     1.287
     0.887     0.827     0.750     0.841     1.283   118.250   130.250   127.500   125.000         *     9.000   -14.773     0.033     0.000     0.000     0.000     0.000     0.994     1.988     3.006     3.981     0.873     0.067     0.027     0.017   124.255     3.592    -0.391     1.481
     0.508     0.633     0.524         *         *    54.000         *         *         *         *     5.000   -10.461    -0.094     0.000     0.000     0.000     0.000     0.868     2.114         *         *     0.600     0.075    -0.017     0.019    56.290     5.259    -1.283     1.791
     1.134     0.548     1.084         *     0.610    60.000    57.750    56.500    57.500    59.500    18.000     7.989     0.058     0.000     0.000     0.000     0.000     0.643     1.676     2.672     3.677     0.862     0.070    -0.040     0.017    60.120     3.411    -0.914     1.325
     0.542     0.610         *         *         *    72.500    67.750         *         *         *     7.000     0.523     0.109     0.000     1.000     0.000     0.000     1.010         *         *         *     0.607     0.084    -0.012     0.019    70.850     4.015    -1.485     1.777
     0.513     0.530         *     0.244         *    65.250    65.750    73.250    68.750         *    12.000     8.296     0.185     0.000     0.000     0.000     0.000     0.901     1.914     2.894         *     0.529     0.076    -0.020     0.017    69.912     3.546    -1.318     1.506
     0.488         *         *         *         *    78.750         *         *         *         *     3.000   -11.849     0.033     0.000     0.000     0.000     0.000         *         *         *         *     0.608     0.099    -0.001     0.019    79.123     5.280    -2.101     1.806
     0.739         *         *         *         *    58.500         *         *         *         *     9.000     7.762    -0.018     0.000     0.000     1.000     0.000         *         *         *         *     0.683     0.099    -0.037     0.019    58.130     5.280    -1.482     1.806
     0.856     0.956     0.460     0.633     0.813    77.500    76.750    47.500    75.250    68.750     7.000     4.501    -0.018     0.000     0.000     0.000     0.000     1.002     2.015     3.028     4.019     0.751     0.067    -0.015     0.016    73.159     3.600    -2.122     1.280
     0.488         *         *         *         *   113.750   101.000   106.750    87.000    89.000    -1.000   -15.885    -0.044     2.000     1.000     0.000     0.000     0.591     1.626     2.702     4.066     0.606     0.099     0.005     0.017   105.392     3.393    -3.783     1.271
     0.813         *     0.610         *         *    95.250         *    94.250         *         *    11.000     0.649     0.083     0.000     0.000     0.000     0.000     1.016     2.007         *         *     0.747     0.085    -0.009     0.018    95.106     4.263    -2.199     1.669
     0.668     0.903     0.739     0.305     0.610    39.250    33.500    33.000    40.500    38.250     5.000    11.784     0.058     0.000     0.000     1.000     0.000     0.643     1.681     2.656     3.661     0.671     0.066    -0.038     0.017    38.924     3.410    -0.788     1.327
     0.717     0.633     0.668     0.617         *    64.500    64.750    63.250         *         *     5.000    11.425    -0.018     0.000     0.000     0.000     0.000     0.966     1.971     3.012         *     0.658     0.070    -0.013     0.018    66.158     3.636    -2.511     1.663
     0.799     0.707     0.548     0.617         *    82.250    77.750    75.750    64.750         *     7.000     1.949    -0.018     1.000     0.000     0.000     0.000     1.016     2.012     3.006         *     0.695     0.070    -0.021     0.017    79.993     3.604    -3.563     1.489
     0.519         *         *         *         *    28.500         *         *         *         *    11.000   -11.559     0.007     0.000     1.000     0.000     0.000         *         *         *         *     0.589     0.099    -0.034     0.019    34.783     5.280     1.062     1.806
     0.435     0.351     0.413     0.456         *    63.500         *    45.250    50.750         *    11.000    -2.595     0.058     0.000     0.000     0.000     0.000     1.032     1.687     2.672     3.715     0.514     0.069    -0.032     0.018    58.032     3.954    -2.791     1.566
     0.406     0.348         *         *         *    54.000    54.750         *         *         *     7.000    10.483    -0.044     1.000     0.000     1.000     0.000     0.999         *         *         *     0.470     0.084    -0.035     0.019    54.544     4.013    -1.813     1.778
     0.309     0.351         *         *         *    69.000    67.000         *         *         *     5.000     7.006    -0.018     0.000     0.000     0.000     0.000     0.936         *         *         *     0.448     0.083    -0.010     0.019    68.245     4.000    -2.885     1.782
     0.813         *     0.488         *         *    59.500    64.500    74.750         *         *     9.000     4.550     0.134     0.000     0.000     0.000     0.000     1.010     2.010         *         *     0.666     0.085    -0.015     0.018    67.311     3.655    -0.860     1.668
     0.799     0.413     0.774     0.456     0.325    55.500    54.250    48.750    49.000    41.000     9.000    -3.422    -0.069     0.000     0.000     0.000     0.000     1.021     2.029     3.031     3.986     0.644     0.067    -0.040     0.016    55.608     3.608    -2.773     1.286
     1.134     0.289     0.659     0.625     0.717    74.250    73.750    69.000    61.250         *    14.000     4.868     0.083     0.000     0.000     0.000     0.000     0.956     1.952     2.930     3.923     0.745     0.067    -0.032     0.017    73.703     3.569    -2.865     1.492
     0.542     0.488     0.443         *         *    71.000    63.500    52.250         *         *     5.000     4.559     0.033     1.000     0.000     0.000     0.000     0.736     1.749         *         *     0.537     0.074    -0.024     0.018    65.571     3.538    -3.886     1.700
     0.762         *     0.697     0.610         *    77.000    74.750    77.000    72.500         *    11.000   -11.896     0.058     0.000     0.000     0.000     0.000     1.005     1.985     2.984         *     0.742     0.077    -0.019     0.017    77.740     3.595    -1.451     1.494
         *         *         *         *         *    43.750         *         *    51.500         *     8.000    -8.851     0.033     2.000     0.000     0.000     0.000     0.936     1.864     2.894     3.888     0.629     0.131    -0.027     0.018    50.693     4.497    -0.449     1.543
     0.827     0.642         *     0.813     0.813    57.750    63.000    62.250    69.500    62.000    14.000     1.755     0.058     0.000     0.000     0.000     0.000     1.002     1.687     2.686     3.702     0.785     0.071    -0.019     0.017    63.329     3.510    -0.038     1.345
     0.633     0.687         *     0.762     0.813    63.250         *    63.750         *         *     5.000    -7.869     0.007     1.000     0.000     0.000     0.000     0.758     1.785     2.793     3.789     0.713     0.071    -0.007     0.017    66.059     4.203    -1.254     1.673
     0.995     0.856     0.697     0.728     0.827    75.000    73.500         *         *         *    13.000    -1.418     0.134     0.000     0.000     0.000     0.000     1.038     2.182     3.165     3.986     0.845     0.068    -0.024     0.017    75.892     4.019    -1.737     1.731
     0.813     0.813         *         *         *    86.500         *         *         *         *     5.000   -15.989     0.007     1.000     0.000     0.000     0.000     0.917         *         *         *     0.788     0.084    -0.006     0.019    86.810     5.269    -1.855     1.802
     1.161     1.134     0.995     0.642     0.799    79.500    70.500    73.750    66.500    61.250     9.000     6.229     0.033     1.000     0.000     0.000     0.000     0.958     1.990     3.009     4.022     0.940     0.067    -0.032     0.016    76.965     3.582    -3.367     1.278
     1.060     0.799         *         *         *    65.750    73.500         *         *         *    11.000    -1.613     0.033     1.000     0.000     1.000     0.000     1.002         *         *         *     0.857     0.084    -0.036     0.019    70.143     4.014    -0.664     1.778
     0.956     0.813         *         *         *    74.000    74.500         *         *         *     9.000    -2.119    -0.018     1.000     0.000     0.000     0.000     0.964     1.993         *         *     0.819     0.084    -0.021     0.019    75.121     4.005    -1.934     1.781
     0.762     0.303     1.016     1.108     0.697    84.250         *    83.000         *         *    10.000    -6.760     0.134     1.000     0.000     0.000     0.000     0.747     1.793     2.787     3.786     0.772     0.067    -0.002     0.017    85.405     4.205    -1.382     1.672
     0.610     0.567     0.642     0.659     0.498    51.000    52.250    53.500    55.000    49.000     9.000     4.767    -0.018     0.000     0.000     0.000     0.000     1.068     2.029     2.992     4.027     0.637     0.067    -0.021     0.016    54.599     3.617    -1.090     1.286
     0.413         *         *         *         *    60.500         *         *         *         *     6.000     7.666    -0.069     0.000     1.000     0.000     0.000         *         *         *         *     0.511     0.099    -0.017     0.019    58.654     5.280    -1.569     1.806
     0.488         *         *         *         *    67.500         *         *         *         *    10.000     8.619     0.058     1.000     0.000     0.000     0.000         *         *         *         *     0.575     0.099    -0.023     0.019    66.950     5.280    -2.586     1.806
     0.393         *         *         *         *    59.250         *         *         *         *     4.000     6.732     0.058     1.000     0.000     0.000     0.000         *         *         *         *     0.488     0.099    -0.016     0.019    60.054     5.280    -2.799     1.806
     0.799     0.581     0.841     0.610     0.542    72.000    66.750         *    70.250    59.500     5.000    -3.693     0.007     1.000     0.000     0.000     0.000     1.024     1.974     2.992     4.003     0.699     0.067    -0.018     0.016    71.942     3.804    -2.344     1.286
     0.871     0.975     0.739         *     0.513    47.500    35.250    45.250    27.000    37.000     5.000    -9.194    -0.196     0.000     0.000     0.000     0.000     1.320     1.966     2.971     3.986     0.792     0.071    -0.040     0.016    44.344     3.672    -2.480     1.308
     0.956     0.305     0.871     0.813     0.813   124.250         *         *         *   100.750     9.000   -13.240     0.109     1.000     0.000     0.000     0.000     1.418     2.590     3.493     4.925     0.774     0.070     0.001     0.016   118.606     4.865    -3.415     1.218
     0.787     0.856     0.871     0.827     0.903    73.000    65.000    75.000         *         *     8.000    -7.778     0.058     1.000     0.000     0.000     0.000     0.797     1.774     2.836     3.792     0.830     0.067    -0.010     0.017    72.778     3.557    -1.015     1.672
     0.567     0.530     0.364         *         *    45.000    40.500         *         *         *     9.000    10.880    -0.044     0.000     0.000     0.000     0.000     0.687     1.760         *         *     0.536     0.074    -0.035     0.019    44.200     3.951    -2.287     1.788
     0.813     0.406         *     0.488     0.813    80.000    70.000         *    95.000         *     7.000   -19.069    -0.120     0.000     0.000     0.000     0.000     1.180         *     3.047     4.364     0.669     0.073     0.002     0.017    79.744     3.865     0.972     1.492
     0.536         *         *         *         *    47.250    44.000         *         *         *     9.000     7.628    -0.196     0.000     0.000     0.000     0.000     1.098         *         *         *     0.579     0.099    -0.032     0.019    46.520     4.036    -1.882     1.774
     0.887     0.707     0.728     0.774     0.787    63.000    65.500    50.000    59.500         *     1.000    -1.462    -0.018     1.000     0.000     0.000     0.000     0.999     2.010     3.006     4.005     0.750     0.068    -0.011     0.017    63.855     3.597    -2.503     1.480
     0.305         *         *         *         *    12.250         *         *         *         *    -2.000     1.684    -0.120     0.000     1.000     0.000     0.000         *         *         *         *     0.360     0.099    -0.023     0.019    17.449     5.280    -0.543     1.806
         *     0.610     0.488         *         *    82.500    81.250    76.000         *         *    10.000     5.873     0.007     0.000     0.000     0.000     0.000     0.997     2.004         *         *     0.631     0.086    -0.016     0.018    81.475     3.651    -2.717     1.670
     0.668     1.524     0.956     0.813     0.813    74.500    75.000    71.000    67.250    65.250    14.000     2.297    -0.018     0.000     0.000     0.000     0.000     0.986     1.990     3.009     4.025     0.955     0.067    -0.028     0.016    74.710     3.589    -2.039     1.280
     0.659     0.536     0.750     0.677     0.548    21.000    35.500    34.500    38.250    43.000     7.000     0.542    -0.044     1.000     0.000     1.000     0.000     1.070     2.031     2.990     4.022     0.667     0.067    -0.031     0.016    31.630     3.618     1.882     1.287
     0.248         *         *         *         *    27.500         *         *         *         *     5.000     0.356    -0.145     0.000     1.000     0.000     0.000         *         *         *         *     0.406     0.099    -0.027     0.019    30.185     5.280    -0.249     1.806
     0.375     0.697         *         *         *    64.250    68.500         *         *         *     9.000    -4.186     0.109     0.000     0.000     0.000     0.000     0.997         *         *         *     0.603     0.084    -0.013     0.019    68.035     4.012    -1.450     1.778
     0.542         *         *         *         *    96.250   101.250         *   115.500         *     4.000   -21.032     0.083     0.000     0.000     0.000     0.000     0.961     1.952     3.031     4.019     0.701     0.099     0.027     0.018   102.452     3.801     0.845     1.509
     0.378     0.443         *         *         *    53.000    49.750         *         *         *     9.000    -0.153     0.083     0.000     0.000     0.000     0.000     1.013         *         *         *     0.510     0.084    -0.024     0.019    53.786     4.016    -1.826     1.777
     0.813     1.283         *         *         *    87.750    73.000         *         *         *     9.000    -8.698     0.058     1.000     0.000     0.000     0.000     1.002         *         *         *     0.929     0.084    -0.017     0.019    82.344     4.014    -2.201     1.778
     0.975     1.134         *     0.375         *    50.750    27.000         *    32.500         *     5.000    -5.665     0.058     0.000     0.000     1.000     0.000     0.849     1.845     2.992         *     0.809     0.076    -0.057     0.017    42.024     3.764    -2.414     1.501
     0.498     0.617     0.554     0.452     0.536    55.000    58.000    57.500    48.750    47.000     5.000     1.933    -0.018     1.000     0.000     1.000     0.000     1.060     1.993     3.028     4.041     0.595     0.067    -0.032     0.016    57.541     3.611    -2.031     1.281
     0.774     0.856     0.799     1.016     0.856    61.500    57.750    56.500         *         *     5.000     4.197    -0.018     0.000     0.000     0.000     0.000     0.758     1.919     3.050     3.956     0.816     0.067    -0.008     0.017    61.020     3.573    -1.810     1.649
     0.633     0.856     0.524     0.396     0.625    64.250    60.000    65.250    71.250    59.000    10.000     0.372     0.033     0.000     0.000     0.000     0.000     0.871     1.947     2.973     3.981     0.659     0.067    -0.021     0.016    65.978     3.547    -1.029     1.280
     0.938     0.920     0.799     0.799     0.697    85.750    87.250    79.750         *         *     5.000    -3.587     0.083     1.000     1.000     0.000     0.000     1.018     1.993     3.173     3.967     0.814     0.068    -0.011     0.017    85.750     3.653    -1.882     1.645
     0.406         *         *         *         *    55.250    51.500         *         *         *    -4.000    -1.470    -0.120     0.000     1.000     0.000     0.000     0.873     2.157         *         *     0.459     0.099    -0.003     0.019    54.110     3.989    -1.784     1.789
     0.697     0.677     0.739     0.799     0.739    82.000    73.500    76.250         *         *     9.000     2.757     0.058     0.000     0.000     1.000     0.000     0.783     1.766     2.804     3.896     0.753     0.067    -0.019     0.017    78.089     3.552    -1.491     1.672
     0.348     0.244         *         *         *    67.250    60.750         *         *         *    -3.000     5.829    -0.120     1.000     0.000     0.000     0.000     1.142         *         *         *     0.385     0.084    -0.005     0.019    64.834     4.044    -3.694     1.767
     0.697     0.542         *         *         *    86.250    93.750         *         *         *    13.000    -9.062     0.134     0.000     0.000     1.000     0.000     0.988         *         *         *     0.713     0.084    -0.021     0.019    89.467     4.011    -0.655     1.779
     0.478     0.498     0.717         *         *    66.000    75.250    64.000         *         *     7.000     3.373    -0.018     0.000     0.000     0.000     0.000     0.991     1.993         *         *     0.600     0.075    -0.010     0.018    70.055     3.647    -2.038     1.670
     0.610         *         *         *         *   107.250         *         *         *         *     9.000   -15.110     0.109     1.000     0.000     0.000     0.000         *         *         *         *     0.737     0.099     0.000     0.019   105.076     5.280    -2.241     1.806
     0.508     0.625     0.659     0.473         *    50.000    50.000    47.500    44.250         *     2.000     6.976    -0.069     0.000     0.000     1.000     0.000     0.860     1.840     2.875         *     0.590     0.069    -0.027     0.017    50.661     3.520    -1.875     1.509
     0.813         *         *         *         *    82.500         *         *         *         *     7.000   -10.869     0.033     0.000     0.000     0.000     0.000         *         *         *         *     0.778     0.099    -0.009     0.019    82.766     5.280    -1.836     1.806
     0.707     0.799     0.707         *     0.650    77.250    74.750    70.000    78.750         *     9.000    -2.344     0.109     0.000     1.000     0.000     0.000     0.977     1.988     3.012     3.962     0.727     0.071    -0.012     0.017    76.169     3.588    -0.702     1.482
     0.728     0.841     1.016     1.084     0.813    87.250    90.250         *         *    88.000     8.000   -12.931     0.033     1.000     0.000     0.000     0.000     0.693     1.728     2.700     3.644     0.868     0.066     0.001     0.017    89.818     3.790    -0.852     1.372
     0.375         *         *         *         *    59.500         *         *         *         *     5.000    -1.038     0.058     0.000     1.000     0.000     0.000         *         *         *         *     0.504     0.099    -0.012     0.019    60.342     5.280    -1.112     1.806
     0.799     0.642     0.503     0.513     0.503    99.250    83.250    88.500         *         *     9.000    -2.935     0.007     1.000     0.000     0.000     0.000     0.747     1.760     2.853     3.849     0.659     0.067    -0.021     0.017    91.749     3.543    -3.286     1.671
     0.567     0.530     1.016     0.697     0.871    76.250    81.750    83.750    78.000         *    21.000    -6.637     0.134     0.000     0.000     0.000     0.000     1.013     2.127     3.003     4.189     0.789     0.068    -0.016     0.017    80.218     3.621     0.034     1.474
     0.287         *         *         *         *    48.250         *         *         *         *     5.000     6.330    -0.069     1.000     1.000     0.000     0.000         *         *         *         *     0.426     0.099    -0.022     0.019    48.188     5.280    -1.346     1.806
     0.554     0.668         *     0.400     0.330    81.500    73.500         *    33.750    33.750     6.000    -1.615     0.058     0.000     0.000     0.000     0.000     0.920         *     3.403     3.932     0.605     0.072    -0.048     0.016    73.235     3.813    -8.322     1.257
     0.728     0.813     0.677     0.642     0.633    75.750    79.250    80.750         *         *    12.000     3.266     0.109     1.000     0.000     1.000     0.000     1.010     1.966     3.012     3.981     0.750     0.068    -0.029     0.017    78.900     3.645    -0.863     1.649
     0.617     0.503     0.697     0.588     0.813    60.500    63.500    65.750    76.000    60.250     5.000     2.741     0.007     1.000     1.000     0.000     0.000     0.994     2.015     3.028     4.000     0.631     0.067    -0.001     0.016    64.912     3.598     0.114     1.282
         *         *     0.287         *         *    84.000    75.750    60.500         *         *     5.000    -2.672    -0.044     1.000     0.000     0.000     0.000     0.972     2.012         *         *     0.525     0.102    -0.022     0.018    77.027     3.648    -4.251     1.669
     0.488         *         *         *         *    55.500         *         *         *         *    11.000     6.018     0.007     1.000     1.000     0.000     0.000         *         *         *         *     0.561     0.099    -0.029     0.019    55.584     5.280    -0.964     1.806
     0.813         *     0.488         *         *    95.000    93.750   105.250         *         *    11.000    -2.757     0.160     1.000     0.000     0.000     0.000     0.690     1.648         *         *     0.709     0.084    -0.006     0.018    98.231     3.510    -1.618     1.713
     0.650     0.530     0.348     0.265     0.271    63.000    57.500    56.250    51.750    52.750     9.000    13.177     0.007     0.000     0.000     0.000     0.000     0.983     2.004     3.017     4.027     0.513     0.067    -0.033     0.016    61.467     3.592    -2.839     1.279
         *         *     0.406         *         *    60.250    65.500    61.500    56.500         *    11.000    -2.957     0.210     1.000     0.000     0.000     0.000     0.994     1.821     2.845         *     0.586     0.102    -0.028     0.018    64.745     3.553    -2.078     1.529
     0.325         *         *         *         *    21.250         *         *         *         *    -7.000     3.628    -0.196     0.000     0.000     0.000     0.000     1.741         *         *         *     0.359     0.099    -0.015     0.019    25.018     5.280    -2.356     1.806
     0.697     0.697     0.739     0.920     0.642    95.000    89.500    85.000    77.750         *     5.000   -11.162    -0.044     0.000     0.000     0.000     0.000     0.520     1.752     2.549     3.565     0.749     0.066    -0.005     0.017    90.236     3.380    -3.176     1.531
     0.975     0.774     0.428     0.677     0.659    46.250    51.250    51.750         *         *    15.000     7.023    -0.044     0.000     0.000     0.000     0.000     0.463     1.487     2.724     3.515     0.751     0.066    -0.040     0.018    50.874     3.431    -0.990     1.697
     0.588     0.396     0.413     0.364         *    59.750    48.750    57.000    43.500         *     9.000     9.566     0.083     0.000     0.000     0.000     0.000     1.021     2.012     3.009         *     0.520     0.070    -0.032     0.017    57.296     3.606    -3.197     1.489
     0.697         *         *         *         *    73.000         *         *         *         *     7.000    -1.396     0.058     0.000     0.000     0.000     0.000         *         *         *         *     0.689     0.099    -0.013     0.019    73.396     5.280    -2.221     1.806
     0.542         *         *         *         *    72.500         *    51.000    80.250         *     6.000    -8.778    -0.044     0.000     1.000     0.000     0.000     1.974     3.368     4.301     5.180     0.620     0.099    -0.009     0.017    69.045     4.547    -0.497     1.283
         *     0.610     0.375         *         *    32.750    34.500    29.750         *         *    11.000     8.068    -0.044     1.000     0.000     1.000     0.000     0.977     2.308         *         *     0.584     0.087    -0.057     0.018    34.568     3.700    -1.145     1.624
     0.827     0.856     0.750     0.887     0.739   112.500   108.750    94.000    86.750         *    12.000   -12.115     0.058     2.000     0.000     0.000     0.000     0.997     2.289     3.053     3.967     0.852     0.068    -0.021     0.017   106.783     3.647    -4.311     1.457
     0.903     1.134     0.659     0.762     0.728    66.250    64.500    49.750    46.000    60.500     5.000     2.801     0.007     1.000     0.000     0.000     0.000     0.980     1.960     2.990     4.005     0.827     0.067    -0.025     0.016    63.409     3.581    -2.809     1.283
     0.406         *         *         *         *    65.500         *         *    60.750         *    -4.000   -15.997    -0.094     1.000     0.000     0.000     0.000     0.977     2.086     3.028         *     0.514     0.099     0.002     0.018    67.055     4.522    -2.126     1.522
     0.659     0.707         *     0.443     0.232    86.000    69.250    72.250    71.250    65.750     6.000     1.897     0.058     0.000     1.000     0.000     0.000     0.865     1.870     2.867     3.882     0.586     0.071    -0.025     0.016    77.867     3.524    -2.934     1.300
     0.406         *         *         *         *    61.000         *         *         *         *    13.000    -1.547     0.083     0.000     0.000     0.000     0.000         *         *         *         *     0.584     0.099    -0.025     0.019    62.738     5.280    -1.388     1.806
     0.728         *         *         *         *    73.250    61.250         *    78.250    72.250     9.000   -13.038    -0.094     1.000     1.000     0.000     0.000     1.169     2.051     3.209     4.077     0.725     0.099    -0.015     0.017    69.802     3.877     0.650     1.279
         *     0.975         *         *         *    59.750    57.250         *         *         *     9.000    -5.076     0.007     1.000     1.000     0.000     0.000     0.997         *         *         *     0.799     0.100    -0.026     0.019    59.986     4.014    -0.443     1.778
     0.659         *     0.813     0.677     0.677         *         *         *    57.250    36.000    14.000     2.387     0.033     1.000     0.000     0.000     0.000         *     1.900     2.875     3.910     0.762     0.073    -0.040     0.017    58.575     6.961    -3.017     1.765
     0.813     0.903     1.219     0.728     0.750         *         *         *    76.750    77.250    11.000     7.129     0.160     0.000     1.000     0.000     0.000     0.925     1.958     2.916     3.948     0.861     0.067    -0.013     0.017    80.161     7.005    -1.026     1.762
     0.813     0.739     0.813     0.617         *         *         *         *    67.500         *     3.000     5.421    -0.094     0.000     0.000     0.000     0.000     0.945     1.949     2.930         *     0.724     0.070    -0.008     0.017    72.195     7.313    -2.352     1.833
     0.642     0.717     0.813     0.739     0.856         *         *         *    71.000    60.750    11.000     2.628     0.033     1.000     0.000     0.000     0.000     0.890     1.938     2.913     3.880     0.762     0.067    -0.016     0.017    73.463     6.977    -2.149     1.769
     0.813     0.595     1.283     1.219     1.219         *         *         *    69.000    58.750     9.000     3.704    -0.018     0.000     0.000     0.000     0.000     0.953     1.971     2.965     3.923     0.942     0.067     0.002     0.017    70.768     7.038    -1.652     1.768
     0.739     0.460     0.274     0.750     0.762         *         *         *    48.250    45.500     9.000    -2.732     0.058     0.000     0.000     1.000     0.000     0.950     1.952     2.905     3.904     0.658     0.067    -0.033     0.017    53.600     6.980    -1.429     1.766
     0.054     0.697     0.610     0.633     0.595         *         *         *    80.500    71.750     5.000    -1.380     0.083     1.000     0.000     0.000     0.000     0.956     1.969     2.910     3.948     0.539     0.067     0.006     0.017    83.589     7.001    -2.350     1.762
     0.610     0.871     0.813     0.841         *         *         *         *    64.250         *    10.000     3.745    -0.044     1.000     0.000     0.000     0.000     0.871     1.900     2.872         *     0.773     0.070    -0.018     0.018    69.102     7.254    -1.720     1.835
     0.813     1.060     0.717     0.903     0.841         *         *         *    71.750    74.000     5.000     1.604     0.109     0.000     0.000     0.000     0.000     1.029     2.034     3.025     3.997     0.829     0.068    -0.004     0.016    81.451     7.118    -2.390     1.764
     0.642     0.460     0.364     0.269     0.119         *         *         *    46.000    32.500    11.000     6.724     0.058     0.000     0.000     0.000     0.000     1.060     2.067     3.064     4.057     0.511     0.068    -0.050     0.016    52.674     7.174    -3.610     1.760
     0.581     0.871     1.219     0.827     0.728         *         *         *    68.250    70.750     9.000     0.914     0.033     0.000     0.000     0.000     0.000     1.024     2.012     3.012     3.989     0.826     0.068    -0.008     0.016    75.441     7.104    -1.619     1.764
     1.060     0.938     0.697     0.920     1.250         *         *         *   101.250    97.750    14.000    -0.304     0.083     0.000     0.000     0.000     0.000     0.977     1.960     2.957     3.951     0.941     0.068     0.001     0.017   101.340     7.042    -1.001     1.765
     0.595     0.677     0.642     0.554     0.574         *         *         *    68.750    64.500     8.000    -0.791     0.134     0.000     1.000     0.000     0.000     1.002     1.977     2.971     4.000     0.644     0.068    -0.015     0.016    72.041     7.072    -1.497     1.760
     0.259     0.118     0.249     0.292     0.238         *         *         *    38.250    31.000     5.000     8.589     0.007     0.000     0.000     0.000     0.000     0.980     1.966     2.960     3.959     0.336     0.068    -0.025     0.017    46.217     7.047    -3.164     1.764
     0.659     0.610     0.375     0.503     0.188         *         *         *    72.750         *     8.000    -3.436     0.109     0.000     1.000     0.000     0.000     0.997     1.969     2.968     3.962     0.556     0.068    -0.024     0.017    75.637     7.352    -1.600     1.824
     0.554     0.567     0.610     0.561         *         *         *         *    49.250         *    14.000     9.541     0.033     0.000     0.000     0.000     0.000     0.966     1.941     2.943     3.959     0.632     0.070    -0.033     0.017    56.110     7.327    -1.997     1.833
     0.469     0.659     0.762         *     0.650         *         *         *         *    93.250     7.000    -3.598     0.033     1.000     0.000     0.000     0.000     1.117     2.037         *     4.022     0.654     0.071     0.006     0.017    94.623     8.442    -1.300     1.786
     0.717     0.542     0.787     0.581     0.728         *         *         *    80.500    70.000     9.000     5.366     0.033     0.000     0.000     0.000     0.000     1.070     1.990     3.025     4.011     0.692     0.068    -0.009     0.016    81.780     7.124    -2.222     1.763
     0.841     0.841     1.108     1.108     1.084         *         *         *    73.750    77.250     6.000    -6.658     0.058     1.000     0.000     0.000     0.000     1.065     1.979     3.014     3.986     0.924     0.068     0.003     0.017    82.423     7.105    -1.653     1.765
     0.739     0.498     0.697     0.567     0.938         *         *         *    76.250    70.250    13.000     1.969     0.033     1.000     0.000     0.000     0.000     1.087     2.007     3.028     4.019     0.719     0.068    -0.014     0.016    78.412     7.129    -1.603     1.762
     0.581     0.301         *         *         *         *         *         *    80.500    75.750    13.000    -6.215     0.007     0.000     0.000     0.000     0.000     1.070     1.985     3.003     3.986     0.591     0.084    -0.015     0.017    81.494     7.102    -1.300     1.773
     0.717     0.581         *     0.625         *         *         *         *    87.000         *     6.000     4.961     0.083     1.000     0.000     0.000     0.000     1.065     1.993     3.017         *     0.656     0.076    -0.002     0.017    90.739     7.405    -2.462     1.831
     0.659     0.677     0.677     0.530     0.530         *    62.500    55.000    60.250    65.000     5.000     1.372     0.033     1.000     1.000     0.000     0.000     1.024     2.015     3.009     3.997     0.634     0.068    -0.015     0.016    62.255     4.651    -0.599     1.491
     0.762     0.799     0.938         *     0.625         *    71.750    73.000         *    53.750     5.000     3.589     0.007     0.000     1.000     0.000     0.000     0.972     1.971         *     3.964     0.763     0.071    -0.018     0.017    72.868     4.707    -3.008     1.508
     0.610         *         *         *         *    63.250         *         *         *         *     5.000    -1.070     0.160     1.000     0.000     0.000     0.000     1.128         *         *         *     0.611     0.099    -0.015     0.019    66.082     5.280    -2.297     1.806
     0.581     0.595     0.488         *         *    92.250    95.250    86.250         *         *    15.000   -10.439     0.109     1.000     1.000     1.000     0.000     1.229     2.533         *         *     0.668     0.076    -0.031     0.018    90.761     3.805    -0.424     1.591
     0.524     0.406         *         *     0.305   102.500    95.750   107.250    93.500    91.000     6.000     3.452     0.160     1.000     0.000     0.000     0.000     0.652     1.689     2.661     3.674     0.510     0.076    -0.001     0.017   102.200     3.414    -3.092     1.327
     0.887         *         *     0.697         *    84.250    66.250    78.000    80.500         *     9.000     0.392     0.083     1.000     1.000     0.000     0.000     1.005     1.990     3.023         *     0.760     0.086    -0.015     0.017    78.214     3.599    -0.829     1.488
     1.161     0.739     1.161     1.219     0.697    80.750    92.750    74.250    84.750    77.250     5.000    -6.872    -0.018     1.000     0.000     0.000     0.000     0.961     1.955     2.831     3.973     0.947     0.067    -0.008     0.016    85.538     3.561    -1.873     1.296
     0.443         *         *         *         *   100.500         *         *         *         *    12.000   -12.591     0.058     1.000     0.000     0.000     0.000     1.229         *         *         *     0.669     0.099    -0.008     0.019    98.000     5.280    -1.956     1.806
     0.956     0.827     0.975     0.956     0.975    92.750         *    88.500         *         *     9.000    -4.980     0.134     1.000     0.000     0.000     0.000     1.070     2.029     3.173     3.964     0.902     0.068    -0.003     0.017    92.727     4.267    -1.953     1.641
     0.381     0.317         *     0.508         *    86.250    99.000    87.750    75.250         *     7.000    -5.840     0.160     1.000     0.000     1.000     0.000     1.084     2.103     3.086         *     0.520     0.076    -0.016     0.017    90.558     3.646    -2.577     1.477
     0.813         *         *         *         *    77.750    70.750         *         *         *     9.000     2.913     0.083     0.000     0.000     0.000     0.000     1.024         *         *         *     0.743     0.099    -0.018     0.019    75.571     4.020    -2.601     1.780
     0.384         *         *         *         *    61.250         *         *         *         *    -3.000     8.569    -0.018     1.000     1.000     0.000     0.000         *         *         *         *     0.428     0.099    -0.005     0.019    59.935     5.280    -2.596     1.806
     0.668     0.375         *         *         *    43.750         *         *         *         *     4.000    -0.742    -0.069     2.000     0.000     0.000     0.000     1.018         *         *         *     0.541     0.084    -0.030     0.019    46.596     5.269    -1.995     1.801
     0.561     0.581     0.617     0.610     0.493    53.500    56.250    66.250         *         *     9.000     0.736     0.134     1.000     0.000     0.000     0.000     0.750     1.774     2.787     3.781     0.613     0.067    -0.019     0.017    60.244     3.546    -0.815     1.671
     0.697         *     0.739     0.610         *    77.500    65.000    72.250    75.000         *     7.000     3.354     0.058     0.000     1.000     0.000     0.000     1.049     1.979     2.987         *     0.681     0.077    -0.009     0.017    73.481     3.606    -0.940     1.496
     0.610     0.813         *         *         *    72.500    89.000         *         *         *    15.000    -1.796     0.058     1.000     0.000     0.000     0.000     0.556         *         *         *     0.742     0.083    -0.022     0.019    80.623     3.931    -1.259     1.801
     0.488         *         *         *         *    64.750         *         *         *         *    10.000     4.819     0.185     1.000     0.000     1.000     0.000         *         *         *         *     0.582     0.099    -0.033     0.019    65.746     5.280    -1.592     1.806
     0.728     0.762         *     0.542     0.610    79.250         *    74.000    58.250    56.250    11.000     0.734     0.058     1.000     0.000     0.000     0.000     0.997     2.018     3.075     4.044     0.724     0.072    -0.034     0.016    76.450     4.099    -4.135     1.318
     0.799     1.189         *         *         *    98.500    96.000         *         *         *    11.000    -7.105     0.109     0.000     0.000     0.000     0.000     0.490         *         *         *     0.924     0.083    -0.009     0.019    97.186     3.921    -2.047     1.802
     0.975     0.841         *         *     0.542   101.500    87.000    79.750   101.500    76.750     9.000    -7.899     0.134     0.000     0.000     0.000     0.000     0.706     1.470     2.475     3.461     0.807     0.076    -0.018     0.017    94.097     3.367    -3.097     1.373
         *     0.488     0.488         *         *    78.000    80.000    78.500         *         *    13.000     0.879     0.058     0.000     0.000     0.000     0.000     0.991     1.990         *         *     0.615     0.086    -0.018     0.018    79.827     3.648    -1.741     1.672
     0.610     0.257         *         *         *    62.250    58.000         *         *         *    11.000     7.789    -0.018     1.000     0.000     0.000     0.000     0.778         *         *         *     0.525     0.083    -0.031     0.019    60.690     3.969    -2.472     1.792
     0.717     0.841     1.318     0.856     0.827   103.500    96.000   103.500   102.500         *     5.000    -0.389     0.058     1.000     1.000     0.000     0.000     1.005     1.993     2.962     3.978     0.846     0.067     0.013     0.017   101.405     3.592    -0.784     1.488
     0.799     0.642     0.707     0.920     0.513    92.500    85.750    83.250    88.750         *    10.000     3.981     0.007     0.000     0.000     0.000     0.000     0.912     1.930     2.908     3.951     0.739     0.067    -0.010     0.017    89.495     3.551    -2.097     1.494
     0.610     0.488         *     0.375     0.271    42.250    53.750    59.000    58.000    62.000     7.000    11.129    -0.171     0.000     0.000     1.000     0.000     0.920     1.878     2.883     3.907     0.521     0.072    -0.026     0.016    51.524     3.541     1.356     1.299
     0.602         *         *         *         *    45.000    48.500         *         *         *     5.000     3.633     0.083     0.000     1.000     0.000     0.000     1.054         *     3.179     3.978     0.571     0.099    -0.020     0.019    48.659     4.027    -0.906     1.777
     0.257         *         *         *         *    29.500         *         *         *         *     5.000    13.651    -0.044     1.000     0.000     0.000     0.000         *         *         *         *     0.378     0.099    -0.032     0.019    32.182     5.280    -2.309     1.806
     1.478     1.134     1.108     0.975         *    85.750         *    76.000    66.250    76.500     9.000    -6.448     0.109     1.000     0.000     0.000     0.000     1.035     1.999     3.009     4.151     1.094     0.070    -0.027     0.017    83.005     4.088    -2.709     1.312
     0.920     0.554     0.642         *     0.813   113.000    95.500   104.250   100.250    98.250     9.000    -9.232     0.083     0.000     0.000     0.000     0.000     0.991     1.988     3.009     3.984     0.757     0.071     0.001     0.016   105.905     3.591    -2.225     1.287
         *         *         *         *         *    52.000         *         *         *         *     6.000    -6.439    -0.120     1.000     0.000     0.000     0.000         *         *         *         *     0.634     0.132    -0.024     0.019    54.060     5.295    -1.431     1.806
     0.610         *         *         *         *    76.500         *         *         *         *     9.000     0.827     0.134     0.000     1.000     0.000     0.000         *         *         *         *     0.649     0.099    -0.013     0.019    75.906     5.280    -1.328     1.806
     0.346     0.581     0.396         *         *    80.250    81.750    76.750         *         *     6.000     0.339     0.033     1.000     0.000     1.000     0.000     1.073     1.966         *     3.869     0.528     0.075    -0.018     0.018    80.433     3.663    -1.900     1.674
     0.406         *         *         *         *    47.500         *         *         *         *    18.000    14.669     0.058     0.000     0.000     1.000     0.000         *         *         *         *     0.561     0.099    -0.053     0.019    47.807     5.280    -0.892     1.806
     0.659         *         *         *         *    59.500         *         *         *         *     9.000     2.979     0.058     1.000     1.000     0.000     0.000         *         *         *         *     0.634     0.099    -0.025     0.019    60.364     5.280    -1.043     1.806
     0.707     0.774     0.799     1.060         *    56.250    56.500    51.500    52.750         *    10.000     0.802    -0.018     1.000     0.000     0.000     0.000     1.013     2.103     3.009         *     0.809     0.070    -0.021     0.017    57.259     3.620    -1.395     1.484
     0.452         *         *         *         *    60.500         *         *         *         *     5.000    10.940     0.007     1.000     0.000     0.000     0.000         *         *         *         *     0.513     0.099    -0.020     0.019    60.083     5.280    -2.990     1.806
         *     0.697     0.406         *         *    53.250    22.000    33.500         *         *    10.000     9.437    -0.120     1.000     0.000     0.000     0.000     0.942     1.960         *         *     0.603     0.086    -0.049     0.018    40.128     3.629    -3.232     1.676
     0.561         *         *         *         *    62.500         *         *         *         *     5.000     3.836     0.109     0.000     1.000     0.000     0.000         *         *         *         *     0.575     0.099    -0.013     0.019    63.184     5.280    -1.496     1.806
     0.610         *         *         *         *    53.250         *         *         *         *    11.000     1.604     0.058     0.000     0.000     0.000     0.000         *         *         *         *     0.641     0.099    -0.028     0.019    55.811     5.280    -1.507     1.806
     0.762     0.625     0.975     0.668     0.799    77.750    78.750    73.250    68.000         *     9.000    -5.834     0.033     1.000     0.000     0.000     0.000     1.073     2.081     3.058     4.047     0.780     0.068    -0.015     0.017    78.236     3.634    -2.286     1.472
     0.610         *     0.975     0.610         *    63.750    52.750    63.000    55.500         *    11.000     6.220     0.033     0.000     0.000     0.000     0.000     1.018     2.007     3.025         *     0.735     0.077    -0.022     0.017    61.697     3.606    -1.726     1.487
     0.668     0.633     0.287         *     0.513    50.500    52.750    63.250         *         *    10.000     6.075    -0.044     1.000     1.000     0.000     0.000     0.917     1.799     2.804     3.778     0.579     0.070    -0.026     0.017    55.177     3.591    -0.006     1.676
     0.739     0.827         *         *         *    37.250    21.500         *         *         *     5.000    -5.958    -0.221     0.000     1.000     0.000     0.000     0.977         *         *         *     0.704     0.084    -0.036     0.019    31.786     4.008    -0.512     1.780
     0.920     0.650     0.813     0.697         *    87.750         *         *    79.500    87.750    12.000     1.574    -0.044     0.000     1.000     0.000     0.000     1.008     2.010     3.201     4.172     0.782     0.070    -0.013     0.017    84.702     4.503    -0.493     1.303
     0.542     0.542     0.739     0.456     0.687    83.000    71.000    67.000    72.500    64.250    12.000     5.391     0.007     0.000     0.000     0.000     0.000     0.953     1.916     2.910     3.907     0.649     0.067    -0.019     0.016    76.454     3.560    -2.734     1.300
     0.813     0.625     0.554     0.581     0.469    82.500    76.000    89.500    77.500         *     9.000    -0.348     0.160     2.000     0.000     0.000     0.000     1.054     1.955     2.957     4.129     0.661     0.068    -0.020     0.017    84.279     3.598    -2.142     1.492
         *         *         *         *         *    35.750    35.000         *    38.000         *     5.000    -5.029     0.058     1.000     1.000     1.000     0.000     0.972     2.021     3.001         *     0.545     0.131    -0.040     0.018    37.611     3.804     0.214     1.514
     1.038     0.739     0.588     0.750     0.739    65.500    78.000    64.000    72.500         *     9.000     5.593     0.058     0.000     0.000     0.000     0.000     0.947     2.012     2.806     4.049     0.778     0.067    -0.017     0.017    72.092     3.566    -1.537     1.506
     0.435     0.435     0.452         *     0.245         *    52.500    45.500    47.500    47.750     5.000     5.615    -0.018     1.000     0.000     0.000     0.000     0.966     1.960     2.971     3.995     0.470     0.071    -0.025     0.017    54.117     4.591    -2.315     1.484
     0.400         *         *         *         *    65.000         *         *         *         *    12.000     7.921    -0.018     1.000     0.000     0.000     0.000         *         *         *         *     0.550     0.099    -0.028     0.019    63.840     5.280    -2.278     1.806
     0.542     0.493         *         *         *    53.000    48.750    35.000         *         *     8.000     9.941     0.160     1.000     0.000     1.000     0.000     0.991     1.988         *         *     0.548     0.084    -0.048     0.018    49.694     3.646    -3.082     1.676
         *     0.542     0.610         *         *    61.250    57.750    55.750         *         *     9.000    -1.895     0.033     0.000     1.000     1.000     0.000     0.983     1.999         *         *     0.640     0.086    -0.034     0.018    58.859     3.647    -0.403     1.671
     1.060     0.581         *         *         *    89.250    64.000         *         *         *     5.000    -3.469     0.033     1.000     0.000     1.000     0.000     0.994         *         *         *     0.773     0.084    -0.032     0.019    77.889     4.012    -2.965     1.778
     0.610     0.697         *         *         *    77.500    80.000         *         *         *    12.000    -1.103     0.033     1.000     0.000     0.000     0.000     0.994         *         *         *     0.694     0.084    -0.019     0.019    79.069     4.012    -1.799     1.778
     0.975     0.581     0.687     0.728     0.633    78.500    72.500         *         *         *    11.000    -3.554    -0.044     1.000     0.000     1.000     0.000     1.487     2.396     3.589     4.515     0.795     0.070    -0.036     0.017    75.775     4.126    -1.377     1.690
     0.956     0.787     0.707     0.841     1.478    93.000    88.500    95.750    90.750         *    11.000    -0.583     0.058     0.000     1.000     0.000     0.000     1.095     2.089     3.064     4.192     0.889     0.068     0.012     0.017    91.481     3.642     0.037     1.471
     0.841     0.542     0.488         *     0.542    57.000    62.750    62.750    59.500    58.250     9.000     0.090     0.058     1.000     1.000     0.000     0.000     0.808     1.802     2.804     3.811     0.642     0.070    -0.026     0.017    61.524     3.491    -0.713     1.311
     0.687     0.610         *     0.595         *    38.000         *         *    40.750         *    13.000     4.509     0.083     0.000     0.000     0.000     0.000     0.794     1.818     2.987         *     0.663     0.076    -0.036     0.017    43.092     4.511    -0.901     1.520
     0.856     0.536     0.548     0.581     0.887    57.250    61.750    62.500    62.750         *     6.000     5.153    -0.018     0.000     1.000     0.000     0.000     0.605     1.533     2.565     3.584     0.673     0.066    -0.007     0.017    61.244     3.365    -0.220     1.545
     0.498         *         *         *         *    72.000         *         *         *         *     5.000     4.717     0.058     0.000     0.000     0.000     0.000         *         *         *         *     0.572     0.099    -0.010     0.019    71.359     5.280    -2.821     1.806
     0.841     0.813     0.687     0.530     0.625    36.250    36.250    38.750    38.000         *     9.000     2.344    -0.094     1.000     0.000     0.000     0.000     1.021     2.081     2.815     4.030     0.736     0.067    -0.038     0.017    39.693     3.599    -0.935     1.505
     0.887     0.677     0.633     0.697     0.697    84.500    74.000    67.750    67.750    58.000     0.000     8.252     0.033     1.000     0.000     1.000     0.000     1.084     2.059     3.110     4.104     0.720     0.068    -0.021     0.016    78.658     3.635    -4.166     1.269
     0.787     0.774     0.750     0.659     0.938    97.000    83.750    77.000    77.500    82.500     5.000    -8.203     0.033     1.000     1.000     0.000     0.000     0.966     1.889     2.932     3.869     0.769     0.067    -0.005     0.016    87.664     3.561    -2.230     1.304
     0.856     0.574     0.554     0.787     0.524    60.750    61.250    71.750    57.000         *    10.000   -11.127     0.033     1.000     0.000     0.000     0.000     0.561     1.591     2.628     3.595     0.707     0.066    -0.027     0.017    64.851     3.371    -1.203     1.529
     0.610     0.325         *         *         *    79.250    77.750         *         *         *    18.000    -5.982     0.033     0.000     0.000     0.000     0.000     0.991         *         *         *     0.627     0.084    -0.028     0.019    78.493     4.011    -1.320     1.779
     1.318     0.887     0.827     0.903     0.813    63.500    80.000    73.000    71.250         *    21.000    -4.167     0.007     0.000     0.000     0.000     0.000     1.016     1.996     3.009     4.055     0.995     0.068    -0.040     0.017    72.178     3.599    -0.036     1.481
     0.813     0.697         *     0.488     0.610    89.500    82.000    81.750    78.250    77.000    11.000     0.778     0.033     0.000     0.000     0.000     0.000     0.964     1.971     3.023     3.967     0.712     0.072    -0.020     0.016    86.177     3.581    -2.572     1.285
     0.561         *     0.595     0.406     0.813    53.000         *    53.500         *         *     6.000     3.825     0.007     1.000     0.000     0.000     0.000         *     2.007     3.006     3.970     0.615     0.074    -0.015     0.017    55.972     4.262    -1.613     1.645
     0.841     0.717     0.659         *     0.750    88.250    76.250    78.500         *         *    14.000     1.990     0.058     1.000     0.000     0.000     0.000     1.018     2.001         *     3.989     0.778     0.071    -0.024     0.017    83.040     3.654    -2.469     1.650
     0.707     0.827         *     0.519         *    75.250         *         *         *    77.000     9.000     3.253     0.134     1.000     0.000     0.000     0.000     0.652         *     2.475     3.606     0.695     0.075    -0.014     0.017    78.366     4.646    -1.447     1.424
     0.305         *         *         *         *    26.250         *         *         *         *    13.000     7.524    -0.018     1.000     0.000     1.000     0.000         *         *         *         *     0.466     0.099    -0.055     0.019    29.676     5.280    -0.366     1.806
     0.406         *         *         *         *    76.750         *         *         *         *     9.000     8.463     0.007     1.000     0.000     0.000     0.000         *         *         *         *     0.548     0.099    -0.018     0.019    74.194     5.280    -2.931     1.806
     0.813     0.697         *         *         *    78.000    73.750         *         *         *     7.000    -0.950     0.033     1.000     0.000     0.000     0.000     0.903         *         *         *     0.728     0.083    -0.017     0.019    76.892     3.993    -2.523     1.785
     0.181         *         *         *         *    63.750         *         *         *         *     6.000    12.115     0.083     1.000     0.000     0.000     0.000         *         *         *         *     0.401     0.099    -0.016     0.019    63.020     5.280    -3.151     1.806
     0.827     0.633     0.920         *     0.610    90.000    80.000         *         *         *    13.000    -9.697     0.007     1.000     1.000     0.000     0.000     1.626     3.335         *     6.111     0.801     0.076    -0.021     0.016    85.184     4.162    -1.085     1.661
     0.687     0.774     0.739     0.799     1.016    68.500    61.000    75.750    73.000    67.750     7.000    -3.912     0.058     0.000     1.000     0.000     0.000     0.994     2.144     2.965     3.945     0.767     0.067     0.002     0.016    68.807     3.615     0.359     1.293
     0.813         *         *         *         *    66.250         *         *         *         *     8.000   -22.094     0.058     0.000     1.000     0.000     0.000         *         *         *         *     0.777     0.099    -0.013     0.019    69.778     5.280     0.449     1.806
     0.856     0.677     0.871     0.887     0.938    84.500    80.750    82.250    80.250    83.750     9.000    -1.969    -0.069     1.000     0.000     1.000     0.000     0.988     2.007     3.009     3.967     0.842     0.067    -0.013     0.016    82.514     3.593    -0.359     1.287
     0.375         *         *         *         *    67.750         *         *         *         *     7.000    15.242    -0.044     1.000     0.000     0.000     0.000     0.712         *         *         *     0.493     0.099    -0.020     0.019    64.964     5.280    -3.294     1.806
     0.887     0.717     0.707     0.498     0.697    73.250    77.500    69.000    53.250    55.000     6.000    -1.498     0.058     0.000     0.000     1.000     0.000     0.956     1.971     3.003     3.964     0.754     0.067    -0.037     0.016    73.472     3.578    -3.915     1.286
     0.938     0.717     0.887     0.799     0.762    88.750    72.000    88.750    73.750    86.000     9.000    -3.381     0.058     1.000     0.000     0.000     0.000     1.038     1.999     3.017     3.986     0.818     0.067    -0.010     0.016    84.240     3.606    -1.268     1.288
     0.871     0.697         *         *         *    93.750         *         *         *         *     5.000   -16.222     0.007     1.000     0.000     0.000     0.000     1.254         *         *         *     0.779     0.084    -0.004     0.019    92.868     5.268    -2.152     1.800
     0.827     0.813     0.887     0.799     0.813    54.500    68.000         *         *         *     9.000    -5.292     0.109     1.000     0.000     1.000     0.000     1.046     1.812     2.790     3.989     0.834     0.067    -0.025     0.018    62.949     4.020     0.254     1.735
     1.038     1.016     0.856     0.903     0.841    86.500    97.250    79.750    86.750    77.250    10.000   -10.418     0.007     1.000     0.000     0.000     0.000     1.068     2.034     2.992     4.019     0.930     0.067    -0.018     0.016    90.056     3.618    -2.293     1.287
     0.813         *     0.542         *         *    61.000    78.500    60.250         *         *    12.000    -4.641     0.109     1.000     0.000     0.000     0.000     1.040     1.960         *         *     0.713     0.085    -0.029     0.018    68.862     3.653    -1.565     1.675
     1.108         *     0.542         *         *    76.750    79.500    63.250         *         *    11.000   -13.769     0.058     1.000     0.000     0.000     0.000     0.923     1.878         *         *     0.824     0.085    -0.034     0.018    76.290     3.608    -2.494     1.686
     0.375     0.257         *         *         *    58.000    62.750         *         *         *     9.000    -0.493     0.007     1.000     0.000     0.000     0.000     1.016         *         *         *     0.459     0.084    -0.022     0.019    61.403     4.016    -1.761     1.777
     0.956     0.975     0.827     0.887     0.813    85.000    87.750         *         *         *    10.000    -2.853     0.109     0.000     0.000     0.000     0.000     0.903     1.766     2.765     3.759     0.881     0.067    -0.012     0.018    87.105     3.990    -1.943     1.745
     0.367     0.246     0.417         *         *    45.500         *         *    34.500    36.250    10.000     5.103     0.083     0.000     0.000     0.000     0.000     1.038     2.114     3.113     4.030     0.448     0.075    -0.034     0.017    45.924     4.473    -2.543     1.328
     0.610     0.542         *         *         *    61.750    55.500         *         *         *    11.000     6.179     0.134     0.000     0.000     0.000     0.000     1.018         *         *         *     0.615     0.084    -0.027     0.019    60.799     4.017    -2.336     1.777
     0.650     0.642     0.697         *     0.488    69.500    73.000    57.250    59.750    57.250     9.000    -4.813     0.109     1.000     1.000     0.000     0.000     0.646     1.676     2.664     3.655     0.664     0.070    -0.030     0.017    68.121     3.411    -2.530     1.329
     0.642     0.574     0.750     0.687     0.787    76.250    70.500    67.250    58.750    59.750     9.000     0.479     0.058     0.000     0.000     0.000     0.000     0.906     1.914     2.938     3.945     0.711     0.067    -0.016     0.016    72.909     3.549    -3.175     1.289
     0.856     0.697     0.856     0.750     0.668    67.750    54.500    49.250    41.000         *     9.000     2.004     0.007     1.000     0.000     0.000     0.000     0.980     2.018     3.009     4.000     0.795     0.067    -0.037     0.017    60.207     3.594    -4.140     1.478
     0.410     0.390         *         *         *    45.000    63.000         *         *         *     7.000    11.718    -0.145     1.000     0.000     0.000     0.000     0.901     1.930     3.028     3.959     0.476     0.083    -0.021     0.019    53.726     3.993    -1.761     1.785
         *     0.488     0.697         *         *    79.250    74.000    78.500         *         *     3.000    -2.888     0.109     0.000     0.000     1.000     0.000     1.010     2.059         *         *     0.631     0.086    -0.011     0.018    78.660     3.665    -1.621     1.662
     0.668     0.813         *     0.813     0.610    71.500         *    78.250    71.500    61.000     9.000     4.238     0.083     1.000     1.000     0.000     0.000     0.873     1.875     2.875     3.871     0.731     0.072    -0.018     0.016    74.231     4.029    -1.762     1.349
     0.787     0.687     0.417         *     0.561    65.750         *         *         *         *     6.000    -2.177    -0.018     0.000     0.000     0.000     0.000     0.879     1.884         *     3.817     0.652     0.071    -0.021     0.018    66.074     5.246    -2.325     1.763
     0.841     1.060     0.841     0.548     0.488    82.000   101.500    94.750         *         *     6.000    -9.188     0.033     1.000     1.000     1.000     0.000     1.049     1.895     3.441     4.556     0.795     0.069    -0.023     0.017    91.151     3.641     0.106     1.650
     0.750     0.739     0.762     0.642     0.574    68.000    57.500    51.000         *         *     9.000    14.253    -0.018     0.000     0.000     0.000     0.000     0.728     1.966     3.020     3.948     0.721     0.067    -0.030     0.017    61.846     3.574    -3.506     1.642
         *     0.432     0.353     0.400         *    83.250    78.750         *         *         *    10.000    -6.658     0.058     0.000     0.000     0.000     0.000     1.018     2.012     3.025     4.027     0.536     0.079    -0.018     0.019    81.400     4.016    -2.485     1.757
     0.348         *         *         *         *    34.250         *         *         *         *     5.000     6.168    -0.069     1.000     0.000     0.000     0.000         *         *         *         *     0.445     0.099    -0.030     0.019    37.163     5.280    -1.924     1.806
     0.650     0.406     0.554         *     0.325    29.250         *    29.250    26.250    25.500    13.000     0.104     0.058     0.000     0.000     0.000     0.000     1.002     2.070     3.075     4.320     0.589     0.071    -0.050     0.016    32.889     4.116    -1.561     1.285
     0.975         *         *         *         *    87.500         *         *         *         *     9.000   -16.884     0.083     0.000     0.000     0.000     0.000         *         *         *         *     0.882     0.099    -0.009     0.019    88.718     5.280    -1.382     1.806
     0.938     1.060     0.750     0.488     0.488    53.750    42.000    56.250    45.250    47.750    15.000     3.781     0.058     1.000     0.000     0.000     0.000     0.983     1.996     3.053     4.027     0.816     0.067    -0.052     0.016    52.784     3.593    -1.572     1.276
     0.774     0.995     0.871     0.871     0.920    97.250    96.000   102.750    90.000    86.750     9.000    -4.101     0.033     1.000     0.000     0.000     0.000     0.854     1.823     2.982     3.959     0.866     0.067    -0.003     0.016    98.491     3.522    -2.323     1.280
     0.668         *         *     0.717         *   118.000         *         *         *         *     9.000   -20.966     0.033     1.000     0.000     0.000     0.000         *         *     3.737         *     0.772     0.087     0.001     0.018   114.094     5.254    -2.303     1.767
         *         *         *         *         *    36.250    44.000    18.500    20.250         *    11.000     1.569    -0.171     0.000     0.000     0.000     0.000     0.997     2.431     2.916         *     0.618     0.131    -0.055     0.018    36.393     3.663    -3.600     1.482
     0.642     0.774     0.574     0.787     0.677    76.250    76.750    67.500    66.500    51.500     9.000    -1.290     0.109     0.000     0.000     1.000     0.000     0.991     2.007     3.012     4.019     0.744     0.067    -0.033     0.016    75.168     3.594    -3.593     1.281
     0.561         *         *         *         *    55.750    43.750         *         *         *     9.000     1.793     0.033     1.000     1.000     0.000     0.000     1.016         *         *         *     0.579     0.099    -0.032     0.019    51.521     4.019    -1.341     1.780
     0.677     0.625         *         *         *    72.250    64.750         *         *         *    10.000     5.166     0.109     0.000     0.000     0.000     0.000     1.008         *         *         *     0.667     0.084    -0.022     0.019    70.056     4.015    -2.593     1.778
         *         *         *         *         *    50.000    47.500         *         *         *    -3.000    -4.194    -0.018     1.000     1.000     0.000     0.000     1.361     2.084     2.639     3.852     0.486     0.131    -0.010     0.019    51.052     4.103    -1.568     1.752
     0.610     1.219         *     0.542     0.697    77.000    76.000    74.500    68.500    67.250    11.000     6.398     0.083     0.000     0.000     0.000     0.000     0.997     2.062     3.036     4.005     0.785     0.072    -0.022     0.016    77.570     3.607    -2.527     1.281
     0.707     0.871     0.762     0.903     0.659    69.500    65.750    71.500    63.000    64.750     6.000     2.489     0.134     0.000     0.000     0.000     0.000     0.991     1.897     2.938     3.871     0.763     0.067    -0.009     0.016    71.036     3.569    -1.937     1.305
     0.956     0.856     0.508     0.750     0.633    84.250    73.500    74.500    71.750         *     8.000     1.550     0.058     0.000     0.000     0.000     0.000     1.008     1.969     2.998     4.016     0.767     0.067    -0.021     0.017    80.194     3.591    -2.995     1.483
     0.774         *         *         *         *    85.000    73.750         *         *         *    11.000     0.843     0.058     0.000     1.000     0.000     0.000     0.454         *         *         *     0.741     0.099    -0.018     0.019    78.851     3.919    -1.403     1.804
     0.488         *         *         *         *    77.000         *         *         *         *    12.000    -3.699     0.083     0.000     0.000     0.000     0.000         *         *         *         *     0.641     0.099    -0.017     0.019    76.927     5.280    -1.777     1.806
     0.334         *         *         *         *    68.000         *         *         *         *     9.000     6.888     0.058     1.000     0.000     0.000     0.000         *         *         *         *     0.507     0.099    -0.020     0.019    67.332     5.280    -2.611     1.806
         *         *         *         *         *   103.250         *         *         *         *     5.000   -12.857    -0.018     1.000     0.000     0.000     0.000         *         *         *         *     0.776     0.132     0.000     0.019   100.313     5.295    -2.565     1.806
     0.244         *         *         *         *    52.500         *         *    38.250         *     5.000     1.306    -0.120     0.000     1.000     0.000     0.000         *         *     2.612         *     0.428     0.099    -0.025     0.018    48.230     4.421    -2.090     1.587
     0.856     0.799     0.659     0.554     0.588    66.000    64.000    76.500    66.500    71.250     6.000    -2.949     0.083     2.000     0.000     0.000     0.000     1.021     1.999     3.028     4.014     0.709     0.067    -0.017     0.016    70.576     3.602    -0.766     1.282
     0.687     0.530     0.642         *         *    65.000    60.500         *         *         *     7.000    10.136    -0.069     0.000     1.000     1.000     0.000     0.936     1.856         *         *     0.634     0.075    -0.030     0.019    61.695     3.998    -0.985     1.775
     0.610         *         *         *         *    85.500         *         *         *         *     5.000   -15.915     0.058     1.000     0.000     0.000     0.000         *         *         *         *     0.683     0.099    -0.004     0.019    86.035     5.280    -1.919     1.806
     0.493     0.508         *         *         *    48.750    55.750         *         *         *     9.000     3.066    -0.094     0.000     0.000     0.000     0.000     1.112         *         *         *     0.565     0.084    -0.024     0.019    53.143     4.037    -1.325     1.770
     0.428     0.274     0.387         *     0.254    76.500    80.250    78.250         *         *     5.000    -4.214     0.083     1.000     1.000     1.000     0.000     0.980     1.985     2.979     3.973     0.445     0.071    -0.020     0.017    78.027     3.641    -0.801     1.652
     0.554     0.697     0.697     0.488         *    56.000    64.000         *    59.750         *     9.000    -5.363     0.058     1.000     1.000     0.000     0.000     1.221     2.371     3.023         *     0.645     0.071    -0.021     0.017    60.859     3.875    -0.189     1.507
     0.920     0.439     0.728         *         *    77.250    80.000    76.000    62.000         *     9.000    -5.295     0.134     1.000     0.000     0.000     0.000     1.032     2.045     3.031         *     0.718     0.075    -0.024     0.018    79.079     3.618    -3.213     1.490
     0.728     0.774     0.493         *         *    85.500         *         *         *         *    14.000     0.194     0.058     1.000     0.000     1.000     0.000     0.758     1.741     2.875         *     0.722     0.074    -0.036     0.019    82.815     5.261    -1.613     1.795
     0.717         *         *     0.697         *    65.000    47.250    68.500    55.000         *    10.000     6.489     0.134     1.000     1.000     0.000     0.000     1.013     1.999     3.031         *     0.687     0.086    -0.024     0.017    61.079     3.604    -1.134     1.487
     0.341     0.503     0.361         *         *    55.000    46.250         *         *         *     7.000    10.546     0.007     0.000     0.000     0.000     0.000     1.027     2.004         *         *     0.473     0.075    -0.025     0.019    52.369     4.017    -2.843     1.768
     0.588     0.524     0.588     0.610     0.519    78.750    76.500    78.750    83.750    77.250     6.000     3.844     0.033     0.000     0.000     0.000     0.000     0.901     1.916     2.908     3.910     0.590     0.067     0.000     0.016    80.439     3.545    -1.095     1.296
     0.697     0.717     0.707     0.707     0.707    66.750    70.000    67.250    63.500    67.750     5.000    -5.339     0.058     1.000     0.000     1.000     0.000     1.309     1.906     2.962     3.918     0.726     0.068    -0.019     0.016    69.149     3.657    -0.894     1.316
     0.554     0.728     0.799     0.707     0.473    63.250    59.250    58.500    51.250    50.000     7.000     1.697    -0.018     0.000     0.000     0.000     0.000     0.994     1.990     3.009     4.008     0.686     0.067    -0.023     0.016    62.331     3.592    -2.812     1.282
     0.406         *         *         *         *    44.250         *         *         *         *    12.000    12.192    -0.069     1.000     0.000     0.000     0.000         *         *         *         *     0.514     0.099    -0.038     0.019    44.910     5.280    -1.949     1.806
     0.610     0.642         *     0.610     0.443    66.750    69.500    57.250    57.750    59.000     5.000     3.107     0.033     1.000     0.000     0.000     0.000     0.977     1.996     2.990     3.989     0.614     0.072    -0.019     0.016    67.598     3.587    -2.773     1.285
     0.739         *         *         *         *    50.500         *         *         *         *     5.000     9.251    -0.171     0.000     0.000     0.000     0.000         *         *         *         *     0.642     0.099    -0.026     0.019    50.215     5.280    -2.378     1.806
         *         *         *         *         *    64.000         *         *         *         *     9.000     4.022    -0.120     0.000     0.000     0.000     0.000         *         *         *         *     0.668     0.132    -0.024     0.019    62.861     5.295    -2.082     1.806
     0.762     0.659     0.920     0.799     0.650    72.000    74.000    66.500    75.500    65.750    11.000     6.839    -0.018     0.000     0.000     0.000     0.000     1.016     1.990     3.006     4.008     0.770     0.067    -0.015     0.016    73.380     3.597    -1.478     1.284
     0.938         *     1.084     0.920     0.813    88.000         *         *         *    91.000    11.000    -6.634     0.109     0.000     0.000     0.000     0.000         *     1.227     2.237     3.217     0.913     0.071    -0.008     0.017    90.699     4.564    -0.906     1.481
     0.677     0.750     0.762     0.750         *    70.000         *    61.250         *         *    12.000     3.201    -0.094     1.000     0.000     0.000     0.000     0.701     1.306     2.387         *     0.748     0.068    -0.029     0.018    66.678     4.081    -2.078     1.742
     0.443     0.406         *         *         *    45.250    47.250         *         *         *    12.000     7.359    -0.145     1.000     0.000     0.000     0.000     0.972         *         *         *     0.517     0.084    -0.037     0.019    46.958     4.007    -1.571     1.780
     0.650     0.995     1.250     0.827     0.677    74.750    78.000    71.750    74.250         *    10.000    -5.892     0.160     0.000     0.000     0.000     0.000     1.016     1.949     2.965     3.964     0.869     0.067    -0.013     0.017    77.541     3.588    -1.463     1.490
     0.488         *         *         *         *    71.500         *         *         *         *    13.000    -7.154     0.134     1.000     0.000     1.000     0.000         *         *         *         *     0.643     0.099    -0.033     0.019    72.533     5.280    -0.703     1.806
     1.084     0.903     0.762     0.417     0.524    77.000    70.000    74.250    67.500         *     9.000     8.408    -0.094     0.000     0.000     1.000     0.000     0.986     1.985     3.017     3.967     0.801     0.067    -0.043     0.017    74.302     3.590    -2.188     1.479
     1.189     0.887     0.687     0.903     0.813    85.000    81.250    76.500    66.250    76.250     7.000     3.852     0.007     1.000     0.000     0.000     0.000     0.898     1.856     3.020     3.806     0.878     0.067    -0.019     0.016    82.535     3.543    -3.014     1.301
     0.750     0.995     0.920     0.762     0.697    83.000         *         *         *    74.500    17.000     0.203     0.109     1.000     0.000     0.000     0.000     1.008     2.010     3.006     3.997     0.864     0.067    -0.029     0.016    82.454     4.721    -1.847     1.355
     0.378     0.610     0.272     0.428         *    78.000    70.500    74.750    75.000    65.250     8.000     3.984    -0.044     0.000     0.000     1.000     0.000     1.070     1.969     2.965     4.016     0.519     0.070    -0.024     0.017    75.381     3.607    -1.778     1.294
