     2.750         *         *     2.695         *         *         *         *         *         *     1.000   -14.784    -0.069     0.000     0.000     1.000     0.000         *     3.086     4.140     5.284     2.767     0.163    -0.048     0.035     0.709     0.133     0.033     0.018
     2.830     2.580     2.450     2.300     2.625     1.084     0.956     0.610     0.443     0.542    14.000   -10.721     0.007     0.000     0.000     0.000     0.000     0.893     1.914     2.930     4.156     2.661     0.115    -0.060     0.034     0.808     0.068    -0.033     0.017
     0.420         *         *         *         *     0.309         *         *         *         *     1.000    13.837    -0.120     1.000     0.000     0.000     0.000         *         *         *         *     0.551     0.196    -0.057     0.039     0.371     0.100    -0.037     0.018
     1.635         *         *         *     1.690     0.642     0.938     0.432     0.542     0.799     5.000     5.218    -0.044     1.000     0.000     0.000     0.000     0.884     1.903     2.856     3.855     1.773     0.159    -0.049     0.035     0.683     0.068    -0.021     0.017
     1.440     1.095     1.300         *         *     0.841     0.750     0.617         *         *     7.000    -8.471     0.058     1.000     0.000     0.000     0.000     0.956     1.960         *         *     1.369     0.126    -0.028     0.039     0.737     0.076    -0.036     0.018
     3.200     3.605         *         *         *     0.542     0.488         *         *         *     9.000   -12.112     0.083     1.000     0.000     0.000     0.000     0.994         *         *         *     3.335     0.146    -0.046     0.039     0.637     0.084     0.014     0.018
     1.310     1.285         *         *         *     0.498     0.424         *         *         *     9.000     3.124     0.007     1.000     1.000     0.000     0.000     1.103         *         *         *     1.370     0.147    -0.062     0.039     0.541     0.084    -0.053     0.018
     1.380         *         *         *         *     0.464         *         *         *         *     5.000     7.669    -0.069     0.000     1.000     0.000     0.000         *         *         *         *     1.434     0.196    -0.112     0.039     0.517     0.100    -0.041     0.018
     1.565     1.760         *         *         *     0.610     0.488         *         *         *     9.000     7.775    -0.069     0.000     0.000     0.000     0.000     0.575         *         *         *     1.707     0.145    -0.091     0.039     0.578     0.084    -0.029     0.018
     2.540     2.575     2.120     1.810     2.080     0.633     0.707     0.827     0.774     0.739     9.000     6.524    -0.044     0.000     0.000     0.000     0.000     0.988     2.021     3.023     4.016     2.469     0.116    -0.124     0.034     0.726     0.069    -0.005     0.017
     2.645     2.450     1.655     2.220     2.220     0.827     0.938     0.728     0.887     0.642     6.000    -3.666    -0.018     0.000     1.000     0.000     0.000     1.018     1.990     2.973     4.011     2.457     0.116    -0.111     0.034     0.818     0.069    -0.023     0.017
     2.795         *         *         *         *     0.813         *         *         *         *     9.000     3.808     0.058     0.000     0.000     0.000     0.000         *         *         *         *     2.729     0.196    -0.092     0.039     0.751     0.100    -0.010     0.018
     1.960     1.840     1.855         *         *         *         *         *         *         *     6.000     7.759     0.185     0.000     0.000     0.000     0.000     1.062     2.067         *         *     1.974     0.127    -0.066     0.039     0.606     0.133    -0.025     0.018
     1.815         *     1.830         *         *     0.610     0.542     0.610         *         *     6.000    -6.645     0.058     1.000     0.000     0.000     0.000     0.778     1.522         *         *     1.881     0.148    -0.036     0.039     0.623     0.075    -0.017     0.018
     1.720     1.420     1.715     1.640         *     0.813         *     0.488     0.697         *    11.000    -2.475    -0.018     1.000     0.000     1.000     0.000     1.010     2.015     2.990         *     1.648     0.118    -0.007     0.037     0.691     0.078    -0.022     0.017
     1.480     1.470     1.750     0.855     1.285     0.774     1.134     0.799     0.871     0.581     7.000     6.730    -0.094     1.000     1.000     0.000     0.000     0.898     1.952     2.913     3.893     1.567     0.115    -0.094     0.034     0.850     0.068    -0.046     0.017
     2.105     1.930     2.265         *         *     1.084     0.841     0.956     0.827     0.610     5.000    -4.400    -0.044     1.000     0.000     0.000     0.000     1.035     2.018     3.023     4.126     2.145     0.126    -0.044     0.038     0.858     0.069    -0.020     0.017
     1.940     2.050     1.865         *         *     0.739     0.393     0.610     0.813     0.548     1.000    -8.049     0.033     1.000     0.000     0.000     0.000     1.248     2.242     3.477     4.279     2.015     0.127    -0.045     0.038     0.628     0.070    -0.002     0.017
     1.335     1.805     1.580     1.535         *     0.633     0.610     0.650     0.406         *     6.000    -2.664     0.058     2.000     0.000     0.000     0.000     0.972     1.952     2.965     4.498     1.575     0.118     0.003     0.037     0.624     0.071    -0.030     0.017
     2.595     2.355     1.915     2.310     2.440     0.841     1.318     0.938     0.841     0.903    12.000    -2.661     0.007     0.000     0.000     0.000     0.000     0.980     1.900     2.938     3.880     2.481     0.115    -0.077     0.034     0.955     0.068    -0.022     0.017
     0.795     1.050     0.920     0.785         *     0.305     0.420     0.315     0.319     0.400    11.000     2.382    -0.018     1.000     1.000     1.000     0.000     1.229     2.042     3.129     4.205     0.964     0.119    -0.028     0.036     0.474     0.069    -0.044     0.017
     2.720     2.480         *         *         *         *     0.610         *         *         *     7.000     4.862     0.033     0.000     0.000     0.000     0.000     0.942         *         *         *     2.608     0.146    -0.098     0.039     0.645     0.102    -0.005     0.018
     2.685         *     2.555         *         *     0.488         *         *         *         *     9.000   -16.293    -0.044     1.000     0.000     0.000     0.000     1.199     2.330         *         *     2.655     0.153    -0.055     0.038     0.666     0.100     0.005     0.018
     1.380     1.530     1.465     1.140         *     0.668     0.473     0.336         *     0.443     6.000    -3.466    -0.171     1.000     0.000     0.000     0.000     1.054     1.990     3.302     4.197     1.487     0.119    -0.064     0.036     0.549     0.072    -0.022     0.017
     2.645     2.125         *         *         *     0.841     1.219     0.602     0.717     0.697    10.000    -7.187     0.033     2.000     0.000     0.000     0.000     0.997     1.993     3.042     3.986     2.379     0.145    -0.018     0.039     0.838     0.069    -0.022     0.017
     2.535     2.715     2.475     2.450         *     0.813     0.668     0.827     0.548     0.542    12.000     1.183    -0.018     0.000     0.000     1.000     0.000     0.454     1.451     2.409     3.425     2.572     0.112    -0.054     0.037     0.699     0.066    -0.007     0.017
     2.480     2.860     3.125     2.980     3.070     0.668     0.548         *         *     0.406     9.000    -6.004     0.083     1.000     0.000     0.000     0.000     0.890     1.459     2.423     3.477     2.870     0.111    -0.001     0.036     0.631     0.077    -0.013     0.017
     1.185         *         *         *         *     0.574     0.406         *         *         *     7.000     1.637    -0.044     1.000     0.000     1.000     0.000     1.467         *         *         *     1.250     0.195    -0.010     0.039     0.534     0.085    -0.020     0.018
     3.140     3.155         *         *         *     0.762     0.588     0.920     0.659     0.938     9.000     1.090     0.007     0.000     1.000     0.000     0.000     1.035     2.021     3.017     4.033     3.147     0.145    -0.130     0.039     0.774     0.069    -0.006     0.017
     1.560     1.640     1.325         *         *     0.574     0.548     0.595     0.677     0.548    14.000     0.120     0.134     1.000     0.000     0.000     0.000     1.035     2.018     3.179     3.967     1.601     0.126    -0.036     0.038     0.673     0.069    -0.040     0.017
     1.660     1.395     1.330         *         *     0.488     0.396     0.305         *         *     5.000     5.744     0.007     1.000     0.000     1.000     0.000     1.128     2.119         *         *     1.486     0.127    -0.023     0.038     0.453     0.076    -0.011     0.018
     2.605     2.815         *         *         *     1.108     0.750     0.762     0.697     0.697    14.000     2.486     0.083     1.000     0.000     0.000     0.000     1.049     1.837     3.201     4.003     2.692     0.145    -0.041     0.039     0.845     0.069    -0.031     0.017
     1.770     1.720         *         *         *     0.617     0.697     0.561         *         *    14.000     5.446    -0.069     1.000     0.000     0.000     0.000     0.986     2.034         *         *     1.787     0.146    -0.058     0.039     0.666     0.076    -0.038     0.018
     3.245     3.310     2.920         *         *     1.189     0.548     0.799     1.434     0.841    11.000     0.000     0.007     0.000     0.000     0.000     0.000     0.668     1.706     2.702     3.781     3.217     0.123    -0.113     0.038     0.914     0.067     0.004     0.017
     2.460     2.505     2.295         *         *     0.642         *         *         *         *    11.000     3.091     0.083     1.000     1.000     0.000     0.000     1.021     1.999         *         *     2.468     0.127    -0.071     0.039     0.682     0.100    -0.035     0.018
     2.500         *         *         *     2.340     0.739     0.595     0.617         *     0.488     9.000     4.345     0.083     1.000     0.000     0.000     0.000     0.572     1.572     2.524     3.606     2.458     0.158    -0.045     0.036     0.652     0.070    -0.020     0.017
     1.510         *         *         *         *     0.602         *         *         *         *     9.000     1.618     0.033     1.000     0.000     0.000     0.000         *         *         *         *     1.596     0.196    -0.039     0.039     0.622     0.100    -0.034     0.018
     0.665         *         *         *         *     0.508         *         *         *         *     9.000    -1.320     0.033     1.000     1.000     1.000     0.000         *         *         *         *     0.833     0.196    -0.008     0.039     0.553     0.100    -0.051     0.018
     1.180     1.115     1.015     1.200     1.195     0.574     0.542     0.659     0.498     0.460     3.000   -16.860    -0.018     2.000     0.000     0.000     0.000     0.991     1.988     3.012     4.003     1.170     0.116     0.002     0.034     0.605     0.069    -0.023     0.017
     2.640     2.490     2.705         *         *     0.707     0.687     0.610         *         *    11.000    -4.931     0.134     1.000     0.000     0.000     0.000     1.032     1.993         *         *     2.630     0.126    -0.032     0.039     0.710     0.076    -0.016     0.018
     2.275     2.420     2.175     1.940         *     0.498     0.728     0.697     0.469     0.498    16.000     3.127    -0.018     0.000     0.000     0.000     0.000     0.961     1.982     2.976     3.959     2.334     0.118    -0.093     0.037     0.659     0.069    -0.029     0.017
     2.985     2.685     2.645         *         *         *     0.697     0.488         *         *    11.000   -11.885     0.083     1.000     0.000     0.000     0.000     0.816     1.829         *         *     2.790     0.125    -0.046     0.039     0.687     0.087    -0.006     0.018
     2.525     2.075     2.375     2.210     2.160     0.774     0.524     0.498     0.625     0.439     9.000    -0.969    -0.069     0.000     0.000     0.000     0.000     0.895     1.851     2.812     3.806     2.405     0.114    -0.082     0.035     0.628     0.068    -0.016     0.017
     2.990     2.765         *         *         *     0.488     0.443         *         *         *     7.000    -6.188    -0.018     1.000     0.000     0.000     0.000     0.997         *         *         *     2.838     0.146    -0.069     0.039     0.573     0.084     0.010     0.018
     0.890         *         *         *     0.865     0.774     0.697         *     0.443     0.443     9.000     8.216    -0.018     1.000     1.000     0.000     0.000     0.972     1.952     2.965     3.959     1.059     0.159    -0.057     0.035     0.685     0.073    -0.068     0.017
     1.485     1.520     1.280     1.350     1.220     0.750     0.813         *     0.697     0.488     9.000    -4.482     0.083     0.000     0.000     0.000     0.000     0.761     1.760     2.762     3.775     1.529     0.113    -0.066     0.035     0.735     0.072    -0.038     0.017
     2.930     2.795     2.475     1.745     2.440     0.813     0.610     0.813     0.406     0.610     9.000    -1.317     0.058     0.000     0.000     0.000     0.000     0.964     1.996     2.979     3.997     2.679     0.115    -0.108     0.034     0.685     0.069    -0.010     0.017
     1.740     2.045     1.625     2.115     1.885     0.871     1.219     0.697     0.717     0.995    10.000    -2.683     0.160     0.000     0.000     0.000     0.000     1.027     1.990     2.982     4.003     2.004     0.116    -0.044     0.034     0.908     0.069    -0.033     0.017
     3.355     2.685     1.450     2.860         *     0.887     0.827     0.750     0.841     1.283     9.000   -14.773     0.033     0.000     0.000     0.000     0.000     0.994     1.988     3.006     3.981     2.782     0.118    -0.118     0.037     0.867     0.069     0.013     0.017
     0.475         *         *         *         *     0.508     0.633     0.524         *         *     5.000   -10.461    -0.094     0.000     0.000     0.000     0.000     0.868     2.114         *         *     0.749     0.195    -0.061     0.039     0.595     0.076    -0.036     0.018
     2.760     2.655     2.875     2.760     2.860     1.134     0.548     1.084         *     0.610    18.000     7.989     0.058     0.000     0.000     0.000     0.000     0.643     1.676     2.672     3.677     2.860     0.112    -0.057     0.035     0.874     0.071    -0.038     0.017
     2.855     2.990         *         *         *     0.542     0.610         *         *         *     7.000     0.523     0.109     0.000     0.000     1.000     0.000     1.010         *         *         *     2.880     0.146    -0.050     0.039     0.618     0.084     0.016     0.018
     2.305     2.235     1.625     1.610         *     0.513     0.530         *     0.244         *    12.000     8.296     0.185     0.000     0.000     0.000     0.000     0.901     1.914     2.894         *     2.081     0.117    -0.091     0.037     0.534     0.077    -0.033     0.017
     1.810         *         *         *         *     0.488         *         *         *         *     3.000   -11.849     0.033     0.000     0.000     0.000     0.000         *         *         *         *     1.906     0.196    -0.069     0.039     0.593     0.100    -0.006     0.018
     0.815         *         *         *         *     0.739         *         *         *         *     9.000     7.762    -0.018     0.000     1.000     0.000     0.000         *         *         *         *     0.993     0.196    -0.090     0.039     0.643     0.100    -0.068     0.018
     1.920     1.975     2.050     1.940     1.665     0.856     0.956     0.460     0.633     0.813     7.000     4.501    -0.018     0.000     0.000     0.000     0.000     1.002     2.015     3.028     4.019     2.083     0.116    -0.083     0.034     0.755     0.069    -0.021     0.017
     1.800     2.180     2.235     1.875     1.725     0.488         *         *         *         *    -1.000   -15.885    -0.044     2.000     0.000     1.000     0.000     0.591     1.626     2.702     4.066     1.965     0.113    -0.004     0.034     0.569     0.100     0.026     0.017
     2.705         *     1.935         *         *     0.813         *     0.610         *         *    11.000     0.649     0.083     0.000     0.000     0.000     0.000     1.016     2.007         *         *     2.423     0.150    -0.096     0.039     0.727     0.086    -0.019     0.018
     2.775     2.420     2.290     2.020     2.095     0.668     0.903     0.739     0.305     0.610     5.000    11.784     0.058     0.000     1.000     0.000     0.000     0.643     1.681     2.656     3.661     2.518     0.111    -0.127     0.035     0.677     0.067    -0.027     0.017
     2.085     1.960     1.720         *         *     0.717     0.633     0.668     0.617         *     5.000    11.425    -0.018     0.000     0.000     0.000     0.000     0.966     1.971     3.012         *     2.024     0.126    -0.105     0.038     0.655     0.071    -0.016     0.017
     1.135     1.070     1.035     1.035         *     0.799     0.707     0.548     0.617         *     7.000     1.949    -0.018     1.000     0.000     0.000     0.000     1.016     2.012     3.006         *     1.177     0.119    -0.044     0.037     0.693     0.071    -0.040     0.017
     2.255         *         *         *         *     0.519         *         *         *         *    11.000   -11.559     0.007     0.000     0.000     1.000     0.000         *         *         *         *     2.265     0.196    -0.042     0.039     0.652     0.100     0.002     0.018
     2.775         *     2.275     2.490         *     0.435     0.351     0.413     0.456         *    11.000    -2.595     0.058     0.000     0.000     0.000     0.000     1.032     1.687     2.672     3.715     2.609     0.132    -0.084     0.038     0.507     0.070    -0.008     0.018
     1.835     1.465         *         *         *     0.406     0.348         *         *         *     7.000    10.483    -0.044     1.000     1.000     0.000     0.000     0.999         *         *         *     1.677     0.146    -0.089     0.039     0.468     0.084    -0.039     0.018
     2.960     2.465         *         *         *     0.309     0.351         *         *         *     5.000     7.006    -0.018     0.000     0.000     0.000     0.000     0.936         *         *         *     2.689     0.146    -0.116     0.039     0.451     0.084     0.010     0.018
     3.150     3.140     3.210         *         *     0.813         *     0.488         *         *     9.000     4.550     0.134     0.000     0.000     0.000     0.000     1.010     2.010         *         *     3.187     0.126    -0.076     0.039     0.691     0.086    -0.005     0.018
     1.665     1.470     0.795     1.415     1.510     0.799     0.413     0.774     0.456     0.325     9.000    -3.422    -0.069     0.000     0.000     0.000     0.000     1.021     2.029     3.031     3.986     1.525     0.116    -0.067     0.034     0.640     0.069    -0.038     0.017
     2.600     2.485     2.320     2.340         *     1.134     0.289     0.659     0.625     0.717    14.000     4.868     0.083     0.000     0.000     0.000     0.000     0.956     1.952     2.930     3.923     2.547     0.117    -0.081     0.037     0.740     0.068    -0.028     0.017
     2.055     1.770     1.980         *         *     0.542     0.488     0.443         *         *     5.000     4.559     0.033     1.000     0.000     0.000     0.000     0.736     1.749         *         *     1.969     0.124    -0.051     0.039     0.537     0.075    -0.016     0.018
     2.845     2.225     2.560     2.745         *     0.762         *     0.697     0.610         *    11.000   -11.896     0.058     0.000     0.000     0.000     0.000     1.005     1.985     2.984         *     2.678     0.118    -0.060     0.037     0.743     0.078    -0.013     0.017
     1.490         *         *     1.145         *         *         *         *         *         *     8.000    -8.851     0.033     2.000     0.000     0.000     0.000     0.936     1.864     2.894     3.888     1.413     0.156    -0.016     0.038     0.667     0.133    -0.030     0.018
     2.120     1.920     2.215     2.345     2.285     0.827     0.642         *     0.813     0.813    14.000     1.755     0.058     0.000     0.000     0.000     0.000     1.002     1.687     2.686     3.702     2.277     0.113    -0.049     0.035     0.804     0.073    -0.031     0.017
     1.795         *     1.860         *         *     0.633     0.687         *     0.762     0.813     5.000    -7.869     0.007     1.000     0.000     0.000     0.000     0.758     1.785     2.793     3.789     1.918     0.148    -0.048     0.038     0.717     0.072    -0.008     0.017
     2.805     3.200         *         *         *     0.995     0.856     0.697     0.728     0.827    13.000    -1.418     0.134     0.000     0.000     0.000     0.000     1.038     2.182     3.165     3.986     3.004     0.145    -0.067     0.039     0.846     0.069    -0.018     0.017
     2.445         *         *         *         *     0.813     0.813         *         *         *     5.000   -15.989     0.007     1.000     0.000     0.000     0.000     0.917         *         *         *     2.454     0.195    -0.046     0.039     0.788     0.084     0.000     0.018
     2.305     2.825     2.585     2.670     2.515     1.161     1.134     0.995     0.642     0.799     9.000     6.229     0.033     1.000     0.000     0.000     0.000     0.958     1.990     3.009     4.022     2.625     0.116    -0.032     0.034     0.941     0.069    -0.029     0.017
     2.360     2.010         *         *         *     1.060     0.799         *         *         *    11.000    -1.613     0.033     1.000     1.000     0.000     0.000     1.002         *         *         *     2.227     0.146    -0.072     0.039     0.861     0.084    -0.044     0.018
     2.630     2.220         *         *         *     0.956     0.813         *         *         *     9.000    -2.119    -0.018     1.000     0.000     0.000     0.000     0.964     1.993         *         *     2.441     0.146    -0.064     0.039     0.821     0.084    -0.014     0.018
     2.240         *     2.075         *         *     0.762     0.303     1.016     1.108     0.697    10.000    -6.760     0.134     1.000     0.000     0.000     0.000     0.747     1.793     2.787     3.786     2.253     0.148    -0.045     0.038     0.779     0.068    -0.011     0.017
     2.165     2.345     2.270     2.055     2.290     0.610     0.567     0.642     0.659     0.498     9.000     4.767    -0.018     0.000     0.000     0.000     0.000     1.068     2.029     2.992     4.027     2.354     0.116    -0.070     0.034     0.641     0.069    -0.018     0.017
     1.155         *         *         *         *     0.413         *         *         *         *     6.000     7.666    -0.069     0.000     0.000     1.000     0.000         *         *         *         *     1.225     0.196    -0.053     0.039     0.479     0.100    -0.016     0.018
     3.045         *         *         *         *     0.488         *         *         *         *    10.000     8.619     0.058     1.000     0.000     0.000     0.000         *         *         *         *     2.877     0.196    -0.071     0.039     0.604     0.100    -0.005     0.018
     1.160         *         *         *         *     0.393         *         *         *         *     4.000     6.732     0.058     1.000     0.000     0.000     0.000         *         *         *         *     1.260     0.196    -0.038     0.039     0.476     0.100    -0.031     0.018
     2.510     2.695         *     2.380     2.515     0.799     0.581     0.841     0.610     0.542     5.000    -3.693     0.007     1.000     0.000     0.000     0.000     1.024     1.974     2.992     4.003     2.586     0.124    -0.044     0.034     0.692     0.069    -0.006     0.017
     1.120     0.995     1.030         *     1.135     0.871     0.975     0.739         *     0.513     5.000    -9.194    -0.196     0.000     0.000     0.000     0.000     1.320     1.966     2.971     3.986     1.237     0.122    -0.069     0.035     0.786     0.072    -0.033     0.017
     2.920         *         *         *     3.285     0.956     0.305     0.871     0.813     0.813     9.000   -13.240     0.109     1.000     0.000     0.000     0.000     1.418     2.590     3.493     4.925     3.062     0.163    -0.005     0.033     0.770     0.071    -0.002     0.016
     3.105     2.740     2.615         *         *     0.787     0.856     0.871     0.827     0.903     8.000    -7.778     0.058     1.000     0.000     0.000     0.000     0.797     1.774     2.836     3.792     2.861     0.124    -0.066     0.038     0.824     0.068     0.003     0.017
     1.900     2.040         *         *         *     0.567     0.530     0.364         *         *     9.000    10.880    -0.044     0.000     0.000     0.000     0.000     0.687     1.760         *         *     1.986     0.145    -0.095     0.039     0.541     0.075    -0.024     0.018
     1.950     1.950         *     1.565         *     0.813     0.406         *     0.488     0.813     7.000   -19.069    -0.120     0.000     0.000     0.000     0.000     1.180         *     3.047     4.364     1.980     0.130    -0.092     0.037     0.667     0.074    -0.004     0.017
     2.290     1.785         *         *         *     0.536         *         *         *         *     9.000     7.628    -0.196     0.000     0.000     0.000     0.000     1.098         *         *         *     2.079     0.147    -0.126     0.039     0.590     0.100    -0.012     0.018
     2.505     2.270     2.115     2.355         *     0.887     0.707     0.728     0.774     0.787     1.000    -1.462    -0.018     1.000     0.000     0.000     0.000     0.999     2.010     3.006     4.005     2.394     0.118    -0.063     0.037     0.740     0.069     0.003     0.017
     1.915         *         *         *         *     0.305         *         *         *         *    -2.000     1.684    -0.120     0.000     0.000     1.000     0.000         *         *         *         *     1.854     0.196    -0.075     0.039     0.429     0.100     0.023     0.018
     2.790     2.750     2.705         *         *         *     0.610     0.488         *         *    10.000     5.873     0.007     0.000     0.000     0.000     0.000     0.997     2.004         *         *     2.796     0.126    -0.094     0.039     0.621     0.088    -0.008     0.018
     2.515     2.570     2.390         *     2.005     0.668     1.524     0.956     0.813     0.813    14.000     2.297    -0.018     0.000     0.000     0.000     0.000     0.986     1.990     3.009     4.025     2.561     0.120    -0.106     0.035     0.945     0.069    -0.023     0.017
     2.830     2.250     2.005     1.960     1.915     0.659     0.536     0.750     0.677     0.548     7.000     0.542    -0.044     1.000     1.000     0.000     0.000     1.070     2.031     2.990     4.022     2.416     0.116    -0.118     0.034     0.669     0.069    -0.017     0.017
     2.030         *         *         *         *     0.248         *         *         *         *     5.000     0.356    -0.145     0.000     0.000     1.000     0.000         *         *         *         *     1.964     0.196    -0.075     0.039     0.450     0.100     0.013     0.018
     3.210     3.205         *         *         *     0.375     0.697         *         *         *     9.000    -4.186     0.109     0.000     0.000     0.000     0.000     0.997         *         *         *     3.187     0.146    -0.087     0.039     0.628     0.084     0.010     0.018
     2.585     2.535         *     2.965         *     0.542         *         *         *         *     4.000   -21.032     0.083     0.000     0.000     0.000     0.000     0.961     1.952     3.031     4.019     2.744     0.131    -0.040     0.037     0.686     0.100     0.009     0.018
     1.400     1.635         *         *         *     0.378     0.443         *         *         *     9.000    -0.153     0.083     0.000     0.000     0.000     0.000     1.013         *         *         *     1.605     0.146    -0.059     0.039     0.515     0.084    -0.031     0.018
     2.785     2.760         *         *         *     0.813     1.283         *         *         *     9.000    -8.698     0.058     1.000     0.000     0.000     0.000     1.002         *         *         *     2.791     0.146    -0.051     0.039     0.938     0.084    -0.006     0.018
     1.735     1.700         *     1.555         *     0.975     1.134         *     0.375         *     5.000    -5.665     0.058     0.000     1.000     0.000     0.000     0.849     1.845     2.992         *     1.796     0.129    -0.079     0.037     0.827     0.077    -0.049     0.017
     2.240     2.160     1.975     1.545     1.965     0.498     0.617     0.554     0.452     0.536     5.000     1.933    -0.018     1.000     1.000     0.000     0.000     1.060     1.993     3.028     4.041     2.146     0.116    -0.089     0.034     0.589     0.069    -0.023     0.017
     1.445     1.520     1.510         *         *     0.774     0.856     0.799     1.016     0.856     5.000     4.197    -0.018     0.000     0.000     0.000     0.000     0.758     1.919     3.050     3.956     1.633     0.124    -0.091     0.038     0.824     0.068    -0.018     0.017
     2.160     2.140     1.920     1.910     1.980     0.633     0.856     0.524     0.396     0.625    10.000     0.372     0.033     0.000     0.000     0.000     0.000     0.871     1.947     2.973     3.981     2.166     0.115    -0.073     0.034     0.667     0.068    -0.026     0.017
     2.270     2.495     2.625         *         *     0.938     0.920     0.799     0.799     0.697     5.000    -3.587     0.083     1.000     0.000     1.000     0.000     1.018     1.993     3.173     3.967     2.436     0.125     0.005     0.038     0.801     0.069    -0.001     0.017
     2.685     2.225         *         *         *     0.406         *         *         *         *    -4.000    -1.470    -0.120     0.000     0.000     1.000     0.000     0.873     2.157         *         *     2.422     0.146    -0.089     0.039     0.493     0.100     0.041     0.018
     2.910     2.475     2.885         *         *     0.697     0.677     0.739     0.799     0.739     9.000     2.757     0.058     0.000     1.000     0.000     0.000     0.783     1.766     2.804     3.896     2.826     0.124    -0.112     0.038     0.752     0.068    -0.018     0.017
     1.015     0.835         *         *         *     0.348     0.244         *         *         *    -3.000     5.829    -0.120     1.000     0.000     0.000     0.000     1.142         *         *         *     0.995     0.147    -0.065     0.039     0.364     0.085    -0.014     0.018
     2.210     2.170         *         *         *     0.697     0.542         *         *         *    13.000    -9.062     0.134     0.000     1.000     0.000     0.000     0.988         *         *         *     2.259     0.146    -0.077     0.039     0.700     0.084    -0.042     0.018
     2.050     2.075     1.565         *         *     0.478     0.498     0.717         *         *     7.000     3.373    -0.018     0.000     0.000     0.000     0.000     0.991     1.993         *         *     2.010     0.126    -0.103     0.039     0.591     0.076    -0.012     0.018
     2.970         *         *         *         *     0.610         *         *         *         *     9.000   -15.110     0.109     1.000     0.000     0.000     0.000         *         *         *         *     2.915     0.196    -0.041     0.039     0.727     0.100     0.003     0.018
     1.570     1.315     0.585     1.160         *     0.508     0.625     0.659     0.473         *     2.000     6.976    -0.069     0.000     1.000     0.000     0.000     0.860     1.840     2.875         *     1.362     0.117    -0.129     0.037     0.590     0.070    -0.034     0.017
     2.390         *         *         *         *     0.813         *         *         *         *     7.000   -10.869     0.033     0.000     0.000     0.000     0.000         *         *         *         *     2.427     0.196    -0.076     0.039     0.773     0.100    -0.007     0.018
     2.410     1.960     1.630     1.890         *     0.707     0.799     0.707         *     0.650     9.000    -2.344     0.109     0.000     0.000     1.000     0.000     0.977     1.988     3.012     3.962     2.073     0.118    -0.057     0.037     0.714     0.072    -0.007     0.017
     2.695     2.815         *         *     2.485     0.728     0.841     1.016     1.084     0.813     8.000   -12.931     0.033     1.000     0.000     0.000     0.000     0.693     1.728     2.700     3.644     2.749     0.130    -0.059     0.035     0.864     0.067     0.004     0.017
     1.840         *         *         *         *     0.375         *         *         *         *     5.000    -1.038     0.058     0.000     0.000     1.000     0.000         *         *         *         *     1.863     0.196    -0.041     0.039     0.510     0.100     0.001     0.018
     2.385     2.110     2.110         *         *     0.799     0.642     0.503     0.513     0.503     9.000    -2.935     0.007     1.000     0.000     0.000     0.000     0.747     1.760     2.853     3.849     2.227     0.124    -0.049     0.038     0.651     0.068    -0.022     0.017
     3.285     3.145     3.065     3.185         *     0.567     0.530     1.016     0.697     0.871    21.000    -6.637     0.134     0.000     0.000     0.000     0.000     1.013     2.127     3.003     4.189     3.272     0.118    -0.075     0.036     0.787     0.069    -0.011     0.017
     1.670         *         *         *         *     0.287         *         *         *         *     5.000     6.330    -0.069     1.000     0.000     1.000     0.000         *         *         *         *     1.628     0.196    -0.031     0.039     0.437     0.100    -0.002     0.018
     1.690     1.380         *         *     1.200     0.554     0.668         *     0.400     0.330     6.000    -1.615     0.058     0.000     0.000     0.000     0.000     0.920         *     3.403     3.932     1.579     0.132    -0.074     0.035     0.573     0.074    -0.030     0.017
     3.095     2.880     2.940         *         *     0.728     0.813     0.677     0.642     0.633    12.000     3.266     0.109     1.000     1.000     0.000     0.000     1.010     1.966     3.012     3.981     2.994     0.125    -0.074     0.038     0.757     0.069    -0.029     0.017
     2.460     2.215     2.290     2.150     2.095     0.617     0.503     0.697     0.588     0.813     5.000     2.741     0.007     1.000     0.000     1.000     0.000     0.994     2.015     3.028     4.000     2.309     0.116    -0.041     0.034     0.614     0.069     0.014     0.017
     2.145     2.180     1.775         *         *         *         *     0.287         *         *     5.000    -2.672    -0.044     1.000     0.000     0.000     0.000     0.972     2.012         *         *     2.079     0.126    -0.064     0.039     0.505     0.104    -0.007     0.018
     2.025         *         *         *         *     0.488         *         *         *         *    11.000     6.018     0.007     1.000     0.000     1.000     0.000         *         *         *         *     1.976     0.196    -0.022     0.039     0.573     0.100    -0.012     0.018
     3.220     2.870     2.820         *         *     0.813         *     0.488         *         *    11.000    -2.757     0.160     1.000     0.000     0.000     0.000     0.690     1.648         *         *     2.971     0.124    -0.048     0.039     0.708     0.085    -0.010     0.018
     1.750     1.740     1.660     1.270     1.235     0.650     0.530     0.348     0.265     0.271     9.000    13.177     0.007     0.000     0.000     0.000     0.000     0.983     2.004     3.017     4.027     1.724     0.116    -0.097     0.034     0.514     0.069    -0.038     0.017
     2.950     2.860     2.750     2.350         *         *         *     0.406         *         *    11.000    -2.957     0.210     1.000     0.000     0.000     0.000     0.994     1.821     2.845         *     2.783     0.118    -0.051     0.037     0.622     0.104    -0.011     0.018
     1.945         *         *         *         *     0.325         *         *         *         *    -7.000     3.628    -0.196     0.000     0.000     0.000     0.000     1.741         *         *         *     1.877     0.196    -0.125     0.039     0.415     0.100     0.021     0.018
     2.320     2.975     1.500     2.370         *     0.697     0.697     0.739     0.920     0.642     5.000   -11.162    -0.044     0.000     0.000     0.000     0.000     0.520     1.752     2.549     3.565     2.422     0.114    -0.104     0.037     0.728     0.067     0.005     0.017
     2.060     2.325     1.850         *         *     0.975     0.774     0.428     0.677     0.659    15.000     7.023    -0.044     0.000     0.000     0.000     0.000     0.463     1.487     2.724     3.515     2.142     0.122    -0.095     0.039     0.751     0.067    -0.037     0.017
     2.120     2.180     2.340     1.905         *     0.588     0.396     0.413     0.364         *     9.000     9.566     0.083     0.000     0.000     0.000     0.000     1.021     2.012     3.009         *     2.233     0.119    -0.074     0.037     0.521     0.071    -0.025     0.017
     2.415         *         *         *         *     0.697         *         *         *         *     7.000    -1.396     0.058     0.000     0.000     0.000     0.000         *         *         *         *     2.412     0.196    -0.082     0.039     0.693     0.100    -0.010     0.018
     2.320         *     1.935     1.985         *     0.542         *         *         *         *     6.000    -8.778    -0.044     0.000     0.000     1.000     0.000     1.974     3.368     4.301     5.180     2.233     0.149    -0.062     0.035     0.623     0.100     0.013     0.018
     2.210     2.055     2.175         *         *         *     0.610     0.375         *         *    11.000     8.068    -0.044     1.000     1.000     0.000     0.000     0.977     2.308         *         *     2.195     0.127    -0.077     0.038     0.605     0.088    -0.042     0.018
     2.945     2.980     2.630     2.480         *     0.827     0.856     0.750     0.887     0.739    12.000   -12.115     0.058     2.000     0.000     0.000     0.000     0.997     2.289     3.053     3.967     2.800     0.119    -0.035     0.036     0.824     0.069    -0.007     0.017
     2.645     2.570     2.835     2.950     2.505     0.903     1.134     0.659     0.762     0.728     5.000     2.801     0.007     1.000     0.000     0.000     0.000     0.980     1.960     2.990     4.005     2.753     0.115    -0.040     0.034     0.821     0.068    -0.010     0.017
     1.905         *         *     1.815         *     0.406         *         *         *         *    -4.000   -15.997    -0.094     1.000     0.000     0.000     0.000     0.977     2.086     3.028         *     1.947     0.157    -0.055     0.037     0.531     0.100     0.017     0.018
     1.350     1.550     1.295     1.620     1.425     0.659     0.707         *     0.443     0.232     6.000     1.897     0.058     0.000     0.000     1.000     0.000     0.865     1.870     2.867     3.882     1.483     0.114    -0.014     0.034     0.576     0.073    -0.028     0.017
     1.235         *         *         *         *     0.406         *         *         *         *    13.000    -1.547     0.083     0.000     0.000     0.000     0.000         *         *         *         *     1.410     0.196    -0.054     0.039     0.564     0.100    -0.044     0.018
     2.540     2.480         *     2.535     2.675     0.728         *         *         *         *     9.000   -13.038    -0.094     1.000     0.000     1.000     0.000     1.169     2.051     3.209     4.077     2.552     0.128    -0.009     0.035     0.747     0.100     0.010     0.018
     2.730     2.515         *         *         *         *     0.975         *         *         *     9.000    -5.076     0.007     1.000     0.000     1.000     0.000     0.997         *         *         *     2.600     0.146    -0.027     0.039     0.826     0.102     0.006     0.018
         *         *         *         *     1.470     0.659         *     0.813     0.677     0.677    14.000     2.387     0.033     1.000     0.000     0.000     0.000         *     1.900     2.875     3.910     1.818     0.240    -0.060     0.040     0.756     0.075    -0.034     0.018
         *         *         *         *     1.705     0.813     0.903     1.219     0.728     0.750    11.000     7.129     0.160     0.000     0.000     1.000     0.000     0.925     1.958     2.916     3.948     1.998     0.241    -0.048     0.040     0.861     0.069    -0.021     0.018
         *         *         *         *         *     0.813     0.739     0.813     0.617         *     3.000     5.421    -0.094     0.000     0.000     0.000     0.000     0.945     1.949     2.930         *     2.026     0.477    -0.105     0.040     0.717     0.071    -0.011     0.020
         *         *         *         *     2.155     0.642     0.717     0.813     0.739     0.856    11.000     2.628     0.033     1.000     0.000     0.000     0.000     0.890     1.938     2.913     3.880     2.405     0.240    -0.064     0.040     0.757     0.069    -0.013     0.018
         *         *         *         *     2.520     0.813     0.595     1.283     1.219     1.219     9.000     3.704    -0.018     0.000     0.000     0.000     0.000     0.953     1.971     2.965     3.923     3.017     0.240    -0.128     0.040     0.924     0.069     0.017     0.018
         *         *         *         *     1.940     0.739     0.460     0.274     0.750     0.762     9.000    -2.732     0.058     0.000     1.000     0.000     0.000     0.950     1.952     2.905     3.904     2.372     0.240    -0.107     0.040     0.655     0.069    -0.023     0.018
         *         *         *         *     2.290     0.054     0.697     0.610     0.633     0.595     5.000    -1.380     0.083     1.000     0.000     0.000     0.000     0.956     1.969     2.910     3.948     2.465     0.241    -0.054     0.040     0.535     0.069     0.007     0.018
         *         *         *         *         *     0.610     0.871     0.813     0.841         *    10.000     3.745    -0.044     1.000     0.000     0.000     0.000     0.871     1.900     2.872         *     2.224     0.478    -0.070     0.040     0.769     0.071    -0.016     0.020
         *         *         *         *     1.385     0.813     1.060     0.717     0.903     0.841     5.000     1.604     0.109     0.000     0.000     0.000     0.000     1.029     2.034     3.025     3.997     1.927     0.242    -0.095     0.039     0.838     0.069    -0.017     0.018
         *         *         *         *     1.340     0.642     0.460     0.364     0.269     0.119    11.000     6.724     0.058     0.000     0.000     0.000     0.000     1.060     2.067     3.064     4.057     1.623     0.242    -0.063     0.039     0.512     0.069    -0.049     0.018
         *         *         *         *     2.945     0.581     0.871     1.219     0.827     0.728     9.000     0.914     0.033     0.000     0.000     0.000     0.000     1.024     2.012     3.012     3.989     3.183     0.241    -0.091     0.039     0.816     0.069     0.004     0.018
         *         *         *         *     2.695     1.060     0.938     0.697     0.920     1.250    14.000    -0.304     0.083     0.000     0.000     0.000     0.000     0.977     1.960     2.957     3.951     3.053     0.241    -0.094     0.040     0.942     0.069    -0.007     0.018
         *         *         *         *     2.385     0.595     0.677     0.642     0.554     0.574     8.000    -0.791     0.134     0.000     0.000     1.000     0.000     1.002     1.977     2.971     4.000     2.443     0.242    -0.029     0.039     0.629     0.069    -0.002     0.018
         *         *         *         *     0.985     0.259     0.118     0.249     0.292     0.238     5.000     8.589     0.007     0.000     0.000     0.000     0.000     0.980     1.966     2.960     3.959     1.398     0.241    -0.089     0.040     0.333     0.069    -0.023     0.018
         *         *         *         *         *     0.659     0.610     0.375     0.503     0.188     8.000    -3.436     0.109     0.000     0.000     1.000     0.000     0.997     1.969     2.968     3.962     1.841     0.463    -0.015     0.040     0.549     0.069    -0.022     0.019
         *         *         *         *         *     0.554     0.567     0.610     0.561         *    14.000     9.541     0.033     0.000     0.000     0.000     0.000     0.966     1.941     2.943     3.959     2.179     0.477    -0.089     0.040     0.633     0.071    -0.030     0.020
         *         *         *         *     1.500     0.469     0.659     0.762         *     0.650     7.000    -3.598     0.033     1.000     0.000     0.000     0.000     1.117     2.037         *     4.022     1.838     0.243    -0.059     0.040     0.656     0.072    -0.014     0.018
         *         *         *         *     1.730     0.717     0.542     0.787     0.581     0.728     9.000     5.366     0.033     0.000     0.000     0.000     0.000     1.070     1.990     3.025     4.011     2.150     0.242    -0.095     0.039     0.694     0.069    -0.018     0.018
         *         *         *         *     2.250     0.841     0.841     1.108     1.108     1.084     6.000    -6.658     0.058     1.000     0.000     0.000     0.000     1.065     1.979     3.014     3.986     2.593     0.241    -0.070     0.039     0.919     0.069     0.007     0.018
         *         *         *         *     1.935     0.739     0.498     0.697     0.567     0.938    13.000     1.969     0.033     1.000     0.000     0.000     0.000     1.087     2.007     3.028     4.019     2.225     0.242    -0.063     0.039     0.719     0.069    -0.019     0.018
         *         *         *         *     2.675     0.581     0.301         *         *         *    13.000    -6.215     0.007     0.000     0.000     0.000     0.000     1.070     1.985     3.003     3.986     2.861     0.250    -0.075     0.041     0.591     0.084    -0.007     0.019
         *         *         *         *         *     0.717     0.581         *     0.625         *     6.000     4.961     0.083     1.000     0.000     0.000     0.000     1.065     1.993     3.017         *     2.084     0.480    -0.048     0.040     0.654     0.077    -0.019     0.020
         *         *     0.815     2.035     1.895     0.659     0.677     0.677     0.530     0.530     5.000     1.372     0.033     1.000     0.000     1.000     0.000     1.024     2.015     3.009     3.997     1.516     0.164     0.026     0.038     0.640     0.069    -0.020     0.017
         *         *     1.845         *     1.255     0.762     0.799     0.938         *     0.625     5.000     3.589     0.007     0.000     0.000     1.000     0.000     0.972     1.971         *     3.964     1.793     0.182    -0.071     0.039     0.738     0.072    -0.006     0.018
     1.215         *         *         *         *     0.610         *         *         *         *     5.000    -1.070     0.160     1.000     0.000     0.000     0.000     1.128         *         *         *     1.375     0.196    -0.016     0.039     0.605     0.100    -0.035     0.018
     2.375     2.245     2.400         *         *     0.581     0.595     0.488         *         *    15.000   -10.439     0.109     1.000     1.000     1.000     0.000     1.229     2.533         *         *     2.339     0.129    -0.011     0.038     0.656     0.077    -0.029     0.018
     3.265     2.945     2.760     3.490     3.260     0.524     0.406         *         *     0.305     6.000     3.452     0.160     1.000     0.000     0.000     0.000     0.652     1.689     2.661     3.674     3.117     0.112    -0.014     0.035     0.513     0.077    -0.004     0.017
     1.720     2.135     1.805     1.610         *     0.887         *         *     0.697         *     9.000     0.392     0.083     1.000     0.000     1.000     0.000     1.005     1.990     3.023         *     1.850     0.119    -0.013     0.037     0.748     0.087    -0.017     0.017
     2.735     2.620     2.525     2.600     2.515     1.161     0.739     1.161     1.219     0.697     5.000    -6.872    -0.018     1.000     0.000     0.000     0.000     0.961     1.955     2.831     3.973     2.699     0.115    -0.056     0.034     0.942     0.068    -0.003     0.017
     2.640         *         *         *         *     0.443         *         *         *         *    12.000   -12.591     0.058     1.000     0.000     0.000     0.000     1.229         *         *         *     2.610     0.196    -0.043     0.039     0.652     0.100    -0.007     0.018
     3.535         *     3.630         *         *     0.956     0.827     0.975     0.956     0.975     9.000    -4.980     0.134     1.000     0.000     0.000     0.000     1.070     2.029     3.173     3.964     3.552     0.149    -0.050     0.038     0.894     0.069     0.009     0.017
     2.920     2.955     3.060         *         *     0.381     0.317         *     0.508         *     7.000    -5.840     0.160     1.000     1.000     0.000     0.000     1.084     2.103     3.086         *     2.980     0.127    -0.053     0.038     0.521     0.077    -0.010     0.017
     2.290     2.175         *         *         *     0.813         *         *         *         *     9.000     2.913     0.083     0.000     0.000     0.000     0.000     1.024         *         *         *     2.285     0.146    -0.079     0.039     0.737     0.100    -0.022     0.018
     1.765         *         *         *         *     0.384         *         *         *         *    -3.000     8.569    -0.018     1.000     0.000     1.000     0.000         *         *         *         *     1.700     0.196    -0.033     0.039     0.431     0.100     0.013     0.018
     1.025         *         *         *         *     0.668     0.375         *         *         *     4.000    -0.742    -0.069     2.000     0.000     0.000     0.000     1.018         *         *         *     1.116     0.195    -0.012     0.039     0.550     0.084    -0.031     0.018
     1.140     1.210     1.170         *         *     0.561     0.581     0.617     0.610     0.493     9.000     0.736     0.134     1.000     0.000     0.000     0.000     0.750     1.774     2.787     3.781     1.260     0.124    -0.023     0.038     0.641     0.068    -0.042     0.017
     3.170     2.160     2.375     2.310         *     0.697         *     0.739     0.610         *     7.000     3.354     0.058     0.000     0.000     1.000     0.000     1.049     1.979     2.987         *     2.602     0.119    -0.080     0.037     0.663     0.078     0.011     0.017
     2.905     2.875         *         *         *     0.610     0.813         *         *         *    15.000    -1.796     0.058     1.000     0.000     0.000     0.000     0.556         *         *         *     2.860     0.145    -0.055     0.039     0.748     0.084    -0.015     0.018
     1.665         *         *         *         *     0.488         *         *         *         *    10.000     4.819     0.185     1.000     1.000     0.000     0.000         *         *         *         *     1.731     0.196    -0.045     0.039     0.578     0.100    -0.053     0.018
     2.730         *     2.790     2.885     2.730     0.728     0.762         *     0.542     0.610    11.000     0.734     0.058     1.000     0.000     0.000     0.000     0.997     2.018     3.075     4.044     2.818     0.130    -0.031     0.035     0.712     0.073    -0.018     0.017
     2.630     2.755         *         *         *     0.799     1.189         *         *         *    11.000    -7.105     0.109     0.000     0.000     0.000     0.000     0.490         *         *         *     2.724     0.145    -0.071     0.039     0.912     0.084    -0.016     0.018
     2.950     2.765     2.785     2.070     1.940     0.975     0.841         *         *     0.542     9.000    -7.899     0.134     0.000     0.000     0.000     0.000     0.706     1.470     2.475     3.461     2.689     0.110    -0.114     0.035     0.794     0.077    -0.010     0.017
     2.615     2.225     2.610         *         *         *     0.488     0.488         *         *    13.000     0.879     0.058     0.000     0.000     0.000     0.000     0.991     1.990         *         *     2.539     0.126    -0.075     0.039     0.611     0.088    -0.020     0.018
     2.055     2.150         *         *         *     0.610     0.257         *         *         *    11.000     7.789    -0.018     1.000     0.000     0.000     0.000     0.778         *         *         *     2.092     0.145    -0.059     0.039     0.529     0.084    -0.024     0.018
     2.995     3.065     3.005     2.845         *     0.717     0.841     1.318     0.856     0.827     5.000    -0.389     0.058     1.000     0.000     1.000     0.000     1.005     1.993     2.962     3.978     2.990     0.118    -0.032     0.037     0.827     0.069     0.022     0.017
     2.480     2.420     1.550     2.285         *     0.799     0.642     0.707     0.920     0.513    10.000     3.981     0.007     0.000     0.000     0.000     0.000     0.912     1.930     2.908     3.951     2.326     0.117    -0.099     0.037     0.738     0.068    -0.019     0.017
     1.940     1.795     1.745     0.815     1.370     0.610     0.488         *     0.375     0.271     7.000    11.129    -0.171     0.000     1.000     0.000     0.000     0.920     1.878     2.883     3.907     1.804     0.114    -0.149     0.034     0.529     0.073    -0.037     0.017
     2.105     2.275         *         *         *     0.602         *         *         *         *     5.000     3.633     0.083     0.000     0.000     1.000     0.000     1.054         *     3.179     3.978     2.196     0.147    -0.043     0.039     0.607     0.100     0.002     0.018
     2.095         *         *         *         *     0.257         *         *         *         *     5.000    13.651    -0.044     1.000     0.000     0.000     0.000         *         *         *         *     2.000     0.196    -0.077     0.039     0.426     0.100    -0.010     0.018
     3.445         *     2.845     3.035     2.915     1.478     1.134     1.108     0.975         *     9.000    -6.448     0.109     1.000     0.000     0.000     0.000     1.035     1.999     3.009     4.151     3.182     0.131    -0.061     0.035     1.090     0.071    -0.009     0.017
     2.195     2.460     1.910     2.345     1.795     0.920     0.554     0.642         *     0.813     9.000    -9.232     0.083     0.000     0.000     0.000     0.000     0.991     1.988     3.009     3.984     2.311     0.116    -0.078     0.034     0.752     0.072    -0.013     0.017
     1.910         *         *         *         *         *         *         *         *         *     6.000    -6.439    -0.120     1.000     0.000     0.000     0.000         *         *         *         *     1.926     0.196    -0.062     0.039     0.670     0.133    -0.011     0.018
     2.115         *         *         *         *     0.610         *         *         *         *     9.000     0.827     0.134     0.000     0.000     1.000     0.000         *         *         *         *     2.134     0.196    -0.033     0.039     0.640     0.100    -0.009     0.018
     2.340     2.180     1.710         *         *     0.346     0.581     0.396         *         *     6.000     0.339     0.033     1.000     1.000     0.000     0.000     1.073     1.966         *     3.869     2.150     0.127    -0.088     0.039     0.522     0.076    -0.023     0.018
     2.390         *         *         *         *     0.406         *         *         *         *    18.000    14.669     0.058     0.000     1.000     0.000     0.000         *         *         *         *     2.325     0.196    -0.112     0.039     0.577     0.100    -0.052     0.018
     2.530         *         *         *         *     0.659         *         *         *         *     9.000     2.979     0.058     1.000     0.000     1.000     0.000         *         *         *         *     2.435     0.196    -0.022     0.039     0.664     0.100     0.000     0.018
     2.075     2.140     1.975     2.150         *     0.707     0.774     0.799     1.060         *    10.000     0.802    -0.018     1.000     0.000     0.000     0.000     1.013     2.103     3.009         *     2.184     0.119    -0.057     0.037     0.810     0.071    -0.015     0.017
     0.860         *         *         *         *     0.452         *         *         *         *     5.000    10.940     0.007     1.000     0.000     0.000     0.000         *         *         *         *     0.984     0.196    -0.042     0.039     0.482     0.100    -0.040     0.018
     1.595     1.820     1.985         *         *         *     0.697     0.406         *         *    10.000     9.437    -0.120     1.000     0.000     0.000     0.000     0.942     1.960         *         *     1.835     0.126    -0.054     0.039     0.608     0.087    -0.032     0.018
     1.820         *         *         *         *     0.561         *         *         *         *     5.000     3.836     0.109     0.000     0.000     1.000     0.000         *         *         *         *     1.853     0.196    -0.037     0.039     0.576     0.100    -0.007     0.018
     2.810         *         *         *         *     0.610         *         *         *         *    11.000     1.604     0.058     0.000     0.000     0.000     0.000         *         *         *         *     2.741     0.196    -0.091     0.039     0.681     0.100    -0.010     0.018
     1.985     1.910     1.870     1.510         *     0.762     0.625     0.975     0.668     0.799     9.000    -5.834     0.033     1.000     0.000     0.000     0.000     1.073     2.081     3.058     4.047     1.947     0.119    -0.064     0.036     0.776     0.069    -0.017     0.017
     2.980     2.810     1.990     2.075         *     0.610         *     0.975     0.610         *    11.000     6.220     0.033     0.000     0.000     0.000     0.000     1.018     2.007     3.025         *     2.658     0.119    -0.134     0.037     0.726     0.078    -0.006     0.017
     0.940     0.735     0.755         *         *     0.668     0.633     0.287         *     0.513    10.000     6.075    -0.044     1.000     0.000     1.000     0.000     0.917     1.799     2.804     3.778     0.870     0.125    -0.013     0.038     0.578     0.071    -0.037     0.017
     1.815     1.375         *         *         *     0.739     0.827         *         *         *     5.000    -5.958    -0.221     0.000     0.000     1.000     0.000     0.977         *         *         *     1.657     0.146    -0.077     0.039     0.716     0.084     0.002     0.018
     1.335         *         *     1.535     1.805     0.920     0.650     0.813     0.697         *    12.000     1.574    -0.044     0.000     0.000     1.000     0.000     1.008     2.010     3.201     4.172     1.621     0.146    -0.015     0.035     0.776     0.071    -0.031     0.017
     3.250     3.025     3.150     2.985     2.915     0.542     0.542     0.739     0.456     0.687    12.000     5.391     0.007     0.000     0.000     0.000     0.000     0.953     1.916     2.910     3.907     3.201     0.115    -0.091     0.034     0.630     0.068    -0.002     0.017
     1.165     1.160     1.115     1.160         *     0.813     0.625     0.554     0.581     0.469     9.000    -0.348     0.160     2.000     0.000     0.000     0.000     1.054     1.955     2.957     4.129     1.181     0.118     0.011     0.037     0.692     0.069    -0.050     0.017
     1.385     1.335         *     1.315         *         *         *         *         *         *     5.000    -5.029     0.058     1.000     1.000     1.000     0.000     0.972     2.021     3.001         *     1.401     0.131    -0.020     0.037     0.607     0.133    -0.029     0.018
     2.485     2.415     2.445     2.475         *     1.038     0.739     0.588     0.750     0.739     9.000     5.593     0.058     0.000     0.000     0.000     0.000     0.947     2.012     2.806     4.049     2.550     0.117    -0.074     0.037     0.786     0.068    -0.021     0.017
         *     1.765     1.955     1.975     1.685     0.435     0.435     0.452         *     0.245     5.000     5.615    -0.018     1.000     0.000     0.000     0.000     0.966     1.960     2.971     3.995     1.940     0.138    -0.046     0.037     0.473     0.072    -0.019     0.017
     1.150         *         *         *         *     0.400         *         *         *         *    12.000     7.921    -0.018     1.000     0.000     0.000     0.000         *         *         *         *     1.249     0.196    -0.044     0.039     0.517     0.100    -0.045     0.018
     1.480     1.335     1.245         *         *     0.542     0.493         *         *         *     8.000     9.941     0.160     1.000     1.000     0.000     0.000     0.991     1.988         *         *     1.439     0.127    -0.055     0.039     0.559     0.084    -0.057     0.018
     1.160     1.075     0.825         *         *         *     0.542     0.610         *         *     9.000    -1.895     0.033     0.000     1.000     1.000     0.000     0.983     1.999         *         *     1.137     0.126    -0.058     0.039     0.627     0.088    -0.042     0.018
     1.510     1.695         *         *         *     1.060     0.581         *         *         *     5.000    -3.469     0.033     1.000     1.000     0.000     0.000     0.994         *         *         *     1.669     0.146    -0.053     0.039     0.763     0.084    -0.045     0.018
         *         *         *         *         *     0.610     0.697         *         *         *    12.000    -1.103     0.033     1.000     0.000     0.000     0.000     0.994         *         *         *     2.223     0.498    -0.049     0.041     0.687     0.085    -0.023     0.021
     3.065     2.595         *         *         *     0.975     0.581     0.687     0.728     0.633    11.000    -3.554    -0.044     1.000     1.000     0.000     0.000     1.487     2.396     3.589     4.515     2.827     0.146    -0.092     0.038     0.780     0.071    -0.025     0.017
     2.520     2.465     2.340     2.130         *     0.956     0.787     0.707     0.841     1.478    11.000    -0.583     0.058     0.000     0.000     1.000     0.000     1.095     2.089     3.064     4.192     2.501     0.119    -0.077     0.036     0.872     0.069     0.013     0.017
     0.860     0.940     0.805     1.040     0.920     0.841     0.542     0.488         *     0.542     9.000     0.090     0.058     1.000     0.000     1.000     0.000     0.808     1.802     2.804     3.811     0.935     0.113     0.008     0.035     0.644     0.071    -0.038     0.017
     2.010         *         *     1.600         *     0.687     0.610         *     0.595         *    13.000     4.509     0.083     0.000     0.000     0.000     0.000     0.794     1.818     2.987         *     1.970     0.155    -0.083     0.037     0.677     0.077    -0.034     0.017
     1.605     1.695     2.160     1.750         *     0.856     0.536     0.548     0.581     0.887     6.000     5.153    -0.018     0.000     0.000     1.000     0.000     0.605     1.533     2.565     3.584     1.858     0.113    -0.043     0.037     0.667     0.067    -0.005     0.017
     2.290         *         *         *         *     0.498         *         *         *         *     5.000     4.717     0.058     0.000     0.000     0.000     0.000         *         *         *         *     2.266     0.196    -0.088     0.039     0.571     0.100    -0.008     0.018
     2.545     2.650     2.495     2.065         *     0.841     0.813     0.687     0.530     0.625     9.000     2.344    -0.094     1.000     0.000     0.000     0.000     1.021     2.081     2.815     4.030     2.523     0.118    -0.078     0.037     0.722     0.069    -0.013     0.017
     2.575     2.490     2.515     2.400     1.950     0.887     0.677     0.633     0.697     0.697     0.000     8.252     0.033     1.000     1.000     0.000     0.000     1.084     2.059     3.110     4.104     2.562     0.117    -0.097     0.034     0.708     0.069    -0.012     0.017
     2.320     1.885     1.930     2.265     2.020     0.787     0.774     0.750     0.659     0.938     5.000    -8.203     0.033     1.000     0.000     1.000     0.000     0.966     1.889     2.932     3.869     2.120     0.115    -0.016     0.034     0.745     0.068     0.007     0.017
     2.420     2.880     2.630     2.410         *     0.856     0.574     0.554     0.787     0.524    10.000   -11.127     0.033     1.000     0.000     0.000     0.000     0.561     1.591     2.628     3.595     2.620     0.114    -0.043     0.037     0.702     0.067    -0.011     0.017
     2.530     2.785         *         *         *     0.610     0.325         *         *         *    18.000    -5.982     0.033     0.000     0.000     0.000     0.000     0.991         *         *         *     2.668     0.146    -0.073     0.039     0.624     0.084    -0.022     0.018
     2.060     2.040     2.145     2.020         *     1.318     0.887     0.827     0.903     0.813    21.000    -4.167     0.007     0.000     0.000     0.000     0.000     1.016     1.996     3.009     4.055     2.190     0.118    -0.064     0.037     1.009     0.069    -0.053     0.017
     2.370     2.035     1.640     2.085     2.095     0.813     0.697         *     0.488     0.610    11.000     0.778     0.033     0.000     0.000     0.000     0.000     0.964     1.971     3.023     3.967     2.187     0.115    -0.070     0.034     0.712     0.073    -0.029     0.017
     1.350         *     1.220         *         *     0.561         *     0.595     0.406     0.813     6.000     3.825     0.007     1.000     0.000     0.000     0.000         *     2.007     3.006     3.970     1.411     0.149    -0.056     0.038     0.625     0.075    -0.024     0.017
     1.845     1.940     1.520         *         *     0.841     0.717     0.659         *     0.750    14.000     1.990     0.058     1.000     0.000     0.000     0.000     1.018     2.001         *     3.989     1.856     0.126    -0.051     0.038     0.778     0.072    -0.037     0.017
     2.220         *         *         *     2.180     0.707     0.827         *     0.519         *     9.000     3.253     0.134     1.000     0.000     0.000     0.000     0.652         *     2.475     3.606     2.252     0.159    -0.032     0.036     0.703     0.076    -0.027     0.018
     1.870         *         *         *         *     0.305         *         *         *         *    13.000     7.524    -0.018     1.000     1.000     0.000     0.000         *         *         *         *     1.843     0.196    -0.079     0.039     0.507     0.100    -0.047     0.018
     2.035         *         *         *         *     0.406         *         *         *         *     9.000     8.463     0.007     1.000     0.000     0.000     0.000         *         *         *         *     1.999     0.196    -0.060     0.039     0.530     0.100    -0.021     0.018
     2.060     2.585         *         *         *     0.813     0.697         *         *         *     7.000    -0.950     0.033     1.000     0.000     0.000     0.000     0.903         *         *         *     2.327     0.146    -0.044     0.039     0.731     0.084    -0.015     0.018
     2.115         *         *         *         *     0.181         *         *         *         *     6.000    12.115     0.083     1.000     0.000     0.000     0.000         *         *         *         *     2.050     0.196    -0.058     0.039     0.407     0.100    -0.014     0.018
     1.255     1.510         *         *         *     0.827     0.633     0.920         *     0.610    13.000    -9.697     0.007     1.000     0.000     1.000     0.000     1.626     3.335         *     6.111     1.459     0.146     0.007     0.038     0.790     0.077    -0.026     0.016
     2.440     2.680     2.870     2.555     2.535     0.687     0.774     0.739     0.799     1.016     7.000    -3.912     0.058     0.000     0.000     1.000     0.000     0.994     2.144     2.965     3.945     2.686     0.116    -0.040     0.034     0.754     0.069     0.016     0.017
     3.000         *         *         *         *     0.813         *         *         *         *     8.000   -22.094     0.058     0.000     0.000     1.000     0.000         *         *         *         *     2.961     0.196    -0.040     0.039     0.823     0.100     0.022     0.018
     1.625     1.425     1.470     1.345     1.405     0.856     0.677     0.871     0.887     0.938     9.000    -1.969    -0.069     1.000     1.000     0.000     0.000     0.988     2.007     3.009     3.967     1.652     0.116    -0.084     0.034     0.856     0.069    -0.036     0.017
     1.785         *         *         *         *     0.375         *         *         *         *     7.000    15.242    -0.044     1.000     0.000     0.000     0.000     0.712         *         *         *     1.743     0.196    -0.070     0.039     0.474     0.100    -0.024     0.018
     2.470     3.020     2.785     2.895     2.655     0.887     0.717     0.707     0.498     0.697     6.000    -1.498     0.058     0.000     1.000     0.000     0.000     0.956     1.971     3.003     3.964     2.873     0.115    -0.069     0.034     0.746     0.068    -0.024     0.017
     2.395     2.325     2.315     2.225     2.175     0.938     0.717     0.887     0.799     0.762     9.000    -3.381     0.058     1.000     0.000     0.000     0.000     1.038     1.999     3.017     3.986     2.390     0.116    -0.050     0.034     0.824     0.069    -0.016     0.017
     2.790         *         *         *         *     0.871     0.697         *         *         *     5.000   -16.222     0.007     1.000     0.000     0.000     0.000     1.254         *         *         *     2.740     0.195    -0.051     0.039     0.778     0.085     0.007     0.018
     3.220     3.225         *         *         *     0.827     0.813     0.887     0.799     0.813     9.000    -5.292     0.109     1.000     1.000     0.000     0.000     1.046     1.812     2.790     3.989     3.195     0.145    -0.075     0.039     0.838     0.068    -0.013     0.017
     2.850     2.930     2.735     2.655     2.655     1.038     1.016     0.856     0.903     0.841    10.000   -10.418     0.007     1.000     0.000     0.000     0.000     1.068     2.034     2.992     4.019     2.862     0.116    -0.054     0.034     0.917     0.069    -0.008     0.017
     1.740     1.835     1.710         *         *     0.813         *     0.542         *         *    12.000    -4.641     0.109     1.000     0.000     0.000     0.000     1.040     1.960         *         *     1.820     0.126    -0.025     0.039     0.719     0.086    -0.039     0.018
     3.485     2.615     3.380         *         *     1.108         *     0.542         *         *    11.000   -13.769     0.058     1.000     0.000     0.000     0.000     0.923     1.878         *         *     3.158     0.126    -0.043     0.039     0.844     0.086    -0.005     0.018
     0.570     1.215         *         *         *     0.375     0.257         *         *         *     9.000    -0.493     0.007     1.000     0.000     0.000     0.000     1.016         *         *         *     0.979     0.146    -0.019     0.039     0.447     0.084    -0.044     0.018
     2.560     2.440         *         *         *     0.956     0.975     0.827     0.887     0.813    10.000    -2.853     0.109     0.000     0.000     0.000     0.000     0.903     1.766     2.765     3.759     2.554     0.145    -0.075     0.039     0.886     0.068    -0.019     0.017
     1.935         *         *     1.590     1.505     0.367     0.246     0.417         *         *    10.000     5.103     0.083     0.000     0.000     0.000     0.000     1.038     2.114     3.113     4.030     1.889     0.146    -0.084     0.035     0.455     0.076    -0.024     0.018
     1.680     1.710         *         *         *     0.610     0.542         *         *         *    11.000     6.179     0.134     0.000     0.000     0.000     0.000     1.018         *         *         *     1.776     0.146    -0.062     0.039     0.617     0.084    -0.039     0.018
     1.755     2.145     2.410     2.340     2.245     0.650     0.642     0.697         *     0.488     9.000    -4.813     0.109     1.000     0.000     1.000     0.000     0.646     1.676     2.664     3.655     2.119     0.112     0.031     0.035     0.657     0.071    -0.015     0.017
     2.205     2.035     1.860     2.135     1.975     0.642     0.574     0.750     0.687     0.787     9.000     0.479     0.058     0.000     0.000     0.000     0.000     0.906     1.914     2.938     3.945     2.201     0.115    -0.075     0.034     0.706     0.068    -0.015     0.017
     1.950     1.950     1.835     1.710         *     0.856     0.697     0.856     0.750     0.668     9.000     2.004     0.007     1.000     0.000     0.000     0.000     0.980     2.018     3.009     4.000     1.964     0.118    -0.059     0.037     0.781     0.069    -0.025     0.017
     1.885     2.020         *         *         *     0.410     0.390         *         *         *     7.000    11.718    -0.145     1.000     0.000     0.000     0.000     0.901     1.930     3.028     3.959     1.939     0.146    -0.081     0.039     0.476     0.084    -0.014     0.018
     1.310     1.325     1.145         *         *         *     0.488     0.697         *         *     3.000    -2.888     0.109     0.000     1.000     0.000     0.000     1.010     2.059         *         *     1.405     0.127    -0.083     0.039     0.630     0.088    -0.041     0.018
     2.020         *     1.580     1.585     1.360     0.668     0.813         *     0.813     0.610     9.000     4.238     0.083     1.000     0.000     1.000     0.000     0.873     1.875     2.875     3.871     1.753     0.128    -0.045     0.035     0.713     0.073    -0.012     0.017
     2.230         *         *         *         *     0.787     0.687     0.417         *     0.561     6.000    -2.177    -0.018     0.000     0.000     0.000     0.000     0.879     1.884         *     3.817     2.212     0.193    -0.084     0.039     0.648     0.072    -0.014     0.017
     1.810     1.960     1.565         *         *     0.841     1.060     0.841     0.548     0.488     6.000    -9.188     0.033     1.000     1.000     1.000     0.000     1.049     1.895     3.441     4.556     1.807     0.125    -0.020     0.038     0.799     0.070    -0.033     0.017
     2.140     2.120     1.630         *         *     0.750     0.739     0.762     0.642     0.574     9.000    14.253    -0.018     0.000     0.000     0.000     0.000     0.728     1.966     3.020     3.948     2.064     0.124    -0.111     0.038     0.712     0.068    -0.026     0.017
     2.585     2.570         *         *         *         *     0.432     0.353     0.400         *    10.000    -6.658     0.058     0.000     0.000     0.000     0.000     1.018     2.012     3.025     4.027     2.577     0.146    -0.072     0.039     0.526     0.081    -0.010     0.018
     1.270         *         *         *         *     0.348         *         *         *         *     5.000     6.168    -0.069     1.000     0.000     0.000     0.000         *         *         *         *     1.325     0.196    -0.057     0.039     0.464     0.100    -0.025     0.018
     2.675         *     2.095     2.040     1.970     0.650     0.406     0.554         *     0.325    13.000     0.104     0.058     0.000     0.000     0.000     0.000     1.002     2.070     3.075     4.320     2.407     0.131    -0.094     0.034     0.586     0.072    -0.024     0.017
     3.190         *         *         *         *     0.975         *         *         *         *     9.000   -16.884     0.083     0.000     0.000     0.000     0.000         *         *         *         *     3.156     0.196    -0.077     0.039     0.902     0.100     0.005     0.018
     1.340     1.440     1.385     1.175     1.395     0.938     1.060     0.750     0.488     0.488    15.000     3.781     0.058     1.000     0.000     0.000     0.000     0.983     1.996     3.053     4.027     1.431     0.116    -0.027     0.034     0.836     0.069    -0.065     0.017
     2.555     2.635     2.490     2.395     2.620     0.774     0.995     0.871     0.871     0.920     9.000    -4.101     0.033     1.000     0.000     0.000     0.000     0.854     1.823     2.982     3.959     2.626     0.114    -0.047     0.034     0.864     0.068    -0.008     0.017
     2.545         *         *         *         *     0.668         *         *     0.717         *     9.000   -20.966     0.033     1.000     0.000     0.000     0.000         *         *     3.737         *     2.556     0.194    -0.037     0.039     0.748     0.089    -0.003     0.017
     2.155         *     0.930     0.795         *         *         *         *         *         *    11.000     1.569    -0.171     0.000     0.000     0.000     0.000     0.997     2.431     2.916         *     1.611     0.138    -0.158     0.037     0.643     0.133    -0.020     0.018
     2.145     2.330     2.275         *     1.935     0.642     0.774     0.574     0.787     0.677     9.000    -1.290     0.109     0.000     1.000     0.000     0.000     0.991     2.007     3.012     4.019     2.344     0.120    -0.093     0.035     0.740     0.069    -0.030     0.017
     1.860     2.415         *         *         *     0.561         *         *         *         *     9.000     1.793     0.033     1.000     0.000     1.000     0.000     1.016         *         *         *     2.114     0.146    -0.007     0.039     0.612     0.100    -0.007     0.018
     1.655     1.695         *         *         *     0.677     0.625         *         *         *    10.000     5.166     0.109     0.000     0.000     0.000     0.000     1.008         *         *         *     1.761     0.146    -0.065     0.039     0.659     0.084    -0.037     0.018
     1.930     2.100         *         *         *         *         *         *         *         *    -3.000    -4.194    -0.018     1.000     0.000     1.000     0.000     1.361     2.084     2.639     3.852     2.001     0.148    -0.020     0.039     0.559     0.133     0.021     0.018
     2.475     2.485     2.400     2.395     2.415     0.610     1.219         *     0.542     0.697    11.000     6.398     0.083     0.000     0.000     0.000     0.000     0.997     2.062     3.036     4.005     2.561     0.116    -0.067     0.034     0.790     0.073    -0.026     0.017
     1.905     2.020     1.750     1.685     1.800     0.707     0.871     0.762     0.903     0.659     6.000     2.489     0.134     0.000     0.000     0.000     0.000     0.991     1.897     2.938     3.871     1.999     0.115    -0.073     0.034     0.778     0.068    -0.021     0.017
     1.890     1.990     1.710     1.875         *     0.956     0.856     0.508     0.750     0.633     8.000     1.550     0.058     0.000     0.000     0.000     0.000     1.008     1.969     2.998     4.016     1.987     0.118    -0.069     0.037     0.773     0.069    -0.030     0.017
     2.360     2.240         *         *         *     0.774         *         *         *         *    11.000     0.843     0.058     0.000     0.000     1.000     0.000     0.454         *         *         *     2.304     0.145    -0.046     0.039     0.727     0.100    -0.008     0.018
     2.755         *         *         *         *     0.488         *         *         *         *    12.000    -3.699     0.083     0.000     0.000     0.000     0.000         *         *         *         *     2.714     0.196    -0.081     0.039     0.649     0.100    -0.009     0.018
     0.680         *         *         *         *     0.334         *         *         *         *     9.000     6.888     0.058     1.000     0.000     0.000     0.000         *         *         *         *     0.859     0.196    -0.026     0.039     0.462     0.100    -0.050     0.018
     3.500         *         *         *         *         *         *         *         *         *     5.000   -12.857    -0.018     1.000     0.000     0.000     0.000         *         *         *         *     3.330     0.196    -0.073     0.039     0.790     0.133     0.023     0.018
     1.995         *         *     1.925         *     0.244         *         *         *         *     5.000     1.306    -0.120     0.000     0.000     1.000     0.000         *         *     2.612         *     2.007     0.154    -0.065     0.038     0.449     0.100     0.012     0.018
     2.625     1.885     2.230     1.775     2.135     0.856     0.799     0.659     0.554     0.588     6.000    -2.949     0.083     2.000     0.000     0.000     0.000     1.021     1.999     3.028     4.014     2.187     0.116    -0.030     0.034     0.718     0.069    -0.018     0.017
     2.195     2.265         *         *         *     0.687     0.530     0.642         *         *     7.000    10.136    -0.069     0.000     1.000     1.000     0.000     0.936     1.856         *         *     2.216     0.146    -0.092     0.039     0.623     0.076    -0.015     0.018
     3.480         *         *         *         *     0.610         *         *         *         *     5.000   -15.915     0.058     1.000     0.000     0.000     0.000         *         *         *         *     3.330     0.196    -0.060     0.039     0.723     0.100     0.024     0.018
     1.550     1.460         *         *         *     0.493     0.508         *         *         *     9.000     3.066    -0.094     0.000     0.000     0.000     0.000     1.112         *         *         *     1.590     0.147    -0.091     0.039     0.559     0.084    -0.027     0.018
     2.040     1.545     1.950         *         *     0.428     0.274     0.387         *     0.254     5.000    -4.214     0.083     1.000     1.000     1.000     0.000     0.980     1.985     2.979     3.973     1.847     0.126    -0.019     0.038     0.439     0.072    -0.019     0.017
     1.260     1.620         *     1.425         *     0.554     0.697     0.697     0.488         *     9.000    -5.363     0.058     1.000     0.000     1.000     0.000     1.221     2.371     3.023         *     1.462     0.131     0.007     0.037     0.644     0.072    -0.021     0.017
     2.170     2.200     2.245     2.230         *     0.920     0.439     0.728         *         *     9.000    -5.295     0.134     1.000     0.000     0.000     0.000     1.032     2.045     3.031         *     2.252     0.119    -0.023     0.037     0.722     0.076    -0.023     0.018
     1.955         *         *         *         *     0.728     0.774     0.493         *         *    14.000     0.194     0.058     1.000     1.000     0.000     0.000     0.758     1.741     2.875         *     1.981     0.195    -0.058     0.039     0.716     0.075    -0.055     0.018
     2.340     2.275     2.395     2.325         *     0.717         *         *     0.697         *    10.000     6.489     0.134     1.000     0.000     1.000     0.000     1.013     1.999     3.031         *     2.329     0.119    -0.007     0.037     0.694     0.087    -0.010     0.017
     1.460     1.770         *         *         *     0.341     0.503     0.361         *         *     7.000    10.546     0.007     0.000     0.000     0.000     0.000     1.027     2.004         *         *     1.671     0.146    -0.080     0.039     0.474     0.076    -0.027     0.018
     2.050     1.865     1.860     1.910     1.740     0.588     0.524     0.588     0.610     0.519     6.000     3.844     0.033     0.000     0.000     0.000     0.000     0.901     1.916     2.908     3.910     2.042     0.115    -0.079     0.034     0.603     0.068    -0.016     0.017
     2.305     2.115     2.115     2.065     2.395     0.697     0.717     0.707     0.707     0.707     5.000    -5.339     0.058     1.000     1.000     0.000     0.000     1.309     1.906     2.962     3.918     2.301     0.117    -0.051     0.035     0.740     0.069    -0.024     0.017
     2.295     2.270     2.045     2.165     2.275     0.554     0.728     0.799     0.707     0.473     7.000     1.697    -0.018     0.000     0.000     0.000     0.000     0.994     1.990     3.009     4.008     2.346     0.116    -0.072     0.034     0.678     0.069    -0.014     0.017
     1.560         *         *         *         *     0.406         *         *         *         *    12.000    12.192    -0.069     1.000     0.000     0.000     0.000         *         *         *         *     1.571     0.196    -0.063     0.039     0.518     0.100    -0.037     0.018
     2.145     2.460     2.240     1.990     2.215     0.610     0.642         *     0.610     0.443     5.000     3.107     0.033     1.000     0.000     0.000     0.000     0.977     1.996     2.990     3.989     2.286     0.116    -0.046     0.034     0.614     0.073    -0.013     0.017
     1.660         *         *         *         *     0.739         *         *         *         *     5.000     9.251    -0.171     0.000     0.000     0.000     0.000         *         *         *         *     1.677     0.196    -0.111     0.039     0.637     0.100    -0.020     0.018
     2.620         *         *         *         *         *         *         *         *         *     9.000     4.022    -0.120     0.000     0.000     0.000     0.000         *         *         *         *     2.529     0.196    -0.115     0.039     0.683     0.133    -0.006     0.018
     2.390     2.340     2.390     2.145     2.215     0.762     0.659     0.920     0.799     0.650    11.000     6.839    -0.018     0.000     0.000     0.000     0.000     1.016     1.990     3.006     4.008     2.467     0.116    -0.089     0.034     0.771     0.069    -0.019     0.017
     3.470         *         *         *     2.090     0.938         *     1.084     0.920     0.813    11.000    -6.634     0.109     0.000     0.000     0.000     0.000         *     1.227     2.237     3.217     2.991     0.156    -0.130     0.037     0.904     0.072    -0.001     0.017
     2.005         *     1.855         *         *     0.677     0.750     0.762     0.750         *    12.000     3.201    -0.094     1.000     0.000     0.000     0.000     0.701     1.306     2.387         *     1.983     0.147    -0.069     0.039     0.741     0.069    -0.026     0.018
     1.295     1.450         *         *         *     0.443     0.406         *         *         *    12.000     7.359    -0.145     1.000     0.000     0.000     0.000     0.972         *         *         *     1.417     0.146    -0.062     0.039     0.513     0.084    -0.037     0.018
     2.890     2.320     2.400     2.265         *     0.650     0.995     1.250     0.827     0.677    10.000    -5.892     0.160     0.000     0.000     0.000     0.000     1.016     1.949     2.965     3.964     2.615     0.118    -0.086     0.037     0.872     0.069    -0.012     0.017
     2.735         *         *         *         *     0.488         *         *         *         *    13.000    -7.154     0.134     1.000     1.000     0.000     0.000         *         *         *         *     2.679     0.196    -0.059     0.039     0.666     0.100    -0.029     0.018
     1.790     1.965     1.710     1.580         *     1.084     0.903     0.762     0.417     0.524     9.000     8.408    -0.094     0.000     1.000     0.000     0.000     0.986     1.985     3.017     3.967     1.919     0.118    -0.109     0.037     0.806     0.069    -0.055     0.017
     2.320     2.405     2.045     2.265     2.590     1.189     0.887     0.687     0.903     0.813     7.000     3.852     0.007     1.000     0.000     0.000     0.000     0.898     1.856     3.020     3.806     2.381     0.114    -0.034     0.034     0.882     0.068    -0.023     0.017
     2.710         *         *         *     2.670     0.750     0.995     0.920     0.762     0.697    17.000     0.203     0.109     1.000     0.000     0.000     0.000     1.008     2.010     3.006     3.997     2.742     0.159    -0.036     0.035     0.867     0.069    -0.030     0.017
     1.510     1.540     1.690     1.535     1.425     0.378     0.610     0.272     0.428         *     8.000     3.984    -0.044     0.000     1.000     0.000     0.000     1.070     1.969     2.965     4.016     1.715     0.117    -0.086     0.035     0.522     0.071    -0.043     0.017
