     2.750         *         *     2.695         *    83.000         *         *    76.500         *     1.000   -14.784    -0.069     0.000     0.000     1.000     0.000         *     3.086     4.140     5.284     2.779     0.162    -0.054     0.034    81.603     4.755    -1.006     1.343
     2.830     2.580     2.450     2.300     2.625    60.500    69.250    77.750    71.000    71.750    14.000   -10.721     0.007     0.000     0.000     0.000     0.000     0.893     1.914     2.930     4.156     2.707     0.115    -0.077     0.033    69.076     3.549     0.665     1.268
     0.420         *         *         *         *    59.500         *         *         *         *     1.000    13.837    -0.120     1.000     0.000     0.000     0.000         *         *         *         *     0.583     0.196    -0.049     0.037    56.645     5.275    -3.943     1.792
     1.635         *         *         *     1.690    64.000         *         *         *    48.500     5.000     5.218    -0.044     1.000     0.000     0.000     0.000     0.884     1.903     2.856     3.855     1.745     0.160    -0.044     0.034    62.430     4.703    -3.200     1.387
     1.440     1.095     1.300         *         *    74.000   100.250    82.750         *         *     7.000    -8.471     0.058     1.000     0.000     0.000     0.000     0.956     1.960         *         *     1.372     0.126    -0.024     0.037    86.415     3.636    -1.572     1.673
     3.200     3.605         *         *         *    81.000    87.000         *         *         *     9.000   -12.112     0.083     1.000     0.000     0.000     0.000     0.994         *         *         *     3.347     0.146    -0.047     0.037    85.299     4.017    -0.931     1.769
     1.310     1.285         *         *         *    29.000    32.500         *         *         *     9.000     3.124     0.007     1.000     1.000     0.000     0.000     1.103         *         *         *     1.362     0.147    -0.068     0.037    33.209     4.041    -0.663     1.761
     1.380         *         *         *         *    27.500         *         *         *         *     5.000     7.669    -0.069     0.000     1.000     0.000     0.000         *         *         *         *     1.415     0.196    -0.118     0.037    30.434     5.275    -1.124     1.792
     1.565     1.760         *         *         *    57.750    54.500         *         *         *     9.000     7.775    -0.069     0.000     0.000     0.000     0.000     0.575         *         *         *     1.712     0.145    -0.089     0.037    56.587     3.938    -2.319     1.787
     2.540     2.575     2.120     1.810     2.080    66.500    66.250    72.500    65.250    68.500     9.000     6.524    -0.044     0.000     0.000     0.000     0.000     0.988     2.021     3.023     4.016     2.445     0.116    -0.112     0.033    69.045     3.604    -0.808     1.288
     2.645     2.450     1.655     2.220     2.220    49.000    47.500    38.000    50.000    54.000     6.000    -3.666    -0.018     0.000     1.000     0.000     0.000     1.018     1.990     2.973     4.011     2.451     0.116    -0.115     0.033    48.163     3.603     0.098     1.294
     2.795         *         *         *         *    54.750         *         *         *         *     9.000     3.808     0.058     0.000     0.000     0.000     0.000         *         *         *         *     2.698     0.196    -0.096     0.037    57.450     5.275    -1.569     1.792
     1.960     1.840     1.855         *         *    87.250    81.250    75.500         *         *     6.000     7.759     0.185     0.000     0.000     0.000     0.000     1.062     2.067         *         *     1.975     0.127    -0.060     0.036    84.742     3.684    -3.855     1.660
     1.815         *     1.830         *         *   120.750         *   120.250         *         *     6.000    -6.645     0.058     1.000     0.000     0.000     0.000     0.778     1.522         *         *     1.912     0.148    -0.019     0.037   119.217     4.142    -3.100     1.725
     1.720     1.420     1.715     1.640         *    48.750    56.750    56.500    51.750         *    11.000    -2.475    -0.018     1.000     0.000     1.000     0.000     1.010     2.015     2.990         *     1.652     0.118    -0.013     0.035    53.801     3.608    -0.005     1.497
     1.480     1.470     1.750     0.855     1.285    75.750    77.750    81.250    80.000    79.750     7.000     6.730    -0.094     1.000     1.000     0.000     0.000     0.898     1.952     2.913     3.893     1.541     0.115    -0.080     0.033    78.168     3.559    -0.239     1.305
     2.105     1.930     2.265         *         *    81.000    84.500    84.750         *         *     5.000    -4.400    -0.044     1.000     0.000     0.000     0.000     1.035     2.018     3.023     4.126     2.148     0.127    -0.044     0.036    84.283     3.668    -1.657     1.666
     1.940     2.050     1.865         *         *    94.000    92.250    91.250         *         *     1.000    -8.049     0.033     1.000     0.000     0.000     0.000     1.248     2.242     3.477     4.279     2.018     0.128    -0.038     0.036    94.591     3.766    -2.614     1.636
     1.335     1.805     1.580     1.535         *    75.500    65.750    72.750    60.250         *     6.000    -2.664     0.058     2.000     0.000     0.000     0.000     0.972     1.952     2.965     4.498     1.575     0.118     0.003     0.035    73.222     3.584    -3.088     1.502
     2.595     2.355     1.915     2.310     2.440    90.500    84.750    77.000    73.000    71.750    12.000    -2.661     0.007     0.000     0.000     0.000     0.000     0.980     1.900     2.938     3.880     2.457     0.115    -0.069     0.033    85.578     3.574    -3.343     1.311
     0.795     1.050     0.920     0.785         *    56.250    46.000    43.000    42.500         *    11.000     2.382    -0.018     1.000     1.000     1.000     0.000     1.229     2.042     3.129     4.205     0.960     0.120    -0.026     0.035    49.596     3.684    -1.603     1.485
     2.720     2.480         *         *         *    73.500    60.500         *         *         *     7.000     4.862     0.033     0.000     0.000     0.000     0.000     0.942         *         *         *     2.605     0.146    -0.096     0.037    68.527     4.006    -2.751     1.772
     2.685         *     2.555         *         *    77.250         *    72.500         *         *     9.000   -16.293    -0.044     1.000     0.000     0.000     0.000     1.199     2.330         *         *     2.658     0.152    -0.055     0.036    77.163     4.354    -1.321     1.624
     1.380     1.530     1.465     1.140         *    65.000    62.250    67.250    62.500         *     6.000    -3.466    -0.171     1.000     0.000     0.000     0.000     1.054     1.990     3.302     4.197     1.503     0.119    -0.064     0.035    65.906     3.637    -1.337     1.452
     2.645     2.125         *         *         *    77.500    77.500         *         *         *    10.000    -7.187     0.033     2.000     0.000     0.000     0.000     0.997     1.993     3.042     3.986     2.375     0.146    -0.018     0.037    78.583     4.018    -1.647     1.769
     2.535     2.715     2.475     2.450         *    78.750    76.000    70.000    65.000         *    12.000     1.183    -0.018     0.000     0.000     1.000     0.000     0.454     1.451     2.409     3.425     2.587     0.113    -0.060     0.036    74.067     3.302    -1.788     1.574
     2.480     2.860     3.125     2.980     3.070    98.250    91.000   102.000   103.250   100.250     9.000    -6.004     0.083     1.000     0.000     0.000     0.000     0.890     1.459     2.423     3.477     2.897     0.111    -0.005     0.034    99.117     3.413    -0.405     1.392
     1.185         *         *         *         *    50.250         *         *         *         *     7.000     1.637    -0.044     1.000     0.000     1.000     0.000     1.467         *         *         *     1.258     0.196    -0.015     0.037    50.936     5.275    -0.942     1.792
     3.140     3.155         *         *         *    92.500    94.000         *         *         *     9.000     1.090     0.007     0.000     1.000     0.000     0.000     1.035     2.021     3.017     4.033     3.140     0.147    -0.112     0.037    92.048     4.026    -1.328     1.766
     1.560     1.640     1.325         *         *    57.500    57.750    61.500         *         *    14.000     0.120     0.134     1.000     0.000     0.000     0.000     1.035     2.018     3.179     3.967     1.582     0.127    -0.029     0.036    60.990     3.668    -1.351     1.666
     1.660     1.395     1.330         *         *    45.000    60.000    55.000         *         *     5.000     5.744     0.007     1.000     0.000     1.000     0.000     1.128     2.119         *         *     1.503     0.127    -0.027     0.036    53.619     3.711    -0.253     1.653
     2.605     2.815         *         *         *    47.250    52.000         *         *         *    14.000     2.486     0.083     1.000     0.000     0.000     0.000     1.049     1.837     3.201     4.003     2.677     0.147    -0.050     0.037    52.189     4.029    -0.774     1.765
     1.770     1.720         *         *         *    80.000    72.500         *         *         *    14.000     5.446    -0.069     1.000     0.000     0.000     0.000     0.986     2.034         *         *     1.796     0.146    -0.047     0.037    75.922     4.015    -2.435     1.769
     3.245     3.310     2.920         *         *   100.000    92.000    94.750         *         *    11.000     0.000     0.007     0.000     0.000     0.000     0.000     0.668     1.706     2.702     3.781     3.198     0.124    -0.096     0.037    96.064     3.519    -2.064     1.700
     2.460     2.505     2.295         *         *    85.250    71.000    81.000         *         *    11.000     3.091     0.083     1.000     1.000     0.000     0.000     1.021     1.999         *         *     2.467     0.127    -0.063     0.037    80.139     3.660    -1.585     1.669
     2.500         *         *         *     2.340    87.250         *         *         *    71.500     9.000     4.345     0.083     1.000     0.000     0.000     0.000     0.572     1.572     2.524     3.606     2.471     0.159    -0.042     0.035    84.424     4.655    -3.202     1.426
     1.510         *         *         *         *    45.250         *         *         *         *     9.000     1.618     0.033     1.000     0.000     0.000     0.000         *         *         *         *     1.571     0.196    -0.043     0.037    48.434     5.275    -1.735     1.792
     0.665         *         *         *         *    47.500         *         *         *         *     9.000    -1.320     0.033     1.000     1.000     1.000     0.000         *         *         *         *     0.833     0.196    -0.013     0.037    48.530     5.275    -0.143     1.792
     1.180     1.115     1.015     1.200     1.195    63.250    57.750    59.250    61.250    49.500     3.000   -16.860    -0.018     2.000     0.000     0.000     0.000     0.991     1.988     3.012     4.003     1.176     0.116    -0.003     0.033    63.544     3.598    -2.392     1.290
     2.640     2.490     2.705         *         *    85.000    78.250    70.750         *         *    11.000    -4.931     0.134     1.000     0.000     0.000     0.000     1.032     1.993         *         *     2.629     0.127    -0.032     0.037    81.283     3.662    -2.788     1.669
     2.275     2.420     2.175     1.940         *    67.250    67.750    59.250    51.500         *    16.000     3.127    -0.018     0.000     0.000     0.000     0.000     0.961     1.982     2.976     3.959     2.335     0.118    -0.091     0.035    65.710     3.587    -2.819     1.498
     2.985     2.685     2.645         *         *   109.500   113.750    97.000         *         *    11.000   -11.885     0.083     1.000     0.000     0.000     0.000     0.816     1.829         *         *     2.805     0.125    -0.039     0.037   108.222     3.577    -2.751     1.688
     2.525     2.075     2.375     2.210     2.160    79.250    79.750    74.750    75.250    71.000     9.000    -0.969    -0.069     0.000     0.000     0.000     0.000     0.895     1.851     2.812     3.806     2.425     0.114    -0.085     0.034    79.243     3.531    -1.961     1.323
     2.990     2.765         *         *         *    72.500    74.750         *         *         *     7.000    -6.188    -0.018     1.000     0.000     0.000     0.000     0.997         *         *         *     2.850     0.146    -0.066     0.037    74.734     4.018    -1.423     1.769
     0.890         *         *         *     0.865    47.000         *         *         *    44.750     9.000     8.216    -0.018     1.000     1.000     0.000     0.000     0.972     1.952     2.965     3.959     1.046     0.161    -0.055     0.034    48.296     4.723    -1.216     1.371
     1.485     1.520     1.280     1.350     1.220    77.000    85.250    79.750    74.000    55.500     9.000    -4.482     0.083     0.000     0.000     0.000     0.000     0.761     1.760     2.762     3.775     1.526     0.113    -0.065     0.033    81.615     3.474    -4.144     1.321
     2.930     2.795     2.475     1.745     2.440    80.000    84.750    77.750    78.000    68.250     9.000    -1.317     0.058     0.000     0.000     0.000     0.000     0.964     1.996     2.979     3.997     2.691     0.116    -0.109     0.033    82.618     3.589    -2.552     1.291
     1.740     2.045     1.625     2.115     1.885    95.250    97.250    91.250    87.500    80.250    10.000    -2.683     0.160     0.000     0.000     0.000     0.000     1.027     1.990     2.982     4.003     1.976     0.116    -0.034     0.033    96.327     3.606    -3.266     1.295
     3.355     2.685     1.450     2.860         *   118.250   130.250   127.500   125.000         *     9.000   -14.773     0.033     0.000     0.000     0.000     0.000     0.994     1.988     3.006     3.981     2.753     0.118    -0.093     0.035   124.436     3.600    -0.700     1.495
     0.475         *         *         *         *    54.000         *         *         *         *     5.000   -10.461    -0.094     0.000     0.000     0.000     0.000     0.868     2.114         *         *     0.742     0.196    -0.066     0.037    55.059     5.275    -2.047     1.792
     2.760     2.655     2.875     2.760     2.860    60.000    57.750    56.500    57.500    59.500    18.000     7.989     0.058     0.000     0.000     0.000     0.000     0.643     1.676     2.672     3.677     2.861     0.111    -0.060     0.034    59.893     3.417    -0.728     1.331
     2.855     2.990         *         *         *    72.500    67.750         *         *         *     7.000     0.523     0.109     0.000     0.000     1.000     0.000     1.010         *         *         *     2.883     0.147    -0.053     0.037    71.145     4.021    -1.017     1.768
     2.305     2.235     1.625     1.610         *    65.250    65.750    73.250    68.750         *    12.000     8.296     0.185     0.000     0.000     0.000     0.000     0.901     1.914     2.894         *     2.095     0.117    -0.090     0.035    69.892     3.551    -1.194     1.510
     1.810         *         *         *         *    78.750         *         *         *         *     3.000   -11.849     0.033     0.000     0.000     0.000     0.000         *         *         *         *     1.918     0.196    -0.070     0.037    78.919     5.275    -2.399     1.792
     0.815         *         *         *         *    58.500         *         *         *         *     9.000     7.762    -0.018     0.000     1.000     0.000     0.000         *         *         *         *     0.997     0.196    -0.087     0.037    56.892     5.275    -2.091     1.792
     1.920     1.975     2.050     1.940     1.665    77.500    76.750    47.500    75.250    68.750     7.000     4.501    -0.018     0.000     0.000     0.000     0.000     1.002     2.015     3.028     4.019     2.075     0.116    -0.079     0.033    73.010     3.607    -2.101     1.288
     1.800     2.180     2.235     1.875     1.725   113.750   101.000   106.750    87.000    89.000    -1.000   -15.885    -0.044     2.000     0.000     1.000     0.000     0.591     1.626     2.702     4.066     1.965     0.112     0.002     0.033   105.339     3.397    -3.727     1.270
     2.705         *     1.935         *         *    95.250         *    94.250         *         *    11.000     0.649     0.083     0.000     0.000     0.000     0.000     1.016     2.007         *         *     2.437     0.151    -0.087     0.037    95.021     4.269    -2.156     1.668
     2.775     2.420     2.290     2.020     2.095    39.250    33.500    33.000    40.500    38.250     5.000    11.784     0.058     0.000     1.000     0.000     0.000     0.643     1.681     2.656     3.661     2.522     0.111    -0.133     0.034    38.680     3.417    -0.621     1.335
     2.085     1.960     1.720         *         *    64.500    64.750    63.250         *         *     5.000    11.425    -0.018     0.000     0.000     0.000     0.000     0.966     1.971     3.012         *     2.018     0.126    -0.098     0.037    66.051     3.641    -2.534     1.672
     1.135     1.070     1.035     1.035         *    82.250    77.750    75.750    64.750         *     7.000     1.949    -0.018     1.000     0.000     0.000     0.000     1.016     2.012     3.006         *     1.168     0.118    -0.036     0.035    79.899     3.610    -3.700     1.495
     2.255         *         *         *         *    28.500         *         *         *         *    11.000   -11.559     0.007     0.000     0.000     1.000     0.000         *         *         *         *     2.225     0.196    -0.059     0.037    35.200     5.275     1.297     1.792
     2.775         *     2.275     2.490         *    63.500         *    45.250    50.750         *    11.000    -2.595     0.058     0.000     0.000     0.000     0.000     1.032     1.687     2.672     3.715     2.622     0.132    -0.090     0.036    58.312     3.960    -2.637     1.570
     1.835     1.465         *         *         *    54.000    54.750         *         *         *     7.000    10.483    -0.044     1.000     1.000     0.000     0.000     0.999         *         *         *     1.689     0.146    -0.083     0.037    54.803     4.018    -1.687     1.768
     2.960     2.465         *         *         *    69.000    67.000         *         *         *     5.000     7.006    -0.018     0.000     0.000     0.000     0.000     0.936         *         *         *     2.707     0.146    -0.110     0.037    68.850     4.005    -2.423     1.772
     3.150     3.140     3.210         *         *    59.500    64.500    74.750         *         *     9.000     4.550     0.134     0.000     0.000     0.000     0.000     1.010     2.010         *         *     3.196     0.127    -0.082     0.036    67.271     3.660    -0.349     1.667
     1.665     1.470     0.795     1.415     1.510    55.500    54.250    48.750    49.000    41.000     9.000    -3.422    -0.069     0.000     0.000     0.000     0.000     1.021     2.029     3.031     3.986     1.545     0.116    -0.076     0.033    55.429     3.616    -2.683     1.293
     2.600     2.485     2.320     2.340         *    74.250    73.750    69.000    61.250         *    14.000     4.868     0.083     0.000     0.000     0.000     0.000     0.956     1.952     2.930     3.923     2.545     0.118    -0.080     0.035    73.603     3.576    -2.752     1.506
     2.055     1.770     1.980         *         *    71.000    63.500    52.250         *         *     5.000     4.559     0.033     1.000     0.000     0.000     0.000     0.736     1.749         *         *     1.970     0.125    -0.050     0.037    65.638     3.543    -3.753     1.697
     2.845     2.225     2.560     2.745         *    77.000    74.750    77.000    72.500         *    11.000   -11.896     0.058     0.000     0.000     0.000     0.000     1.005     1.985     2.984         *     2.690     0.118    -0.066     0.035    77.707     3.600    -1.329     1.499
     1.490         *         *     1.145         *    43.750         *         *    51.500         *     8.000    -8.851     0.033     2.000     0.000     0.000     0.000     0.936     1.864     2.894     3.888     1.398     0.155    -0.018     0.036    50.497     4.497    -0.596     1.539
     2.120     1.920     2.215     2.345     2.285    57.750    63.000    62.250    69.500    62.000    14.000     1.755     0.058     0.000     0.000     0.000     0.000     1.002     1.687     2.686     3.702     2.261     0.113    -0.045     0.034    63.474     3.517    -0.191     1.352
     1.795         *     1.860         *         *    63.250         *    63.750         *         *     5.000    -7.869     0.007     1.000     0.000     0.000     0.000     0.758     1.785     2.793     3.789     1.887     0.150    -0.042     0.037    65.924     4.210    -1.757     1.696
     2.805     3.200         *         *         *    75.000    73.500         *         *         *    13.000    -1.418     0.134     0.000     0.000     0.000     0.000     1.038     2.182     3.165     3.986     2.997     0.147    -0.071     0.037    75.854     4.027    -1.538     1.766
     2.445         *         *         *         *    86.500         *         *         *         *     5.000   -15.989     0.007     1.000     0.000     0.000     0.000     0.917         *         *         *     2.446     0.196    -0.046     0.037    86.597     5.275    -1.858     1.792
     2.305     2.825     2.585     2.670     2.515    79.500    70.500    73.750    66.500    61.250     9.000     6.229     0.033     1.000     0.000     0.000     0.000     0.958     1.990     3.009     4.022     2.621     0.116    -0.033     0.033    76.447     3.589    -3.122     1.286
     2.360     2.010         *         *         *    65.750    73.500         *         *         *    11.000    -1.613     0.033     1.000     1.000     0.000     0.000     1.002         *         *         *     2.216     0.146    -0.069     0.037    69.818     4.019    -0.651     1.768
     2.630     2.220         *         *         *    74.000    74.500         *         *         *     9.000    -2.119    -0.018     1.000     0.000     0.000     0.000     0.964     1.993         *         *     2.431     0.146    -0.061     0.037    74.908     4.011    -1.795     1.771
     2.240         *     2.075         *         *    84.250         *    83.000         *         *    10.000    -6.760     0.134     1.000     0.000     0.000     0.000     0.747     1.793     2.787     3.786     2.213     0.150    -0.030     0.037    85.394     4.212    -2.012     1.695
     2.165     2.345     2.270     2.055     2.290    51.000    52.250    53.500    55.000    49.000     9.000     4.767    -0.018     0.000     0.000     0.000     0.000     1.068     2.029     2.992     4.027     2.359     0.116    -0.073     0.033    54.636     3.625    -1.055     1.293
     1.155         *         *         *         *    60.500         *         *         *         *     6.000     7.666    -0.069     0.000     0.000     1.000     0.000         *         *         *         *     1.252     0.196    -0.051     0.037    58.423     5.275    -1.704     1.792
     3.045         *         *         *         *    67.500         *         *         *         *    10.000     8.619     0.058     1.000     0.000     0.000     0.000         *         *         *         *     2.882     0.196    -0.065     0.037    68.188     5.275    -2.009     1.792
     1.160         *         *         *         *    59.250         *         *         *         *     4.000     6.732     0.058     1.000     0.000     0.000     0.000         *         *         *         *     1.266     0.196    -0.036     0.037    59.768     5.275    -3.108     1.792
     2.510     2.695         *     2.380     2.515    72.000    66.750         *    70.250    59.500     5.000    -3.693     0.007     1.000     0.000     0.000     0.000     1.024     1.974     2.992     4.003     2.599     0.125    -0.050     0.033    71.774     3.811    -2.165     1.294
     1.120     0.995     1.030         *     1.135    47.500    35.250    45.250    27.000    37.000     5.000    -9.194    -0.196     0.000     0.000     0.000     0.000     1.320     1.966     2.971     3.986     1.243     0.122    -0.079     0.034    44.065     3.679    -2.490     1.315
     2.920         *         *         *     3.285   124.250         *         *         *   100.750     9.000   -13.240     0.109     1.000     0.000     0.000     0.000     1.418     2.590     3.493     4.925     3.070     0.166    -0.001     0.032   119.130     4.874    -3.371     1.226
     3.105     2.740     2.615         *         *    73.000    65.000    75.000         *         *     8.000    -7.778     0.058     1.000     0.000     0.000     0.000     0.797     1.774     2.836     3.792     2.842     0.125    -0.063     0.037    72.717     3.562    -1.171     1.695
     1.900     2.040         *         *         *    45.000    40.500         *         *         *     9.000    10.880    -0.044     0.000     0.000     0.000     0.000     0.687     1.760         *         *     1.988     0.146    -0.098     0.037    44.404     3.957    -2.025     1.784
     1.950     1.950         *     1.565         *    80.000    70.000         *    95.000         *     7.000   -19.069    -0.120     0.000     0.000     0.000     0.000     1.180         *     3.047     4.364     1.997     0.131    -0.092     0.035    79.780     3.872     0.927     1.509
     2.290     1.785         *         *         *    47.250    44.000         *         *         *     9.000     7.628    -0.196     0.000     0.000     0.000     0.000     1.098         *         *         *     2.078     0.147    -0.123     0.037    46.648     4.040    -1.654     1.762
     2.505     2.270     2.115     2.355         *    63.000    65.500    50.000    59.500         *     1.000    -1.462    -0.018     1.000     0.000     0.000     0.000     0.999     2.010     3.006     4.005     2.382     0.118    -0.063     0.035    63.731     3.605    -2.523     1.494
     1.915         *         *         *         *    12.250         *         *         *         *    -2.000     1.684    -0.120     0.000     0.000     1.000     0.000         *         *         *         *     1.819     0.196    -0.092     0.037    18.193     5.275    -0.111     1.792
     2.790     2.750     2.705         *         *    82.500    81.250    76.000         *         *    10.000     5.873     0.007     0.000     0.000     0.000     0.000     0.997     2.004         *         *     2.807     0.126    -0.089     0.036    81.543     3.655    -2.346     1.668
     2.515     2.570     2.390         *     2.005    74.500    75.000    71.000    67.250    65.250    14.000     2.297    -0.018     0.000     0.000     0.000     0.000     0.986     1.990     3.009     4.025     2.536     0.121    -0.098     0.034    74.495     3.597    -2.061     1.287
     2.830     2.250     2.005     1.960     1.915    21.000    35.500    34.500    38.250    43.000     7.000     0.542    -0.044     1.000     1.000     0.000     0.000     1.070     2.031     2.990     4.022     2.410     0.116    -0.119     0.033    31.594     3.626     1.874     1.295
     2.030         *         *         *         *    27.500         *         *         *         *     5.000     0.356    -0.145     0.000     0.000     1.000     0.000         *         *         *         *     1.956     0.196    -0.085     0.037    31.154     5.275     0.189     1.792
     3.210     3.205         *         *         *    64.250    68.500         *         *         *     9.000    -4.186     0.109     0.000     0.000     0.000     0.000     0.997         *         *         *     3.184     0.146    -0.089     0.037    68.516     4.018    -1.123     1.769
     2.585     2.535         *     2.965         *    96.250   101.250         *   115.500         *     4.000   -21.032     0.083     0.000     0.000     0.000     0.000     0.961     1.952     3.031     4.019     2.764     0.130    -0.042     0.035   102.703     3.806     0.771     1.504
     1.400     1.635         *         *         *    53.000    49.750         *         *         *     9.000    -0.153     0.083     0.000     0.000     0.000     0.000     1.013         *         *         *     1.606     0.147    -0.064     0.037    53.904     4.021    -2.100     1.768
     2.785     2.760         *         *         *    87.750    73.000         *         *         *     9.000    -8.698     0.058     1.000     0.000     0.000     0.000     1.002         *         *         *     2.760     0.146    -0.047     0.037    82.015     4.019    -2.288     1.768
     1.735     1.700         *     1.555         *    50.750    27.000         *    32.500         *     5.000    -5.665     0.058     0.000     1.000     0.000     0.000     0.849     1.845     2.992         *     1.798     0.129    -0.097     0.035    41.548     3.769    -2.281     1.505
     2.240     2.160     1.975     1.545     1.965    55.000    58.000    57.500    48.750    47.000     5.000     1.933    -0.018     1.000     1.000     0.000     0.000     1.060     1.993     3.028     4.041     2.141     0.116    -0.087     0.033    57.605     3.619    -2.036     1.289
     1.445     1.520     1.510         *         *    61.500    57.750    56.500         *         *     5.000     4.197    -0.018     0.000     0.000     0.000     0.000     0.758     1.919     3.050     3.956     1.589     0.125    -0.078     0.037    60.902     3.579    -2.641     1.675
     2.160     2.140     1.920     1.910     1.980    64.250    60.000    65.250    71.250    59.000    10.000     0.372     0.033     0.000     0.000     0.000     0.000     0.871     1.947     2.973     3.981     2.177     0.115    -0.076     0.033    65.884     3.555    -0.942     1.288
     2.270     2.495     2.625         *         *    85.750    87.250    79.750         *         *     5.000    -3.587     0.083     1.000     0.000     1.000     0.000     1.018     1.993     3.173     3.967     2.441     0.127     0.000     0.037    85.403     3.659    -1.571     1.669
     2.685     2.225         *         *         *    55.250    51.500         *         *         *    -4.000    -1.470    -0.120     0.000     0.000     1.000     0.000     0.873     2.157         *         *     2.425     0.146    -0.095     0.037    54.426     3.992    -1.226     1.776
     2.910     2.475     2.885         *         *    82.000    73.500    76.250         *         *     9.000     2.757     0.058     0.000     1.000     0.000     0.000     0.783     1.766     2.804     3.896     2.811     0.125    -0.102     0.037    78.189     3.558    -1.600     1.695
     1.015     0.835         *         *         *    67.250    60.750         *         *         *    -3.000     5.829    -0.120     1.000     0.000     0.000     0.000     1.142         *         *         *     1.015     0.147    -0.059     0.037    64.916     4.050    -3.821     1.759
     2.210     2.170         *         *         *    86.250    93.750         *         *         *    13.000    -9.062     0.134     0.000     1.000     0.000     0.000     0.988         *         *         *     2.277     0.146    -0.073     0.037    89.580     4.016    -0.813     1.769
     2.050     2.075     1.565         *         *    66.000    75.250    64.000         *         *     7.000     3.373    -0.018     0.000     0.000     0.000     0.000     0.991     1.993         *         *     2.006     0.126    -0.095     0.037    70.169     3.652    -2.217     1.669
     2.970         *         *         *         *   107.250         *         *         *         *     9.000   -15.110     0.109     1.000     0.000     0.000     0.000         *         *         *         *     2.941     0.196    -0.034     0.037   105.680     5.275    -2.067     1.792
     1.570     1.315     0.585     1.160         *    50.000    50.000    47.500    44.250         *     2.000     6.976    -0.069     0.000     1.000     0.000     0.000     0.860     1.840     2.875         *     1.352     0.117    -0.124     0.035    50.690     3.525    -2.085     1.514
     2.390         *         *         *         *    82.500         *         *         *         *     7.000   -10.869     0.033     0.000     0.000     0.000     0.000         *         *         *         *     2.422     0.196    -0.076     0.037    82.465     5.275    -1.934     1.792
     2.410     1.960     1.630     1.890         *    77.250    74.750    70.000    78.750         *     9.000    -2.344     0.109     0.000     0.000     1.000     0.000     0.977     1.988     3.012     3.962     2.074     0.118    -0.056     0.035    76.003     3.596    -0.711     1.493
     2.695     2.815         *         *     2.485    87.250    90.250         *         *    88.000     8.000   -12.931     0.033     1.000     0.000     0.000     0.000     0.693     1.728     2.700     3.644     2.727     0.131    -0.050     0.034    89.739     3.796    -1.003     1.382
     1.840         *         *         *         *    59.500         *         *         *         *     5.000    -1.038     0.058     0.000     0.000     1.000     0.000         *         *         *         *     1.872     0.196    -0.046     0.037    60.598     5.275    -1.069     1.792
     2.385     2.110     2.110         *         *    99.250    83.250    88.500         *         *     9.000    -2.935     0.007     1.000     0.000     0.000     0.000     0.747     1.760     2.853     3.849     2.248     0.125    -0.047     0.037    91.676     3.548    -2.798     1.695
     3.285     3.145     3.065     3.185         *    76.250    81.750    83.750    78.000         *    21.000    -6.637     0.134     0.000     0.000     0.000     0.000     1.013     2.127     3.003     4.189     3.252     0.119    -0.065     0.035    80.656     3.629    -0.214     1.489
     1.670         *         *         *         *    48.250         *         *         *         *     5.000     6.330    -0.069     1.000     0.000     1.000     0.000         *         *         *         *     1.641     0.196    -0.032     0.037    48.829     5.275    -1.052     1.792
     1.690     1.380         *         *     1.200    81.500    73.500         *    33.750    33.750     6.000    -1.615     0.058     0.000     0.000     0.000     0.000     0.920         *     3.403     3.932     1.587     0.133    -0.079     0.034    73.179     3.820    -8.325     1.265
     3.095     2.880     2.940         *         *    75.750    79.250    80.750         *         *    12.000     3.266     0.109     1.000     1.000     0.000     0.000     1.010     1.966     3.012     3.981     2.993     0.126    -0.068     0.037    78.880     3.651    -0.536     1.673
     2.460     2.215     2.290     2.150     2.095    60.500    63.500    65.750    76.000    60.250     5.000     2.741     0.007     1.000     0.000     1.000     0.000     0.994     2.015     3.028     4.000     2.300     0.116    -0.037     0.033    64.923     3.605     0.091     1.290
     2.145     2.180     1.775         *         *    84.000    75.750    60.500         *         *     5.000    -2.672    -0.044     1.000     0.000     0.000     0.000     0.972     2.012         *         *     2.093     0.126    -0.062     0.036    77.097     3.650    -3.955     1.666
     2.025         *         *         *         *    55.500         *         *         *         *    11.000     6.018     0.007     1.000     0.000     1.000     0.000         *         *         *         *     1.981     0.196    -0.022     0.037    56.080     5.275    -0.651     1.792
     3.220     2.870     2.820         *         *    95.000    93.750   105.250         *         *    11.000    -2.757     0.160     1.000     0.000     0.000     0.000     0.690     1.648         *         *     2.983     0.124    -0.042     0.037    98.274     3.514    -1.216     1.708
     1.750     1.740     1.660     1.270     1.235    63.000    57.500    56.250    51.750    52.750     9.000    13.177     0.007     0.000     0.000     0.000     0.000     0.983     2.004     3.017     4.027     1.746     0.116    -0.101     0.033    61.201     3.599    -2.604     1.286
     2.950     2.860     2.750     2.350         *    60.250    65.500    61.500    56.500         *    11.000    -2.957     0.210     1.000     0.000     0.000     0.000     0.994     1.821     2.845         *     2.787     0.117    -0.056     0.035    64.743     3.555    -1.866     1.527
     1.945         *         *         *         *    21.250         *         *         *         *    -7.000     3.628    -0.196     0.000     0.000     0.000     0.000     1.741         *         *         *     1.848     0.196    -0.135     0.037    25.696     5.275    -2.028     1.792
     2.320     2.975     1.500     2.370         *    95.000    89.500    85.000    77.750         *     5.000   -11.162    -0.044     0.000     0.000     0.000     0.000     0.520     1.752     2.549     3.565     2.418     0.114    -0.099     0.036    90.247     3.386    -3.257     1.544
     2.060     2.325     1.850         *         *    46.250    51.250    51.750         *         *    15.000     7.023    -0.044     0.000     0.000     0.000     0.000     0.463     1.487     2.724     3.515     2.139     0.123    -0.096     0.037    50.728     3.436    -0.890     1.720
     2.120     2.180     2.340     1.905         *    59.750    48.750    57.000    43.500         *     9.000     9.566     0.083     0.000     0.000     0.000     0.000     1.021     2.012     3.009         *     2.246     0.119    -0.079     0.035    57.291     3.612    -3.007     1.495
     2.415         *         *         *         *    73.000         *         *         *         *     7.000    -1.396     0.058     0.000     0.000     0.000     0.000         *         *         *         *     2.408     0.196    -0.082     0.037    73.411     5.275    -2.202     1.792
     2.320         *     1.935     1.985         *    72.500         *    51.000    80.250         *     6.000    -8.778    -0.044     0.000     0.000     1.000     0.000     1.974     3.368     4.301     5.180     2.244     0.148    -0.065     0.033    69.033     4.554    -0.444     1.283
     2.210     2.055     2.175         *         *    32.750    34.500    29.750         *         *    11.000     8.068    -0.044     1.000     1.000     0.000     0.000     0.977     2.308         *         *     2.195     0.127    -0.084     0.036    34.557     3.704    -0.826     1.624
     2.945     2.980     2.630     2.480         *   112.500   108.750    94.000    86.750         *    12.000   -12.115     0.058     2.000     0.000     0.000     0.000     0.997     2.289     3.053     3.967     2.787     0.120    -0.025     0.035   106.674     3.655    -4.225     1.471
     2.645     2.570     2.835     2.950     2.505    66.250    64.500    49.750    46.000    60.500     5.000     2.801     0.007     1.000     0.000     0.000     0.000     0.980     1.960     2.990     4.005     2.754     0.116    -0.045     0.033    63.082     3.588    -2.626     1.291
     1.905         *         *     1.815         *    65.500         *         *    60.750         *    -4.000   -15.997    -0.094     1.000     0.000     0.000     0.000     0.977     2.086     3.028         *     1.953     0.156    -0.059     0.035    67.257     4.528    -2.126     1.518
     1.350     1.550     1.295     1.620     1.425    86.000    69.250    72.250    71.250    65.750     6.000     1.897     0.058     0.000     0.000     1.000     0.000     0.865     1.870     2.867     3.882     1.517     0.114    -0.025     0.033    77.495     3.531    -2.671     1.307
     1.235         *         *         *         *    61.000         *         *         *         *    13.000    -1.547     0.083     0.000     0.000     0.000     0.000         *         *         *         *     1.420     0.196    -0.054     0.037    62.286     5.275    -1.916     1.792
     2.540     2.480         *     2.535     2.675    73.250    61.250         *    78.250    72.250     9.000   -13.038    -0.094     1.000     0.000     1.000     0.000     1.169     2.051     3.209     4.077     2.561     0.127    -0.014     0.033    69.668     3.882     0.821     1.279
     2.730     2.515         *         *         *    59.750    57.250         *         *         *     9.000    -5.076     0.007     1.000     0.000     1.000     0.000     0.997         *         *         *     2.578     0.146    -0.032     0.037    59.785     4.018    -0.144     1.769
         *         *         *         *     1.470         *         *         *    57.250    36.000    14.000     2.387     0.033     1.000     0.000     0.000     0.000         *     1.900     2.875     3.910     1.703     0.245    -0.045     0.039    58.483     6.987    -3.209     1.777
         *         *         *         *     1.705         *         *         *    76.750    77.250    11.000     7.129     0.160     0.000     0.000     1.000     0.000     0.925     1.958     2.916     3.948     1.926     0.246    -0.035     0.039    78.854     7.037    -0.908     1.775
         *         *         *         *         *         *         *         *    67.500         *     3.000     5.421    -0.094     0.000     0.000     0.000     0.000     0.945     1.949     2.930         *     2.044     0.491    -0.099     0.039    71.285     7.350    -2.204     1.845
         *         *         *         *     2.155         *         *         *    71.000    60.750    11.000     2.628     0.033     1.000     0.000     0.000     0.000     0.890     1.938     2.913     3.880     2.294     0.244    -0.044     0.039    73.813     7.009    -2.382     1.782
         *         *         *         *     2.520         *         *         *    69.000    58.750     9.000     3.704    -0.018     0.000     0.000     0.000     0.000     0.953     1.971     2.965     3.923     2.753     0.245    -0.088     0.039    71.445     7.070    -2.236     1.781
         *         *         *         *     1.940         *         *         *    48.250    45.500     9.000    -2.732     0.058     0.000     1.000     0.000     0.000     0.950     1.952     2.905     3.904     2.304     0.245    -0.101     0.039    54.496     7.011    -1.750     1.779
         *         *         *         *     2.290         *         *         *    80.500    71.750     5.000    -1.380     0.083     1.000     0.000     0.000     0.000     0.956     1.969     2.910     3.948     2.414     0.246    -0.040     0.039    85.161     7.033    -2.767     1.775
         *         *         *         *         *         *         *         *    64.250         *    10.000     3.745    -0.044     1.000     0.000     0.000     0.000     0.871     1.900     2.872         *     2.009     0.491    -0.054     0.039    68.619     7.290    -1.891     1.846
         *         *         *         *     1.385         *         *         *    71.750    74.000     5.000     1.604     0.109     0.000     0.000     0.000     0.000     1.029     2.034     3.025     3.997     1.819     0.247    -0.077     0.039    80.541     7.151    -2.441     1.777
         *         *         *         *     1.340         *         *         *    46.000    32.500    11.000     6.724     0.058     0.000     0.000     0.000     0.000     1.060     2.067     3.064     4.057     1.740     0.248    -0.083     0.039    52.241     7.207    -3.316     1.773
         *         *         *         *     2.945         *         *         *    68.250    70.750     9.000     0.914     0.033     0.000     0.000     0.000     0.000     1.024     2.012     3.012     3.989     3.118     0.247    -0.081     0.039    75.569     7.136    -1.677     1.777
         *         *         *         *     2.695         *         *         *   101.250    97.750    14.000    -0.304     0.083     0.000     0.000     0.000     0.000     0.977     1.960     2.957     3.951     2.946     0.246    -0.070     0.039   101.278     7.074    -1.116     1.778
         *         *         *         *     2.385         *         *         *    68.750    64.500     8.000    -0.791     0.134     0.000     0.000     1.000     0.000     1.002     1.977     2.971     4.000     2.489     0.247    -0.038     0.039    71.932     7.104    -1.385     1.773
         *         *         *         *     0.985         *         *         *    38.250    31.000     5.000     8.589     0.007     0.000     0.000     0.000     0.000     0.980     1.966     2.960     3.959     1.434     0.246    -0.093     0.039    47.348     7.079    -3.408     1.777
         *         *         *         *         *         *         *         *    72.750         *     8.000    -3.436     0.109     0.000     0.000     1.000     0.000     0.997     1.969     2.968     3.962     2.331     0.491    -0.040     0.039    75.644     7.390    -0.982     1.843
         *         *         *         *         *         *         *         *    49.250         *    14.000     9.541     0.033     0.000     0.000     0.000     0.000     0.966     1.941     2.943     3.959     2.129     0.491    -0.084     0.039    56.447     7.364    -2.089     1.844
         *         *         *         *     1.500         *         *         *         *    93.250     7.000    -3.598     0.033     1.000     0.000     0.000     0.000     1.117     2.037         *     4.022     1.809     0.247    -0.044     0.039    94.694     8.484    -1.467     1.797
         *         *         *         *     1.730         *         *         *    80.500    70.000     9.000     5.366     0.033     0.000     0.000     0.000     0.000     1.070     1.990     3.025     4.011     2.111     0.247    -0.082     0.039    81.814     7.156    -2.296     1.776
         *         *         *         *     2.250         *         *         *    73.750    77.250     6.000    -6.658     0.058     1.000     0.000     0.000     0.000     1.065     1.979     3.014     3.986     2.405     0.247    -0.042     0.039    82.300     7.137    -1.957     1.778
         *         *         *         *     1.935         *         *         *    76.250    70.250    13.000     1.969     0.033     1.000     0.000     0.000     0.000     1.087     2.007     3.028     4.019     2.134     0.247    -0.043     0.039    78.953     7.162    -1.851     1.775
         *         *         *         *     2.675         *         *         *    80.500    75.750    13.000    -6.215     0.007     0.000     0.000     0.000     0.000     1.070     1.985     3.003     3.986     2.928     0.247    -0.080     0.039    82.651     7.128    -1.361     1.777
         *         *         *         *         *         *         *         *    87.000         *     6.000     4.961     0.083     1.000     0.000     0.000     0.000     1.065     1.993     3.017         *     2.259     0.491    -0.040     0.039    90.772     7.442    -2.385     1.842
         *         *     0.815     2.035     1.895         *    62.500    55.000    60.250    65.000     5.000     1.372     0.033     1.000     0.000     1.000     0.000     1.024     2.015     3.009     3.997     1.536     0.165     0.019     0.037    61.954     4.667    -0.498     1.502
         *         *     1.845         *     1.255         *    71.750    73.000         *    53.750     5.000     3.589     0.007     0.000     0.000     1.000     0.000     0.972     1.971         *     3.964     1.771     0.183    -0.066     0.037    72.372     4.720    -2.990     1.517
     1.215         *         *         *         *    63.250         *         *         *         *     5.000    -1.070     0.160     1.000     0.000     0.000     0.000     1.128         *         *         *     1.360     0.196    -0.018     0.037    65.255     5.275    -2.790     1.792
     2.375     2.245     2.400         *         *    92.250    95.250    86.250         *         *    15.000   -10.439     0.109     1.000     1.000     1.000     0.000     1.229     2.533         *         *     2.359     0.129    -0.011     0.036    90.837     3.811    -0.208     1.593
     3.265     2.945     2.760     3.490     3.260   102.500    95.750   107.250    93.500    91.000     6.000     3.452     0.160     1.000     0.000     0.000     0.000     0.652     1.689     2.661     3.674     3.143     0.112    -0.017     0.034   102.141     3.421    -2.694     1.333
     1.720     2.135     1.805     1.610         *    84.250    66.250    78.000    80.500         *     9.000     0.392     0.083     1.000     0.000     1.000     0.000     1.005     1.990     3.023         *     1.847     0.118    -0.010     0.035    77.944     3.605    -0.785     1.493
     2.735     2.620     2.525     2.600     2.515    80.750    92.750    74.250    84.750    77.250     5.000    -6.872    -0.018     1.000     0.000     0.000     0.000     0.961     1.955     2.831     3.973     2.686     0.115    -0.053     0.033    85.207     3.568    -1.787     1.304
     2.640         *         *         *         *   100.500         *         *         *         *    12.000   -12.591     0.058     1.000     0.000     0.000     0.000     1.229         *         *         *     2.648     0.196    -0.034     0.037    98.732     5.275    -1.844     1.792
     3.535         *     3.630         *         *    92.750         *    88.500         *         *     9.000    -4.980     0.134     1.000     0.000     0.000     0.000     1.070     2.029     3.173     3.964     3.528     0.151    -0.043     0.037    92.713     4.275    -1.894     1.665
     2.920     2.955     3.060         *         *    86.250    99.000    87.750    75.250         *     7.000    -5.840     0.160     1.000     1.000     0.000     0.000     1.084     2.103     3.086         *     2.993     0.127    -0.050     0.036    90.846     3.652    -2.421     1.482
     2.290     2.175         *         *         *    77.750    70.750         *         *         *     9.000     2.913     0.083     0.000     0.000     0.000     0.000     1.024         *         *         *     2.280     0.147    -0.076     0.037    75.418     4.024    -2.668     1.767
     1.765         *         *         *         *    61.250         *         *         *         *    -3.000     8.569    -0.018     1.000     0.000     1.000     0.000         *         *         *         *     1.714     0.196    -0.033     0.037    60.373     5.275    -2.299     1.792
     1.025         *         *         *         *    43.750         *         *         *         *     4.000    -0.742    -0.069     2.000     0.000     0.000     0.000     1.018         *         *         *     1.103     0.196    -0.016     0.037    46.291     5.275    -2.085     1.792
     1.140     1.210     1.170         *         *    53.500    56.250    66.250         *         *     9.000     0.736     0.134     1.000     0.000     0.000     0.000     0.750     1.774     2.787     3.781     1.248     0.125    -0.020     0.037    60.239     3.551    -1.237     1.694
     3.170     2.160     2.375     2.310         *    77.500    65.000    72.250    75.000         *     7.000     3.354     0.058     0.000     0.000     1.000     0.000     1.049     1.979     2.987         *     2.605     0.118    -0.079     0.035    73.251     3.612    -0.745     1.501
     2.905     2.875         *         *         *    72.500    89.000         *         *         *    15.000    -1.796     0.058     1.000     0.000     0.000     0.000     0.556         *         *         *     2.862     0.145    -0.048     0.037    80.890     3.935    -0.973     1.787
     1.665         *         *         *         *    64.750         *         *         *         *    10.000     4.819     0.185     1.000     1.000     0.000     0.000         *         *         *         *     1.735     0.196    -0.042     0.037    65.665     5.275    -1.826     1.792
     2.730         *     2.790     2.885     2.730    79.250         *    74.000    58.250    56.250    11.000     0.734     0.058     1.000     0.000     0.000     0.000     0.997     2.018     3.075     4.044     2.825     0.131    -0.034     0.034    76.380     4.108    -3.977     1.326
     2.630     2.755         *         *         *    98.500    96.000         *         *         *    11.000    -7.105     0.109     0.000     0.000     0.000     0.000     0.490         *         *         *     2.717     0.145    -0.065     0.037    96.866     3.925    -2.233     1.789
     2.950     2.765     2.785     2.070     1.940   101.500    87.000    79.750   101.500    76.750     9.000    -7.899     0.134     0.000     0.000     0.000     0.000     0.706     1.470     2.475     3.461     2.697     0.110    -0.114     0.034    93.755     3.373    -2.892     1.378
     2.615     2.225     2.610         *         *    78.000    80.000    78.500         *         *    13.000     0.879     0.058     0.000     0.000     0.000     0.000     0.991     1.990         *         *     2.553     0.126    -0.073     0.037    79.978     3.651    -1.526     1.669
     2.055     2.150         *         *         *    62.250    58.000         *         *         *    11.000     7.789    -0.018     1.000     0.000     0.000     0.000     0.778         *         *         *     2.104     0.146    -0.055     0.037    61.059     3.974    -2.129     1.780
     2.995     3.065     3.005     2.845         *   103.500    96.000   103.500   102.500         *     5.000    -0.389     0.058     1.000     0.000     1.000     0.000     1.005     1.993     2.962     3.978     2.975     0.118    -0.021     0.035   101.195     3.600    -0.668     1.502
     2.480     2.420     1.550     2.285         *    92.500    85.750    83.250    88.750         *    10.000     3.981     0.007     0.000     0.000     0.000     0.000     0.912     1.930     2.908     3.951     2.321     0.117    -0.089     0.035    89.374     3.558    -2.010     1.508
     1.940     1.795     1.745     0.815     1.370    42.250    53.750    59.000    58.000    62.000     7.000    11.129    -0.171     0.000     1.000     0.000     0.000     0.920     1.878     2.883     3.907     1.823     0.115    -0.149     0.033    51.270     3.549     1.600     1.307
     2.105     2.275         *         *         *    45.000    48.500         *         *         *     5.000     3.633     0.083     0.000     0.000     1.000     0.000     1.054         *     3.179     3.978     2.188     0.147    -0.053     0.037    48.684     4.030    -0.666     1.765
     2.095         *         *         *         *    29.500         *         *         *         *     5.000    13.651    -0.044     1.000     0.000     0.000     0.000         *         *         *         *     1.986     0.196    -0.078     0.037    33.230     5.275    -1.902     1.792
     3.445         *     2.845     3.035     2.915    85.750         *    76.000    66.250    76.500     9.000    -6.448     0.109     1.000     0.000     0.000     0.000     1.035     1.999     3.009     4.151     3.163     0.131    -0.060     0.034    82.252     4.095    -2.487     1.316
     2.195     2.460     1.910     2.345     1.795   113.000    95.500   104.250   100.250    98.250     9.000    -9.232     0.083     0.000     0.000     0.000     0.000     0.991     1.988     3.009     3.984     2.305     0.116    -0.070     0.033   105.928     3.598    -2.271     1.293
     1.910         *         *         *         *    52.000         *         *         *         *     6.000    -6.439    -0.120     1.000     0.000     0.000     0.000         *         *         *         *     1.907     0.196    -0.065     0.037    54.085     5.275    -1.359     1.792
     2.115         *         *         *         *    76.500         *         *         *         *     9.000     0.827     0.134     0.000     0.000     1.000     0.000         *         *         *         *     2.144     0.196    -0.034     0.037    75.866     5.275    -1.312     1.792
     2.340     2.180     1.710         *         *    80.250    81.750    76.750         *         *     6.000     0.339     0.033     1.000     1.000     0.000     0.000     1.073     1.966         *     3.869     2.158     0.127    -0.079     0.037    80.623     3.668    -1.816     1.673
     2.390         *         *         *         *    47.500         *         *         *         *    18.000    14.669     0.058     0.000     1.000     0.000     0.000         *         *         *         *     2.333     0.196    -0.107     0.037    48.662     5.275    -0.666     1.792
     2.530         *         *         *         *    59.500         *         *         *         *     9.000     2.979     0.058     1.000     0.000     1.000     0.000         *         *         *         *     2.423     0.196    -0.025     0.037    60.885     5.275    -0.584     1.792
     2.075     2.140     1.975     2.150         *    56.250    56.500    51.500    52.750         *    10.000     0.802    -0.018     1.000     0.000     0.000     0.000     1.013     2.103     3.009         *     2.147     0.119    -0.048     0.035    57.405     3.626    -1.726     1.490
     0.860         *         *         *         *    60.500         *         *         *         *     5.000    10.940     0.007     1.000     0.000     0.000     0.000         *         *         *         *     0.997     0.196    -0.037     0.037    59.501     5.275    -3.391     1.792
     1.595     1.820     1.985         *         *    53.250    22.000    33.500         *         *    10.000     9.437    -0.120     1.000     0.000     0.000     0.000     0.942     1.960         *         *     1.830     0.126    -0.058     0.037    40.058     3.633    -2.990     1.673
     1.820         *         *         *         *    62.500         *         *         *         *     5.000     3.836     0.109     0.000     0.000     1.000     0.000         *         *         *         *     1.853     0.196    -0.041     0.037    63.040     5.275    -1.515     1.792
     2.810         *         *         *         *    53.250         *         *         *         *    11.000     1.604     0.058     0.000     0.000     0.000     0.000         *         *         *         *     2.721     0.196    -0.093     0.037    56.434     5.275    -1.213     1.792
     1.985     1.910     1.870     1.510         *    77.750    78.750    73.250    68.000         *     9.000    -5.834     0.033     1.000     0.000     0.000     0.000     1.073     2.081     3.058     4.047     1.921     0.119    -0.053     0.035    78.313     3.643    -2.566     1.487
     2.980     2.810     1.990     2.075         *    63.750    52.750    63.000    55.500         *    11.000     6.220     0.033     0.000     0.000     0.000     0.000     1.018     2.007     3.025         *     2.640     0.119    -0.126     0.035    61.662     3.612    -1.774     1.492
     0.940     0.735     0.755         *         *    50.500    52.750    63.250         *         *    10.000     6.075    -0.044     1.000     0.000     1.000     0.000     0.917     1.799     2.804     3.778     0.876     0.125    -0.012     0.037    54.994     3.597    -0.093     1.693
     1.815     1.375         *         *         *    37.250    21.500         *         *         *     5.000    -5.958    -0.221     0.000     0.000     1.000     0.000     0.977         *         *         *     1.633     0.146    -0.089     0.037    31.378     4.014    -0.476     1.770
     1.335         *         *     1.535     1.805    87.750         *         *    79.500    87.750    12.000     1.574    -0.044     0.000     0.000     1.000     0.000     1.008     2.010     3.201     4.172     1.625     0.146    -0.012     0.034    84.409     4.511    -0.461     1.307
     3.250     3.025     3.150     2.985     2.915    83.000    71.000    67.000    72.500    64.250    12.000     5.391     0.007     0.000     0.000     0.000     0.000     0.953     1.916     2.910     3.907     3.201     0.115    -0.089     0.033    76.568     3.567    -2.625     1.307
     1.165     1.160     1.115     1.160         *    82.500    76.000    89.500    77.500         *     9.000    -0.348     0.160     2.000     0.000     0.000     0.000     1.054     1.955     2.957     4.129     1.175     0.118     0.018     0.035    84.109     3.606    -2.148     1.507
     1.385     1.335         *     1.315         *    35.750    35.000         *    38.000         *     5.000    -5.029     0.058     1.000     1.000     1.000     0.000     0.972     2.021     3.001         *     1.400     0.130    -0.031     0.035    37.540     3.806     0.194     1.510
     2.485     2.415     2.445     2.475         *    65.500    78.000    64.000    72.500         *     9.000     5.593     0.058     0.000     0.000     0.000     0.000     0.947     2.012     2.806     4.049     2.549     0.118    -0.074     0.035    71.867     3.574    -1.372     1.521
         *     1.765     1.955     1.975     1.685         *    52.500    45.500    47.500    47.750     5.000     5.615    -0.018     1.000     0.000     0.000     0.000     0.966     1.960     2.971     3.995     1.967     0.138    -0.054     0.036    54.033     4.605    -2.144     1.492
     1.150         *         *         *         *    65.000         *         *         *         *    12.000     7.921    -0.018     1.000     0.000     0.000     0.000         *         *         *         *     1.274     0.196    -0.036     0.037    63.641     5.275    -2.571     1.792
     1.480     1.335     1.245         *         *    53.000    48.750    35.000         *         *     8.000     9.941     0.160     1.000     1.000     0.000     0.000     0.991     1.988         *         *     1.429     0.126    -0.055     0.037    49.739     3.651    -3.268     1.670
     1.160     1.075     0.825         *         *    61.250    57.750    55.750         *         *     9.000    -1.895     0.033     0.000     1.000     1.000     0.000     0.983     1.999         *         *     1.138     0.126    -0.060     0.036    58.778     3.651    -0.718     1.668
     1.510     1.695         *         *         *    89.250    64.000         *         *         *     5.000    -3.469     0.033     1.000     1.000     0.000     0.000     0.994         *         *         *     1.666     0.146    -0.053     0.037    77.533     4.017    -3.097     1.769
         *         *         *         *         *    77.500    80.000         *         *         *    12.000    -1.103     0.033     1.000     0.000     0.000     0.000     0.994         *         *         *     2.299     0.494    -0.043     0.039    79.160     4.021    -1.756     1.787
     3.065     2.595         *         *         *    78.500    72.500         *         *         *    11.000    -3.554    -0.044     1.000     1.000     0.000     0.000     1.487     2.396     3.589     4.515     2.835     0.148    -0.090     0.037    75.796     4.133    -0.984     1.728
     2.520     2.465     2.340     2.130         *    93.000    88.500    95.750    90.750         *    11.000    -0.583     0.058     0.000     0.000     1.000     0.000     1.095     2.089     3.064     4.192     2.450     0.119    -0.053     0.035    91.758     3.651    -0.512     1.486
     0.860     0.940     0.805     1.040     0.920    57.000    62.750    62.750    59.500    58.250     9.000     0.090     0.058     1.000     0.000     1.000     0.000     0.808     1.802     2.804     3.811     0.939     0.113     0.006     0.033    61.362     3.497    -0.756     1.317
     2.010         *         *     1.600         *    38.000         *         *    40.750         *    13.000     4.509     0.083     0.000     0.000     0.000     0.000     0.794     1.818     2.987         *     1.954     0.156    -0.086     0.036    42.987     4.519    -1.015     1.524
     1.605     1.695     2.160     1.750         *    57.250    61.750    62.500    62.750         *     6.000     5.153    -0.018     0.000     0.000     1.000     0.000     0.605     1.533     2.565     3.584     1.852     0.114    -0.041     0.036    61.220     3.371    -0.360     1.558
     2.290         *         *         *         *    72.000         *         *         *         *     5.000     4.717     0.058     0.000     0.000     0.000     0.000         *         *         *         *     2.277     0.196    -0.085     0.037    71.690     5.275    -2.760     1.792
     2.545     2.650     2.495     2.065         *    36.250    36.250    38.750    38.000         *     9.000     2.344    -0.094     1.000     0.000     0.000     0.000     1.021     2.081     2.815     4.030     2.529     0.118    -0.087     0.035    39.375     3.607    -0.671     1.519
     2.575     2.490     2.515     2.400     1.950    84.500    74.000    67.750    67.750    58.000     0.000     8.252     0.033     1.000     1.000     0.000     0.000     1.084     2.059     3.110     4.104     2.545     0.117    -0.090     0.033    78.484     3.643    -4.082     1.277
     2.320     1.885     1.930     2.265     2.020    97.000    83.750    77.000    77.500    82.500     5.000    -8.203     0.033     1.000     0.000     1.000     0.000     0.966     1.889     2.932     3.869     2.108     0.115    -0.012     0.033    87.596     3.568    -2.287     1.312
     2.420     2.880     2.630     2.410         *    60.750    61.250    71.750    57.000         *    10.000   -11.127     0.033     1.000     0.000     0.000     0.000     0.561     1.591     2.628     3.595     2.630     0.114    -0.051     0.036    64.767     3.377    -0.981     1.543
     2.530     2.785         *         *         *    79.250    77.750         *         *         *    18.000    -5.982     0.033     0.000     0.000     0.000     0.000     0.991         *         *         *     2.691     0.146    -0.071     0.037    79.008     4.016    -1.012     1.769
     2.060     2.040     2.145     2.020         *    63.500    80.000    73.000    71.250         *    21.000    -4.167     0.007     0.000     0.000     0.000     0.000     1.016     1.996     3.009     4.055     2.182     0.118    -0.062     0.035    71.868     3.607    -0.014     1.495
     2.370     2.035     1.640     2.085     2.095    89.500    82.000    81.750    78.250    77.000    11.000     0.778     0.033     0.000     0.000     0.000     0.000     0.964     1.971     3.023     3.967     2.193     0.116    -0.069     0.033    86.023     3.589    -2.453     1.293
     1.350         *     1.220         *         *    53.000         *    53.500         *         *     6.000     3.825     0.007     1.000     0.000     0.000     0.000         *     2.007     3.006     3.970     1.378     0.151    -0.046     0.037    55.857     4.269    -2.133     1.668
     1.845     1.940     1.520         *         *    88.250    76.250    78.500         *         *    14.000     1.990     0.058     1.000     0.000     0.000     0.000     1.018     2.001         *     3.989     1.839     0.127    -0.038     0.037    82.974     3.660    -2.712     1.668
     2.220         *         *         *     2.180    75.250         *         *         *    77.000     9.000     3.253     0.134     1.000     0.000     0.000     0.000     0.652         *     2.475     3.606     2.258     0.159    -0.031     0.035    78.270     4.655    -1.346     1.426
     1.870         *         *         *         *    26.250         *         *         *         *    13.000     7.524    -0.018     1.000     1.000     0.000     0.000         *         *         *         *     1.829     0.196    -0.081     0.037    30.466     5.275    -0.172     1.792
     2.035         *         *         *         *    76.750         *         *         *         *     9.000     8.463     0.007     1.000     0.000     0.000     0.000         *         *         *         *     2.029     0.196    -0.049     0.037    74.713     5.275    -2.819     1.792
     2.060     2.585         *         *         *    78.000    73.750         *         *         *     7.000    -0.950     0.033     1.000     0.000     0.000     0.000     0.903         *         *         *     2.323     0.146    -0.041     0.037    76.850     3.998    -2.398     1.774
     2.115         *         *         *         *    63.750         *         *         *         *     6.000    12.115     0.083     1.000     0.000     0.000     0.000         *         *         *         *     2.073     0.196    -0.051     0.037    64.015     5.275    -2.938     1.792
     1.255     1.510         *         *         *    90.000    80.000         *         *         *    13.000    -9.697     0.007     1.000     0.000     1.000     0.000     1.626     3.335         *     6.111     1.450     0.149     0.014     0.037    84.816     4.169    -1.349     1.714
     2.440     2.680     2.870     2.555     2.535    68.500    61.000    75.750    73.000    67.750     7.000    -3.912     0.058     0.000     0.000     1.000     0.000     0.994     2.144     2.965     3.945     2.672     0.116    -0.038     0.033    68.938     3.623     0.226     1.301
     3.000         *         *         *         *    66.250         *         *         *         *     8.000   -22.094     0.058     0.000     0.000     1.000     0.000         *         *         *         *     2.930     0.196    -0.053     0.037    70.057     5.275     0.776     1.792
     1.625     1.425     1.470     1.345     1.405    84.500    80.750    82.250    80.250    83.750     9.000    -1.969    -0.069     1.000     1.000     0.000     0.000     0.988     2.007     3.009     3.967     1.601     0.116    -0.063     0.033    82.674     3.601    -0.656     1.295
     1.785         *         *         *         *    67.750         *         *         *         *     7.000    15.242    -0.044     1.000     0.000     0.000     0.000     0.712         *         *         *     1.773     0.196    -0.059     0.037    65.437     5.275    -3.168     1.792
     2.470     3.020     2.785     2.895     2.655    73.250    77.500    69.000    53.250    55.000     6.000    -1.498     0.058     0.000     1.000     0.000     0.000     0.956     1.971     3.003     3.964     2.883     0.116    -0.076     0.033    73.382     3.585    -3.771     1.294
     2.395     2.325     2.315     2.225     2.175    88.750    72.000    88.750    73.750    86.000     9.000    -3.381     0.058     1.000     0.000     0.000     0.000     1.038     1.999     3.017     3.986     2.376     0.116    -0.044     0.033    84.095     3.614    -1.250     1.295
     2.790         *         *         *         *    93.750         *         *         *         *     5.000   -16.222     0.007     1.000     0.000     0.000     0.000     1.254         *         *         *     2.747     0.196    -0.050     0.037    93.136     5.275    -1.898     1.792
     3.220     3.225         *         *         *    54.500    68.000         *         *         *     9.000    -5.292     0.109     1.000     1.000     0.000     0.000     1.046     1.812     2.790     3.989     3.170     0.147    -0.077     0.037    62.916     4.028     0.278     1.765
     2.850     2.930     2.735     2.655     2.655    86.500    97.250    79.750    86.750    77.250    10.000   -10.418     0.007     1.000     0.000     0.000     0.000     1.068     2.034     2.992     4.019     2.855     0.116    -0.052     0.033    89.780     3.626    -2.179     1.295
     1.740     1.835     1.710         *         *    61.000    78.500    60.250         *         *    12.000    -4.641     0.109     1.000     0.000     0.000     0.000     1.040     1.960         *         *     1.821     0.127    -0.027     0.037    68.785     3.658    -1.639     1.674
     3.485     2.615     3.380         *         *    76.750    79.500    63.250         *         *    11.000   -13.769     0.058     1.000     0.000     0.000     0.000     0.923     1.878         *         *     3.162     0.126    -0.052     0.037    76.092     3.613    -1.903     1.683
     0.570     1.215         *         *         *    58.000    62.750         *         *         *     9.000    -0.493     0.007     1.000     0.000     0.000     0.000     1.016         *         *         *     0.997     0.147    -0.018     0.037    61.527     4.022    -2.088     1.767
     2.560     2.440         *         *         *    85.000    87.750         *         *         *    10.000    -2.853     0.109     0.000     0.000     0.000     0.000     0.903     1.766     2.765     3.759     2.541     0.146    -0.070     0.037    86.778     3.998    -2.075     1.774
     1.935         *         *     1.590     1.505    45.500         *         *    34.500    36.250    10.000     5.103     0.083     0.000     0.000     0.000     0.000     1.038     2.114     3.113     4.030     1.895     0.145    -0.087     0.034    46.297     4.481    -2.613     1.329
     1.680     1.710         *         *         *    61.750    55.500         *         *         *    11.000     6.179     0.134     0.000     0.000     0.000     0.000     1.018         *         *         *     1.772     0.147    -0.063     0.037    60.736     4.022    -2.578     1.767
     1.755     2.145     2.410     2.340     2.245    69.500    73.000    57.250    59.750    57.250     9.000    -4.813     0.109     1.000     0.000     1.000     0.000     0.646     1.676     2.664     3.655     2.133     0.111     0.021     0.034    68.010     3.417    -2.404     1.335
     2.205     2.035     1.860     2.135     1.975    76.250    70.500    67.250    58.750    59.750     9.000     0.479     0.058     0.000     0.000     0.000     0.000     0.906     1.914     2.938     3.945     2.177     0.115    -0.068     0.033    73.158     3.556    -3.392     1.297
     1.950     1.950     1.835     1.710         *    67.750    54.500    49.250    41.000         *     9.000     2.004     0.007     1.000     0.000     0.000     0.000     0.980     2.018     3.009     4.000     1.941     0.118    -0.055     0.035    60.144     3.601    -4.313     1.492
     1.885     2.020         *         *         *    45.000    63.000         *         *         *     7.000    11.718    -0.145     1.000     0.000     0.000     0.000     0.901     1.930     3.028     3.959     1.953     0.146    -0.074     0.037    54.073     3.998    -1.421     1.774
     1.310     1.325     1.145         *         *    79.250    74.000    78.500         *         *     3.000    -2.888     0.109     0.000     1.000     0.000     0.000     1.010     2.059         *         *     1.403     0.127    -0.079     0.036    78.740     3.669    -2.091     1.660
     2.020         *     1.580     1.585     1.360    71.500         *    78.250    71.500    61.000     9.000     4.238     0.083     1.000     0.000     1.000     0.000     0.873     1.875     2.875     3.871     1.732     0.129    -0.036     0.034    73.972     4.037    -1.801     1.357
     2.230         *         *         *         *    65.750         *         *         *         *     6.000    -2.177    -0.018     0.000     0.000     0.000     0.000     0.879     1.884         *     3.817     2.230     0.196    -0.090     0.037    66.383     5.275    -2.019     1.792
     1.810     1.960     1.565         *         *    82.000   101.500    94.750         *         *     6.000    -9.188     0.033     1.000     1.000     1.000     0.000     1.049     1.895     3.441     4.556     1.832     0.126    -0.025     0.037    90.621     3.648     0.677     1.682
     2.140     2.120     1.630         *         *    68.000    57.500    51.000         *         *     9.000    14.253    -0.018     0.000     0.000     0.000     0.000     0.728     1.966     3.020     3.948     2.051     0.125    -0.104     0.036    61.676     3.580    -3.542     1.667
     2.585     2.570         *         *         *    83.250    78.750         *         *         *    10.000    -6.658     0.058     0.000     0.000     0.000     0.000     1.018     2.012     3.025     4.027     2.614     0.147    -0.076     0.037    81.972     4.022    -1.940     1.767
     1.270         *         *         *         *    34.250         *         *         *         *     5.000     6.168    -0.069     1.000     0.000     0.000     0.000         *         *         *         *     1.313     0.196    -0.060     0.037    37.251     5.275    -2.000     1.792
     2.675         *     2.095     2.040     1.970    29.250         *    29.250    26.250    25.500    13.000     0.104     0.058     0.000     0.000     0.000     0.000     1.002     2.070     3.075     4.320     2.432     0.132    -0.107     0.033    32.879     4.125    -1.468     1.292
     3.190         *         *         *         *    87.500         *         *         *         *     9.000   -16.884     0.083     0.000     0.000     0.000     0.000         *         *         *         *     3.136     0.196    -0.079     0.037    88.715     5.275    -1.231     1.792
     1.340     1.440     1.385     1.175     1.395    53.750    42.000    56.250    45.250    47.750    15.000     3.781     0.058     1.000     0.000     0.000     0.000     0.983     1.996     3.053     4.027     1.434     0.116    -0.032     0.033    52.344     3.600    -1.451     1.284
     2.555     2.635     2.490     2.395     2.620    97.250    96.000   102.750    90.000    86.750     9.000    -4.101     0.033     1.000     0.000     0.000     0.000     0.854     1.823     2.982     3.959     2.599     0.114    -0.035     0.033    98.483     3.529    -2.383     1.288
     2.545         *         *         *         *   118.000         *         *         *         *     9.000   -20.966     0.033     1.000     0.000     0.000     0.000         *         *     3.737         *     2.601     0.196    -0.028     0.037   114.467     5.275    -2.185     1.792
     2.155         *     0.930     0.795         *    36.250    44.000    18.500    20.250         *    11.000     1.569    -0.171     0.000     0.000     0.000     0.000     0.997     2.431     2.916         *     1.588     0.137    -0.155     0.035    36.278     3.665    -3.635     1.479
     2.145     2.330     2.275         *     1.935    76.250    76.750    67.500    66.500    51.500     9.000    -1.290     0.109     0.000     1.000     0.000     0.000     0.991     2.007     3.012     4.019     2.321     0.121    -0.087     0.034    75.371     3.601    -3.763     1.288
     1.860     2.415         *         *         *    55.750    43.750         *         *         *     9.000     1.793     0.033     1.000     0.000     1.000     0.000     1.016         *         *         *     2.106     0.147    -0.014     0.037    51.659     4.022    -1.000     1.767
     1.655     1.695         *         *         *    72.250    64.750         *         *         *    10.000     5.166     0.109     0.000     0.000     0.000     0.000     1.008         *         *         *     1.759     0.147    -0.062     0.037    69.889     4.020    -2.889     1.768
     1.930     2.100         *         *         *    50.000    47.500         *         *         *    -3.000    -4.194    -0.018     1.000     0.000     1.000     0.000     1.361     2.084     2.639     3.852     1.993     0.148    -0.030     0.037    51.132     4.102    -1.244     1.741
     2.475     2.485     2.400     2.395     2.415    77.000    76.000    74.500    68.500    67.250    11.000     6.398     0.083     0.000     0.000     0.000     0.000     0.997     2.062     3.036     4.005     2.555     0.116    -0.065     0.033    77.421     3.615    -2.444     1.289
     1.905     2.020     1.750     1.685     1.800    69.500    65.750    71.500    63.000    64.750     6.000     2.489     0.134     0.000     0.000     0.000     0.000     0.991     1.897     2.938     3.871     1.977     0.115    -0.067     0.033    71.059     3.577    -2.108     1.313
     1.890     1.990     1.710     1.875         *    84.250    73.500    74.500    71.750         *     8.000     1.550     0.058     0.000     0.000     0.000     0.000     1.008     1.969     2.998     4.016     1.986     0.118    -0.068     0.035    79.969     3.599    -2.928     1.498
     2.360     2.240         *         *         *    85.000    73.750         *         *         *    11.000     0.843     0.058     0.000     0.000     1.000     0.000     0.454         *         *         *     2.309     0.145    -0.045     0.037    78.769     3.920    -1.276     1.789
     2.755         *         *         *         *    77.000         *         *         *         *    12.000    -3.699     0.083     0.000     0.000     0.000     0.000         *         *         *         *     2.727     0.196    -0.078     0.037    77.620     5.275    -1.619     1.792
     0.680         *         *         *         *    68.000         *         *         *         *     9.000     6.888     0.058     1.000     0.000     0.000     0.000         *         *         *         *     0.887     0.196    -0.019     0.037    66.734     5.275    -3.194     1.792
     3.500         *         *         *         *   103.250         *         *         *         *     5.000   -12.857    -0.018     1.000     0.000     0.000     0.000         *         *         *         *     3.345     0.196    -0.065     0.037   101.209     5.275    -2.004     1.792
     1.995         *         *     1.925         *    52.500         *         *    38.250         *     5.000     1.306    -0.120     0.000     0.000     1.000     0.000         *         *     2.612         *     2.016     0.154    -0.071     0.036    48.571     4.427    -1.868     1.582
     2.625     1.885     2.230     1.775     2.135    66.000    64.000    76.500    66.500    71.250     6.000    -2.949     0.083     2.000     0.000     0.000     0.000     1.021     1.999     3.028     4.014     2.193     0.116    -0.032     0.033    70.215     3.610    -0.576     1.290
     2.195     2.265         *         *         *    65.000    60.500         *         *         *     7.000    10.136    -0.069     0.000     1.000     1.000     0.000     0.936     1.856         *         *     2.224     0.146    -0.089     0.037    61.752     4.005    -0.632     1.772
     3.480         *         *         *         *    85.500         *         *         *         *     5.000   -15.915     0.058     1.000     0.000     0.000     0.000         *         *         *         *     3.327     0.196    -0.060     0.037    87.175     5.275    -1.375     1.792
     1.550     1.460         *         *         *    48.750    55.750         *         *         *     9.000     3.066    -0.094     0.000     0.000     0.000     0.000     1.112         *         *         *     1.596     0.147    -0.090     0.037    53.165     4.043    -1.466     1.761
     2.040     1.545     1.950         *         *    76.500    80.250    78.250         *         *     5.000    -4.214     0.083     1.000     1.000     1.000     0.000     0.980     1.985     2.979     3.973     1.879     0.126    -0.024     0.037    78.114     3.647    -0.389     1.670
     1.260     1.620         *     1.425         *    56.000    64.000         *    59.750         *     9.000    -5.363     0.058     1.000     0.000     1.000     0.000     1.221     2.371     3.023         *     1.464     0.131     0.003     0.035    60.758     3.881    -0.289     1.514
     2.170     2.200     2.245     2.230         *    77.250    80.000    76.000    62.000         *     9.000    -5.295     0.134     1.000     0.000     0.000     0.000     1.032     2.045     3.031         *     2.252     0.119    -0.025     0.035    79.027     3.623    -3.174     1.490
     1.955         *         *         *         *    85.500         *         *         *         *    14.000     0.194     0.058     1.000     1.000     0.000     0.000     0.758     1.741     2.875         *     2.011     0.196    -0.050     0.037    82.916     5.275    -1.560     1.792
     2.340     2.275     2.395     2.325         *    65.000    47.250    68.500    55.000         *    10.000     6.489     0.134     1.000     0.000     1.000     0.000     1.013     1.999     3.031         *     2.323     0.118    -0.008     0.035    60.935     3.609    -1.032     1.492
     1.460     1.770         *         *         *    55.000    46.250         *         *         *     7.000    10.546     0.007     0.000     0.000     0.000     0.000     1.027     2.004         *         *     1.676     0.147    -0.080     0.037    52.560     4.024    -2.882     1.767
     2.050     1.865     1.860     1.910     1.740    78.750    76.500    78.750    83.750    77.250     6.000     3.844     0.033     0.000     0.000     0.000     0.000     0.901     1.916     2.908     3.910     2.042     0.115    -0.075     0.033    80.468     3.553    -1.079     1.304
     2.305     2.115     2.115     2.065     2.395    66.750    70.000    67.250    63.500    67.750     5.000    -5.339     0.058     1.000     1.000     0.000     0.000     1.309     1.906     2.962     3.918     2.288     0.117    -0.049     0.034    69.238     3.665    -0.969     1.323
     2.295     2.270     2.045     2.165     2.275    63.250    59.250    58.500    51.250    50.000     7.000     1.697    -0.018     0.000     0.000     0.000     0.000     0.994     1.990     3.009     4.008     2.346     0.116    -0.074     0.033    62.338     3.599    -2.799     1.290
     1.560         *         *         *         *    44.250         *         *         *         *    12.000    12.192    -0.069     1.000     0.000     0.000     0.000         *         *         *         *     1.574     0.196    -0.059     0.037    45.198     5.275    -1.904     1.792
     2.145     2.460     2.240     1.990     2.215    66.750    69.500    57.250    57.750    59.000     5.000     3.107     0.033     1.000     0.000     0.000     0.000     0.977     1.996     2.990     3.989     2.292     0.116    -0.048     0.033    67.498     3.594    -2.651     1.293
     1.660         *         *         *         *    50.500         *         *         *         *     5.000     9.251    -0.171     0.000     0.000     0.000     0.000         *         *         *         *     1.669     0.196    -0.109     0.037    49.834     5.275    -2.391     1.792
     2.620         *         *         *         *    64.000         *         *         *         *     9.000     4.022    -0.120     0.000     0.000     0.000     0.000         *         *         *         *     2.532     0.196    -0.111     0.037    63.369     5.275    -1.743     1.792
     2.390     2.340     2.390     2.145     2.215    72.000    74.000    66.500    75.500    65.750    11.000     6.839    -0.018     0.000     0.000     0.000     0.000     1.016     1.990     3.006     4.008     2.451     0.116    -0.081     0.033    73.349     3.605    -1.485     1.292
     3.470         *         *         *     2.090    88.000         *         *         *    91.000    11.000    -6.634     0.109     0.000     0.000     0.000     0.000         *     1.227     2.237     3.217     2.978     0.157    -0.122     0.035    90.208     4.572    -0.864     1.488
     2.005         *     1.855         *         *    70.000         *    61.250         *         *    12.000     3.201    -0.094     1.000     0.000     0.000     0.000     0.701     1.306     2.387         *     1.969     0.148    -0.059     0.037    66.512     4.088    -2.192     1.745
     1.295     1.450         *         *         *    45.250    47.250         *         *         *    12.000     7.359    -0.145     1.000     0.000     0.000     0.000     0.972         *         *         *     1.425     0.146    -0.059     0.037    47.107     4.012    -1.546     1.770
     2.890     2.320     2.400     2.265         *    74.750    78.000    71.750    74.250         *    10.000    -5.892     0.160     0.000     0.000     0.000     0.000     1.016     1.949     2.965     3.964     2.596     0.118    -0.082     0.035    77.499     3.596    -1.643     1.504
     2.735         *         *         *         *    71.500         *         *         *         *    13.000    -7.154     0.134     1.000     1.000     0.000     0.000         *         *         *         *     2.683     0.196    -0.058     0.037    73.367     5.275    -0.489     1.792
     1.790     1.965     1.710     1.580         *    77.000    70.000    74.250    67.500         *     9.000     8.408    -0.094     0.000     1.000     0.000     0.000     0.986     1.985     3.017     3.967     1.931     0.118    -0.109     0.035    73.731     3.598    -1.769     1.493
     2.320     2.405     2.045     2.265     2.590    85.000    81.250    76.500    66.250    76.250     7.000     3.852     0.007     1.000     0.000     0.000     0.000     0.898     1.856     3.020     3.806     2.369     0.115    -0.030     0.033    82.214     3.550    -2.893     1.309
     2.710         *         *         *     2.670    83.000         *         *         *    74.500    17.000     0.203     0.109     1.000     0.000     0.000     0.000     1.008     2.010     3.006     3.997     2.722     0.161    -0.030     0.034    82.313     4.730    -1.801     1.365
     1.510     1.540     1.690     1.535     1.425    78.000    70.500    74.750    75.000    65.250     8.000     3.984    -0.044     0.000     1.000     0.000     0.000     1.070     1.969     2.965     4.016     1.723     0.116    -0.084     0.033    75.564     3.612    -1.790     1.297
