    23.000         *         *         *         *         *         *   300.000         *         *         *         *         *         *     2.687    11.000    20.000     1.000     1.000     0.000     1.000     2.000         *         *         *         *         *    28.086     3.464    -1.689     0.752   361.417    55.281   -22.838    11.726
    21.000    20.000    28.000    16.000    14.000     8.000     8.000   550.000   300.000   600.000   450.000   530.000   510.000   460.000    10.712     9.000    20.000     0.000     0.000     0.000     1.000     2.000     3.000     4.000     5.000     6.000     7.000    28.919     2.633    -2.845     0.559   538.245    38.996   -14.865     8.048
    25.000         *         *         *         *         *         *   400.000         *         *         *         *         *         *    15.259    13.000    15.000     1.000     0.000     1.000     1.000     2.000         *         *         *         *         *    26.076     3.464    -2.305     0.752   421.530    55.281   -28.171    11.726
    35.000         *    50.000    32.000         *         *         *   300.000         *   540.000   170.000         *         *         *     0.856     6.000    18.000     0.000     0.000     0.000     1.000     2.000     3.000     4.000     5.000     6.000         *    41.682     2.968    -1.947     0.729   377.224    44.694   -13.372    10.757
    34.000    34.000    34.000    30.000         *         *         *   450.000   350.000         *         *         *         *         *    13.819    13.000     4.000     0.000     0.000     0.000     1.000     2.000     3.000     4.000     5.000     6.000         *    36.744     2.721    -2.711     0.722   413.893    44.490   -10.038    10.852
    27.000    32.000    28.000    22.000    20.000    16.000    10.000   850.000   570.000   580.000   500.000   470.000   420.000   260.000     2.605    11.000    25.000     1.000     0.000     0.000     1.000     2.000     3.000     4.000     5.000     6.000     7.000    33.650     2.633    -2.952     0.559   752.739    38.996   -59.257     8.048
    33.000         *    32.000    30.000         *         *         *   470.000         *   460.000   450.000         *         *         *     1.272     9.000    10.000     0.000     1.000     0.000     1.000     2.000     3.000     4.000     5.000         *         *    35.645     2.968    -1.747     0.729   512.280    44.694   -23.565    10.757
    31.000         *    42.000         *         *         *    34.000   410.000         *   450.000         *         *         *   410.000     9.091    10.000    20.000     0.000     1.000     1.000     1.000     2.000     3.000     4.000     5.000     6.000     7.000    35.963     3.025    -0.712     0.614   434.444    46.622    -6.551     8.998
    35.000    30.000    32.000         *         *    26.000         *   300.000   450.000   300.000         *         *   250.000         *     1.737    13.000    26.000     0.000     1.000     0.000     1.000     2.000     3.000     4.000     5.000     6.000     7.000    34.933     2.734    -1.526     0.646   387.271    40.717   -17.238     9.363
    19.000    20.000    16.000    14.000    12.000    10.000     8.000   450.000   550.000   450.000   480.000   400.000   350.000   280.000    15.065     5.000     6.000     1.000     1.000     0.000     1.000     2.000     3.000     4.000     5.000     6.000     7.000    24.325     2.633    -2.569     0.559   535.968    38.996   -30.654     8.048
    24.000    25.000    34.000    24.000    20.000    18.000    16.000   450.000   600.000   500.000   340.000   300.000   250.000   220.000    10.156     5.000    12.000     0.000     1.000     1.000     1.000     2.000     3.000     4.000     5.000     6.000     7.000    29.429     2.633    -1.702     0.559   547.006    38.996   -42.992     8.048
    19.000    18.000    14.000    12.000    12.000         *         *   450.000   210.000   300.000   250.000   240.000         *         *    16.352    10.000    10.000     0.000     1.000     0.000     1.000     2.000     3.000     4.000     5.000     6.000     7.000    21.820     2.701    -2.240     0.679   369.081    39.797   -25.341     9.822
    31.000    32.000    34.000    30.000    22.000    18.000    28.000   400.000   480.000   450.000   450.000   400.000   350.000   260.000     4.374     6.000    12.000     1.000     1.000     1.000     1.000     2.000     3.000     4.000     5.000     6.000     7.000    34.484     2.633    -1.710     0.559   499.539    38.996   -26.881     8.048
    25.000    26.000    20.000    14.000         *         *         *   400.000   470.000   320.000   260.000         *         *         *     9.663     7.000    18.000     0.000     1.000     0.000     1.000     2.000     3.000     4.000     5.000         *         *    27.722     2.709    -2.384     0.721   437.981    39.991   -28.894    10.539
    19.000    20.000    20.000    16.000         *         *         *   300.000   340.000   410.000   310.000         *         *         *    11.749     5.000     9.000     0.000     0.000     0.000     1.000     2.000     3.000     4.000     5.000     6.000     7.000    25.412     2.709    -2.387     0.721   397.497    39.991   -23.495    10.539
    25.000    36.000    20.000         *         *         *         *   450.000   420.000   410.000         *         *         *         *     8.308    13.000    14.000     0.000     0.000     1.000     1.000     2.000     3.000     4.000         *         *         *    29.985     2.757    -1.624     0.745   486.968    40.974   -32.233    11.047
    27.000    36.000    20.000    18.000         *         *         *   500.000   500.000   460.000   380.000         *         *         *     1.907     7.000    12.000     0.000     1.000     0.000     1.000     2.000     3.000     4.000     5.000     6.000         *    31.543     2.709    -2.204     0.721   546.174    39.991   -36.388    10.539
    29.000    34.000    18.000    16.000         *         *         *   400.000   540.000   530.000   450.000         *         *         *     7.613    13.000    15.000     0.000     0.000     0.000     1.000     2.000     3.000     4.000     5.000         *         *    31.740     2.709    -2.801     0.721   537.917    39.991   -25.761    10.539
    28.000    22.000    16.000    10.000         *         *         *   350.000   340.000   300.000   280.000         *         *         *    14.597     7.000    -1.000     0.000     1.000     1.000     1.000     2.000     3.000     4.000     5.000         *         *    25.037     2.709    -2.255     0.721   387.097    39.991   -29.455    10.539
    30.000         *         *         *         *         *         *   550.000         *         *         *         *         *         *     1.729     7.000    13.000     0.000     1.000     0.000     1.000     2.000         *         *         *         *         *    32.612     3.464    -1.877     0.752   556.739    55.281   -34.353    11.726
    25.000    32.000         *         *         *         *         *   380.000   380.000         *         *         *         *         *    14.701     1.000    14.000     0.000     0.000     0.000     1.000     2.000     3.000     4.000     5.000         *         *    31.715     2.943    -3.070     0.751   398.615    44.526   -17.253    11.369
    38.000    32.000    22.000    18.000    20.000         *         *   510.000   480.000   680.000   540.000   450.000         *         *    14.638     7.000    20.000     0.000     1.000     0.000     1.000     2.000     3.000     4.000     5.000     6.000     7.000    35.520     2.701    -3.325     0.679   558.196    39.797   -13.004     9.822
    20.000    22.000         *    20.000    14.000     8.000     6.000   410.000   260.000         *   240.000   210.000   210.000   200.000    15.585    11.000     8.000     0.000     0.000     0.000     1.000     2.000     3.000     4.000     5.000     6.000     7.000    25.321     2.763    -2.589     0.564   363.138    41.394   -25.265     8.167
    10.000    22.000    18.000         *         *         *         *   250.000   160.000   150.000         *         *         *         *    14.920     3.000     7.000     0.000     0.000     0.000     1.000     2.000     3.000     4.000         *         *         *    21.626     2.757    -2.242     0.745   246.465    40.974   -22.598    11.047
    32.000    22.000         *         *         *         *         *   440.000   320.000         *         *         *         *         *    12.768     9.000    23.000     0.000     1.000     0.000     1.000     2.000     3.000     4.000         *         *         *    30.307     2.943    -2.449     0.751   406.267    44.526   -14.788    11.369
    30.000    32.000    28.000    18.000         *         *         *   450.000   350.000   350.000   400.000         *         *         *     8.500    11.000     5.000     0.000     1.000     0.000     1.000     2.000     3.000     4.000     5.000     6.000     7.000    32.292     2.709    -2.406     0.721   433.537    39.991   -20.083    10.539
    48.000    50.000    42.000         *         *         *         *   680.000   850.000   550.000         *         *         *         *    -0.379     6.000    15.000     0.000     1.000     0.000     1.000     2.000     3.000     4.000     5.000     6.000     7.000    48.564     2.757    -2.659     0.745   713.379    40.974   -26.336    11.047
    12.000    14.000         *         *         *         *         *   270.000   380.000         *         *         *         *         *    10.348    11.000    -1.000     0.000     0.000     0.000     1.000     2.000     3.000     4.000     5.000     6.000         *    18.507     2.943    -1.946     0.751   389.044    44.526   -37.380    11.369
    26.000    18.000    16.000    14.000    12.000    10.000         *   500.000   450.000   410.000   360.000   310.000   300.000         *    15.290    11.000    15.000     0.000     0.000     0.000     1.000     2.000     3.000     4.000     5.000     6.000     7.000    25.622     2.680    -2.788     0.622   502.178    39.560   -33.077     8.960
    30.000         *         *         *         *         *         *   300.000         *         *         *         *         *         *     5.899     3.000    25.000     0.000     1.000     1.000     1.000     2.000     3.000         *         *         *         *    32.567     3.464    -1.157     0.752   340.799    55.281   -16.731    11.726
    24.000    34.000    26.000    20.000    16.000    18.000    18.000   200.000   280.000   210.000   200.000   164.000   254.000   210.000     9.255    -1.000    23.000     0.000     0.000     0.000     1.000     2.000     3.000     4.000     5.000     6.000     7.000    32.125     2.633    -2.423     0.559   257.414    38.996    -8.566     8.048
    30.000    22.000    20.000         *         *         *         *   580.000   520.000   500.000         *         *         *         *     6.047     9.000     9.000     0.000     0.000     0.000     1.000     2.000     3.000     4.000     5.000     6.000         *    29.646     2.757    -2.594     0.745   604.142    40.974   -42.039    11.047
    24.000    18.000    12.000     8.000         *         *         *   380.000   350.000   280.000   240.000         *         *         *    17.181     7.000     3.000     1.000     0.000     0.000     1.000     2.000     3.000     4.000     5.000     6.000         *    24.382     2.709    -3.632     0.721   388.159    39.991   -30.711    10.539
    12.000     8.000     6.000         *         *         *         *   300.000   200.000   200.000         *         *         *         *    18.821     9.000     4.000     0.000     1.000     0.000     1.000     2.000     3.000     4.000         *         *         *    14.858     2.757    -2.205     0.745   298.485    40.974   -27.240    11.047
    42.000    24.000    18.000         *         *         *         *   380.000   530.000   400.000         *         *         *         *     6.931     5.000    23.000     0.000     0.000     0.000     1.000     2.000     3.000     4.000         *         *         *    34.878     2.757    -3.115     0.745   482.950    40.974   -23.667    11.047
    28.000    24.000    22.000         *         *         *         *   210.000   200.000   200.000         *         *         *         *    10.118     5.000     3.000     1.000     0.000     0.000     1.000     2.000     3.000     4.000         *         *         *    29.864     2.757    -2.990     0.745   248.312    40.974   -17.367    11.047
    42.000    28.000    34.000    24.000    18.000    20.000    18.000   400.000   300.000   300.000   280.000   280.000   300.000   280.000     3.533     9.000    13.000     1.000     1.000     0.000     1.000     2.000     3.000     4.000     5.000     6.000     7.000    37.569     2.633    -2.912     0.559   368.536    38.996   -15.265     8.048
    22.000         *         *         *         *         *         *   350.000         *         *         *         *         *         *     9.518     5.000    11.000     1.000     1.000     0.000     1.000     2.000         *         *         *         *         *    26.363     3.464    -2.453     0.752   378.768    55.281   -24.782    11.726
    14.000    12.000    20.000    14.000         *    16.000         *   250.000   240.000   370.000   320.000         *   300.000         *    14.101    13.000    16.000     1.000     1.000     0.000     1.000     2.000     3.000     4.000     5.000     6.000     7.000    20.540     2.687    -1.476     0.641   325.397    39.723    -8.821     9.250
    34.000    28.000         *    22.000    20.000    18.000         *   550.000   520.000         *   480.000   440.000   400.000         *     7.175     7.000    13.000     1.000     1.000     0.000     1.000     2.000     3.000     4.000     5.000     6.000     7.000    34.138     2.799    -2.821     0.624   561.594    41.774   -26.354     9.037
    26.000    24.000    20.000    14.000    12.000     8.000    10.000   270.000   250.000   230.000   200.000   160.000   120.000   110.000    13.869     5.000    11.000     1.000     1.000     1.000     1.000     2.000     3.000     4.000     5.000     6.000     7.000    26.594     2.633    -2.546     0.559   298.387    38.996   -25.852     8.048
    30.000         *         *    24.000    20.000         *         *   300.000         *         *   240.000   220.000         *         *     3.506    10.000    16.000     0.000     1.000     0.000     1.000     2.000     3.000     4.000     5.000     6.000     7.000    31.057     3.130    -1.813     0.693   337.328    47.907   -20.633    10.238
    32.000    28.000    22.000    16.000    18.000    16.000         *   310.000   260.000   220.000   200.000   210.000   200.000         *     9.264     3.000    17.000     0.000     1.000     0.000     1.000     2.000     3.000     4.000     5.000     6.000     7.000    31.247     2.680    -2.617     0.622   299.659    39.560   -16.969     8.960
    30.000    24.000    18.000    16.000         *    18.000         *   480.000   310.000   280.000   260.000         *   280.000         *    10.731    13.000    18.000     0.000     0.000     0.000     1.000     2.000     3.000     4.000     5.000     6.000     7.000    28.396     2.687    -2.347     0.641   411.306    39.723   -26.295     9.250
    32.000         *    28.000    20.000         *         *         *   250.000         *   220.000   200.000         *         *         *    12.908     5.000     9.000     0.000     1.000     0.000     1.000     2.000     3.000     4.000     5.000         *         *    32.098     2.968    -2.580     0.729   251.301    44.694    -7.141    10.757
    30.000    30.000    18.000         *         *         *         *   300.000   260.000   240.000         *         *         *         *    14.107    11.000     9.000     0.000     0.000     0.000     1.000     2.000     3.000     4.000         *         *         *    30.497     2.757    -2.924     0.745   303.718    40.974   -14.032    11.047
    20.000    14.000    12.000    10.000    12.000         *         *   380.000   300.000   160.000   150.000   150.000         *         *     6.704    11.000     8.000     0.000     0.000     0.000     1.000     2.000     3.000     4.000     5.000     6.000         *    20.631     2.701    -2.008     0.679   374.912    39.797   -45.088     9.822
    28.000         *         *         *         *         *         *   160.000         *         *         *         *         *         *     5.896     5.000    10.000     0.000     1.000     1.000     1.000     2.000         *         *         *         *         *    29.704     3.464    -1.005     0.752   222.391    55.281   -15.690    11.726
    22.000    20.000    24.000    22.000    26.000         *         *   520.000   450.000   400.000   400.000   400.000         *         *     6.865     2.000    12.000     0.000     1.000     0.000     1.000     2.000     3.000     4.000     5.000     6.000         *    27.492     2.701    -1.474     0.679   515.820    39.797   -29.897     9.822
    22.000    18.000         *         *         *         *         *   380.000   360.000         *         *         *         *         *     6.211    12.000    30.000     1.000     1.000     0.000     1.000     2.000     3.000         *         *         *         *    25.554     2.943    -1.836     0.751   423.125    44.526   -24.676    11.369
    24.000    18.000         *         *         *         *         *   640.000   580.000         *         *         *         *         *     3.678     5.000    11.000     0.000     1.000     0.000     1.000     2.000     3.000     4.000         *         *         *    26.507     2.943    -1.933     0.751   656.558    44.526   -48.411    11.369
    24.000    20.000    16.000    12.000         *         *         *   420.000   360.000   320.000   300.000         *         *         *     6.257     8.000    20.000     0.000     1.000     0.000     1.000     2.000     3.000     4.000     5.000     6.000         *    24.955     2.709    -2.068     0.721   439.775    39.991   -33.095    10.539
    38.000    36.000         *         *         *         *         *   220.000   200.000         *         *         *         *         *     6.621     5.000    23.000     0.000     1.000     0.000     1.000     2.000     3.000         *         *         *         *    38.325     2.943    -2.200     0.751   231.210    44.526     2.223    11.369
    38.000    28.000    26.000         *         *         *         *   410.000   360.000   320.000         *         *         *         *     3.446     6.000    11.000     0.000     1.000     0.000     1.000     2.000     3.000     4.000         *         *         *    34.734     2.757    -2.242     0.745   410.873    40.974   -22.760    11.047
    22.000    20.000         *         *         *         *         *   460.000   410.000         *         *         *         *         *     3.667    12.000     6.000     0.000     0.000     0.000     1.000     2.000     3.000         *         *         *         *    25.451     2.943    -1.878     0.751   500.327    44.526   -42.626    11.369
    20.000    20.000    26.000    32.000         *         *         *   420.000   400.000   400.000   400.000         *         *         *     6.879     9.000    18.000     0.000     1.000     0.000     1.000     2.000     3.000     4.000     5.000         *         *    27.308     2.709    -1.066     0.721   455.557    39.991   -21.262    10.539
    22.000    16.000         *         *         *         *         *   520.000   500.000         *         *         *         *         *     8.010     9.000     7.000     0.000     0.000     0.000     1.000     2.000     3.000     4.000         *         *         *    24.350     2.943    -2.343     0.751   563.934    44.526   -44.675    11.369
    28.000    30.000         *         *         *         *         *   500.000   500.000         *         *         *         *         *     0.637     5.000     5.000     0.000     1.000     0.000     1.000     2.000     3.000         *         *         *         *    32.118     2.943    -1.834     0.751   538.460    44.526   -36.513    11.369
    28.000    36.000         *         *         *         *         *   520.000   500.000         *         *         *         *         *     9.154     8.000    20.000     0.000     1.000     0.000     1.000     2.000     3.000         *         *         *         *    34.003     2.943    -2.285     0.751   523.035    44.526   -19.992    11.369
    28.000    34.000         *         *         *         *         *   450.000   482.000         *         *         *         *         *     0.965     7.000    10.000     0.000     0.000     0.000     1.000     2.000     3.000         *         *         *         *    33.891     2.943    -2.098     0.751   509.693    44.526   -33.769    11.369
    28.000         *         *         *         *         *         *   360.000         *         *         *         *         *         *    15.665    10.000    11.000     0.000     1.000     0.000     1.000     2.000         *         *         *         *         *    28.201     3.464    -2.560     0.752   371.067    55.281   -13.670    11.726
    26.000    20.000         *         *         *         *         *   250.000   250.000         *         *         *         *         *     8.094     7.000    -9.000     0.000     1.000     0.000     1.000     2.000     3.000         *         *         *         *    26.008     2.943    -2.069     0.751   294.917    44.526   -24.680    11.369
    20.000         *         *         *         *         *         *   250.000         *         *         *         *         *         *     3.060     8.000     5.000     0.000     1.000     2.000     1.000     2.000         *         *         *         *         *    23.965     3.464     0.293     0.752   316.356    55.281   -36.846    11.726
    26.000         *         *         *         *         *         *   300.000         *         *         *         *         *         *     4.010     7.000    20.000     1.000     1.000     0.000     1.000     2.000     3.000         *         *         *         *    30.206     3.464    -2.024     0.752   350.014    55.281   -19.480    11.726
    26.000    28.000         *         *         *         *         *   320.000   300.000         *         *         *         *         *     1.578    11.000     4.000     0.000     1.000     0.000     1.000     2.000     3.000         *         *         *         *    29.434     2.943    -1.446     0.751   361.668    44.526   -25.903    11.369
    38.000    36.000         *         *         *         *         *   300.000   300.000         *         *         *         *         *     2.630     9.000    15.000     1.000     1.000     0.000     1.000     2.000     3.000         *         *         *         *    38.272     2.943    -2.375     0.751   325.844    44.526   -10.054    11.369
    30.000    28.000         *         *         *         *         *   400.000   360.000         *         *         *         *         *     4.609    -1.000    15.000     1.000     1.000     0.000     1.000     2.000     3.000         *         *         *         *    33.224     2.943    -2.599     0.751   412.470    44.526   -23.935    11.369
    14.000         *         *         *         *         *         *   460.000         *         *         *         *         *         *    15.290    12.000    17.000     0.000     0.000     0.000     1.000     2.000     3.000         *         *         *         *    20.386     3.464    -2.347     0.752   491.332    55.281   -34.095    11.726
    30.000         *         *         *         *         *         *   200.000         *         *         *         *         *         *     1.357     5.000     3.000     0.000     1.000     0.000     1.000     2.000         *         *         *         *         *    31.810     3.464    -1.660     0.752   260.178    55.281   -17.838    11.726
    30.000         *         *         *         *         *         *   280.000         *         *         *         *         *         *     0.946     5.000    11.000     0.000     1.000     0.000     1.000     2.000         *         *         *         *         *    32.625     3.464    -1.642     0.752   331.351    55.281   -19.879    11.726
    28.000         *         *         *         *         *         *   300.000         *         *         *         *         *         *     0.760     9.000     2.000     1.000     0.000     0.000     1.000     2.000         *         *         *         *         *    30.467     3.464    -2.311     0.752   358.254    55.281   -32.052    11.726
    32.000         *         *         *         *         *         *   580.000         *         *         *         *         *         *     1.570    13.000    20.000     0.000     0.000     0.000     1.000     2.000         *         *         *         *         *    33.922     3.464    -2.095     0.752   597.978    55.281   -36.315    11.726
