    20.000    16.000         *         *         *         *         *     9.000     7.000     8.000     5.000         *         *         *     8.146     3.000   -13.000     0.000     0.000     0.000     1.000     2.000     3.000     4.000         *         *         *    21.592     1.810    -2.822     0.422     8.639     0.531    -0.420     0.085
    24.000         *    24.000         *    20.000    20.000    18.000    15.000    13.000    12.000    15.000    14.000    14.000    15.000     1.455    11.000   -13.000     0.000     1.000     0.000     1.000     2.000     3.000     4.000     5.000     6.000     7.000    26.117     1.838    -1.261     0.338    14.228     0.427    -0.030     0.068
    32.000    28.000         *         *         *         *         *     8.000    11.000    12.000    10.000         *         *         *     3.010     2.000    -8.000     0.000     1.000     0.000     1.000     2.000     3.000     4.000         *         *         *    32.616     1.810    -2.939     0.422    11.058     0.531    -0.187     0.085
    19.000    16.000         *         *         *         *         *    12.000    10.000    12.000         *         *         *         *    13.929     8.000    -5.000     0.000     0.000     1.000     1.000     2.000     3.000         *         *         *         *    20.736     1.810    -2.201     0.423    11.364     0.607    -0.003     0.092
    19.000    20.000    12.000         *         *         *         *    11.000    11.000     7.000     9.000     7.000     7.000         *    25.962     7.000   -14.000     0.000     0.000     0.000     1.000     2.000     3.000     4.000     5.000     6.000         *    23.661     1.652    -3.567     0.417    10.548     0.449    -0.520     0.074
    16.000         *         *         *         *         *         *    12.000    13.000    14.000         *         *         *         *     1.841     5.000    -8.000     1.000     0.000     0.000     1.000     2.000     3.000         *         *         *         *    17.908     2.272    -1.806     0.423    12.396     0.608     0.132     0.093
    19.000    20.000    20.000    14.000     9.000    12.000    12.000    10.000     8.000     9.000    11.000    11.000    10.000     8.000     2.134     3.000    -5.000     0.000     1.000     1.000     1.000     2.000     3.000     4.000     5.000     6.000     7.000    22.417     1.585    -1.853     0.322     9.514     0.424     0.042     0.067
    15.000         *    20.000    12.000    10.000     8.000     6.000    14.000    12.000    15.000    15.000    13.000    11.000    12.000     0.379     9.000     2.000     0.000     1.000     0.000     1.000     2.000     3.000     4.000     5.000     6.000     7.000    19.717     1.767    -1.784     0.337    13.214     0.426    -0.038     0.068
    16.000         *         *         *         *         *         *    11.000     9.000         *         *         *         *         *    15.577    10.000   -17.000     1.000     1.000     0.000     1.000     2.000         *         *         *         *         *    17.597     2.272    -2.216     0.424    10.722     0.733    -0.315     0.103
    15.000         *         *         *         *         *         *    11.000     9.000         *         *         *         *         *    14.014     3.000   -21.000     0.000     0.000     0.000     1.000     2.000         *         *         *         *         *    17.684     2.272    -2.908     0.424    10.495     0.733    -0.261     0.103
    21.000    10.000    20.000     4.000    10.000         *         *    14.000    10.000    15.000    15.000    14.000    12.000         *     1.083     5.000    -7.000     0.000     0.000     0.000     1.000     2.000     3.000     4.000     5.000     6.000         *    19.594     1.605    -2.168     0.384    13.061     0.448     0.051     0.073
    29.000         *    30.000    24.000    30.000    26.000         *    15.000    14.000    15.000    15.000    15.000    15.000    15.000     0.828     6.000    -4.000     0.000     1.000     0.000     1.000     2.000     3.000     4.000     5.000     6.000     7.000    33.027     1.777    -1.623     0.367    14.412     0.428     0.108     0.069
    20.000         *         *         *         *         *         *    14.000    15.000         *         *         *         *         *    12.593     7.000   -20.000     0.000     0.000     0.000     1.000     2.000         *         *         *         *         *    21.677     2.272    -2.555     0.424    14.116     0.733    -0.045     0.103
    15.000         *         *         *         *         *         *    11.000    11.000         *         *         *         *         *     5.028     5.000   -22.000     0.000     0.000     0.000     1.000     2.000         *         *         *         *         *    16.823     2.272    -2.116     0.424    11.378     0.733    -0.149     0.103
    24.000    26.000         *         *         *         *         *    15.000    14.000    14.000         *         *         *         *    13.923     5.000    -4.000     0.000     1.000     0.000     1.000     2.000     3.000         *         *         *         *    28.734     1.810    -3.043     0.423    14.084     0.607    -0.022     0.092
    21.000    20.000    20.000    18.000         *    12.000         *    13.000    15.000    13.000    15.000    15.000    15.000    11.000     2.756    13.000   -11.000     0.000     1.000     0.000     1.000     2.000     3.000     4.000     5.000     6.000     7.000    22.797     1.606    -1.511     0.363    14.313     0.426    -0.105     0.068
    20.000    20.000    18.000         *         *         *         *    12.000    13.000    15.000    13.000         *         *         *     7.306     5.000    -9.000     0.000     1.000     0.000     1.000     2.000     3.000     4.000         *         *         *    23.744     1.654    -2.387     0.419    13.215     0.531    -0.002     0.085
    16.000    16.000         *         *         *         *         *    11.000    12.000    12.000    13.000         *         *         *    15.941    11.000   -14.000     0.000     0.000     1.000     1.000     2.000     3.000     4.000         *         *         *    18.650     1.810    -1.872     0.422    12.127     0.531    -0.022     0.085
    14.000    20.000         *         *         *         *         *    11.000    12.000    15.000         *         *         *         *     1.362     5.000   -15.000     0.000     1.000     0.000     1.000     2.000     3.000         *         *         *         *    19.443     1.810    -1.813     0.423    12.687     0.607     0.026     0.092
    20.000    28.000    30.000         *         *         *         *    15.000    14.000    10.000    14.000    14.000         *         *     1.450    13.000    -8.000     1.000     1.000     0.000     1.000     2.000     3.000     4.000     5.000         *         *    26.935     1.653    -1.046     0.418    13.572     0.481    -0.043     0.079
    20.000    18.000         *    12.000     4.000         *     6.000    14.000    13.000    15.000    13.000    14.000    15.000    14.000     4.171     9.000    -4.000     0.000     0.000     0.000     1.000     2.000     3.000     4.000     5.000     6.000     7.000    20.419     1.683    -2.182     0.337    13.965     0.425    -0.003     0.068
         *    18.000         *         *         *         *         *    13.000    10.000    12.000         *         *         *         *     5.592     5.000    -5.000     0.000     1.000     0.000     1.000     2.000     3.000         *         *         *         *    22.278     2.443    -2.370     0.439    11.941     0.610    -0.103     0.094
    19.000    14.000    18.000         *    14.000     8.000     4.000    15.000    14.000    12.000    15.000    14.000    13.000    12.000    13.641     8.000   -23.000     1.000     0.000     0.000     1.000     2.000     3.000     4.000     5.000     6.000     7.000    21.539     1.627    -2.246     0.322    13.488     0.424    -0.035     0.067
    15.000    22.000    18.000         *         *         *         *    13.000    12.000    11.000    13.000         *         *         *     3.949     5.000     1.000     0.000     1.000     0.000     1.000     2.000     3.000     4.000     5.000         *         *    22.284     1.654    -2.061     0.419    12.300     0.531    -0.016     0.085
    12.000    12.000         *         *         *         *         *     9.000     7.000     7.000         *         *         *         *    15.243     3.000   -31.000     1.000     0.000     0.000     1.000     2.000     3.000         *         *         *         *    15.656     1.810    -2.752     0.423     8.527     0.607    -0.354     0.092
    18.000    14.000         *     8.000         *         *         *    13.000    12.000    10.000    12.000    13.000    14.000         *    14.246     8.000   -32.000     0.000     0.000     0.000     1.000     2.000     3.000     4.000     5.000     6.000         *    18.680     1.710    -2.456     0.406    13.027     0.449    -0.180     0.074
    20.000    12.000    14.000    10.000     8.000     6.000     8.000    12.000    10.000    12.000    12.000    14.000    12.000    13.000     1.515     5.000   -10.000     0.000     0.000     0.000     1.000     2.000     3.000     4.000     5.000     6.000     7.000    18.750     1.585    -1.912     0.322    12.194     0.424     0.005     0.067
    19.000         *         *         *         *         *         *    13.000    15.000    15.000    15.000    14.000    12.000    15.000     4.825     7.000   -22.000     0.000     1.000     0.000     1.000     2.000     3.000     4.000     5.000     6.000     7.000    20.341     2.269    -1.998     0.419    14.012     0.430     0.014     0.069
    20.000         *         *         *         *         *         *    15.000    15.000         *         *         *         *         *     3.147    11.000    -2.000     0.000     0.000     0.000     1.000     2.000         *         *         *         *         *    21.345     2.272    -1.615     0.424    14.665     0.733     0.035     0.103
    17.000         *    14.000    12.000     8.000     6.000     6.000    12.000    13.000    12.000    14.000    13.000    14.000    14.000     3.070     3.000   -15.000     1.000     1.000     0.000     1.000     2.000     3.000     4.000     5.000     6.000     7.000    19.225     1.767    -2.031     0.337    12.409     0.426     0.158     0.068
    18.000    12.000     8.000     6.000         *         *         *    10.000     8.000     7.000     6.000    10.000     8.000     6.000     1.647     0.000   -12.000     1.000     1.000     0.000     1.000     2.000     3.000     4.000     5.000     6.000     7.000    17.496     1.606    -2.556     0.404     8.495     0.428    -0.156     0.069
    14.000         *         *         *         *         *         *    14.000    13.000         *         *         *         *         *     7.695     5.000   -10.000     0.000     1.000     0.000     1.000     2.000         *         *         *         *         *    17.166     2.272    -2.231     0.424    13.064     0.733     0.025     0.103
    24.000    24.000    22.000    18.000         *         *         *    12.000    15.000    12.000    11.000    14.000         *         *     2.605     7.000   -15.000     0.000     0.000     0.000     1.000     2.000     3.000     4.000     5.000         *         *    26.559     1.610    -2.089     0.406    13.112     0.481    -0.085     0.079
    24.000    22.000    14.000    10.000     8.000     6.000     4.000    13.000    13.000    13.000    11.000    12.000    12.000    13.000     1.244     7.000   -30.000     0.000     1.000     0.000     1.000     2.000     3.000     4.000     5.000     6.000     7.000    22.740     1.585    -2.570     0.322    13.087     0.424    -0.154     0.067
    20.000    22.000    18.000    12.000    10.000     8.000    10.000    14.000    12.000    11.000    12.000    14.000    13.000    12.000     1.472     6.000    -1.000     0.000     0.000     0.000     1.000     2.000     3.000     4.000     5.000     6.000     7.000    22.948     1.585    -2.182     0.322    12.670     0.424    -0.028     0.067
    25.000    16.000    14.000    10.000     4.000     4.000     2.000    12.000    13.000    11.000    11.000    12.000     9.000    11.000    15.087     1.000    -5.000     0.000     1.000     0.000     1.000     2.000     3.000     4.000     5.000     6.000     7.000    24.843     1.585    -3.543     0.322    11.730     0.424    -0.138     0.067
    20.000         *         *         *         *         *         *    13.000    12.000         *         *         *         *         *    14.252     7.000   -19.000     0.000     1.000     0.000     1.000     2.000         *         *         *         *         *    21.747     2.272    -2.672     0.424    12.769     0.733    -0.189     0.103
    18.000    18.000         *         *         *         *         *    13.000     9.000     7.000         *         *         *         *     1.844     7.000    -9.000     0.000     1.000     0.000     1.000     2.000     3.000         *         *         *         *    20.510     1.810    -1.933     0.423    10.554     0.607    -0.271     0.092
    15.000    14.000    12.000    10.000         *         *         *    10.000    10.000     7.000     4.000     6.000         *         *     6.348     8.000   -16.000     0.000     0.000     0.000     1.000     2.000     3.000     4.000     5.000         *         *    17.657     1.610    -2.040     0.406     9.101     0.481    -0.482     0.079
    15.000    12.000    10.000     6.000         *     4.000     4.000    15.000    13.000    15.000    14.000    15.000    13.000    15.000     8.894     9.000   -16.000     0.000     0.000     0.000     1.000     2.000     3.000     4.000     5.000     6.000     7.000    15.912     1.595    -1.905     0.324    14.140     0.424     0.008     0.067
    15.000    16.000    10.000    10.000     8.000    10.000         *    13.000    13.000    14.000    15.000    11.000    14.000    14.000     8.461     6.000   -21.000     0.000     0.000     1.000     1.000     2.000     3.000     4.000     5.000     6.000     7.000    17.417     1.600    -1.697     0.354    12.506     0.426     0.199     0.068
    18.000         *         *         *         *         *         *    12.000    12.000    13.000         *         *         *         *    16.656     5.000   -19.000     0.000     1.000     0.000     1.000     2.000     3.000         *         *         *         *    20.508     2.272    -2.926     0.423    12.558     0.608    -0.154     0.093
    22.000    20.000    14.000    10.000     6.000         *         *    14.000    14.000    13.000    13.000    14.000    13.000    13.000     6.764    10.000    -7.000     0.000     1.000     0.000     1.000     2.000     3.000     4.000     5.000     6.000     7.000    21.865     1.602    -2.453     0.383    13.853     0.427    -0.113     0.069
    10.000    22.000    14.000    10.000     8.000     8.000     6.000    14.000    11.000    14.000    12.000    13.000    11.000    13.000    10.504     9.000   -21.000     0.000     0.000     0.000     1.000     2.000     3.000     4.000     5.000     6.000     7.000    18.457     1.585    -1.867     0.322    13.085     0.424    -0.131     0.067
    22.000    14.000         *         *         *         *         *    12.000     9.000    11.000         *         *         *         *    12.259     6.000   -26.000     0.000     1.000     0.000     1.000     2.000     3.000         *         *         *         *    21.396     1.810    -2.710     0.423    11.479     0.607    -0.294     0.092
    24.000    22.000    20.000    18.000         *         *         *    12.000    13.000    15.000    14.000    12.000         *         *     5.044     5.000    -5.000     0.000     1.000     0.000     1.000     2.000     3.000     4.000     5.000         *         *    26.539     1.610    -2.383     0.406    13.203     0.481    -0.006     0.079
    12.000         *         *         *         *         *         *     7.000     8.000     7.000     5.000    11.000    10.000         *    12.105     3.000   -34.000     0.000     1.000     3.000     1.000     2.000     3.000     4.000     5.000     6.000         *    13.652     2.271    -1.434     0.421     7.103     0.450     0.311     0.074
    20.000    12.000    12.000    10.000     8.000     6.000         *    12.000    12.000    12.000         *    12.000    12.000    13.000    14.115     5.000   -22.000     0.000     9.000     0.000     1.000     2.000     3.000     4.000     5.000     6.000     7.000    20.234     1.600    -2.505     0.354    12.815     0.448    -0.109     0.069
    10.000    16.000    14.000    12.000     8.000     8.000     4.000    14.000    15.000    14.000    15.000    15.000    14.000    14.000     4.418     7.000   -12.000     0.000     0.000     0.000     1.000     2.000     3.000     4.000     5.000     6.000     7.000    17.053     1.585    -1.683     0.322    13.926     0.424     0.089     0.067
    14.000    14.000    12.000    10.000    10.000     8.000     6.000    12.000    11.000    10.000    10.000    13.000    11.000    12.000     3.996    10.000   -18.000     0.000     1.000     0.000     1.000     2.000     3.000     4.000     5.000     6.000     7.000    16.203     1.585    -1.422     0.322    12.116     0.424    -0.164     0.067
    16.000    14.000    14.000    12.000     8.000    10.000     4.000    15.000    14.000    15.000    14.000    14.000    14.000    13.000     9.907     9.000   -30.000     0.000     1.000     0.000     1.000     2.000     3.000     4.000     5.000     6.000     7.000    18.605     1.585    -1.898     0.322    14.284     0.424    -0.062     0.067
    16.000         *         *         *         *         *         *    13.000    14.000    12.000         *         *         *         *    13.529     7.000   -15.000     0.000     1.000     0.000     1.000     2.000     3.000         *         *         *         *    18.681     2.272    -2.478     0.423    13.066     0.608    -0.110     0.093
    24.000         *    18.000    16.000    14.000    10.000     6.000    14.000    15.000    13.000    12.000    15.000    14.000    12.000     7.602    11.000   -26.000     0.000     0.000     0.000     1.000     2.000     3.000     4.000     5.000     6.000     7.000    24.139     1.767    -2.257     0.337    14.253     0.426    -0.173     0.068
    20.000    18.000    14.000     8.000     6.000     4.000         *    15.000    14.000    11.000    13.000    15.000    14.000    12.000    10.397     5.000   -31.000     0.000     1.000     0.000     1.000     2.000     3.000     4.000     5.000     6.000     7.000    21.500     1.600    -2.843     0.354    13.643     0.426    -0.081     0.068
    22.000    22.000    20.000    18.000    14.000         *         *    14.000    12.000    13.000    15.000    15.000    13.000         *     2.129    11.000    -1.000     0.000     1.000     1.000     1.000     2.000     3.000     4.000     5.000     6.000         *    23.347     1.605    -1.409     0.384    13.144     0.448     0.156     0.073
    14.000         *         *         *         *         *         *     8.000     9.000     6.000         *         *         *         *    17.754     5.000   -13.000     1.000     0.000     0.000     1.000     2.000     3.000         *         *         *         *    16.642     2.272    -2.835     0.423     8.595     0.608    -0.379     0.093
    14.000    12.000         *         *         *         *         *    13.000    13.000    15.000         *         *         *         *     7.158    10.000   -21.000     0.000     0.000     0.000     1.000     2.000     3.000         *         *         *         *    15.590     1.810    -1.675     0.423    13.704     0.607    -0.057     0.092
    22.000    20.000    18.000    14.000     6.000         *         *     9.000    12.000    11.000    12.000     9.000     8.000         *    16.713     3.000   -15.000     0.000     1.000     0.000     1.000     2.000     3.000     4.000     5.000     6.000         *    25.982     1.605    -3.440     0.384    11.213     0.448    -0.287     0.073
    24.000    12.000    10.000     8.000         *     6.000         *    13.000    13.000     9.000    14.000    13.000    14.000    12.000     7.637     5.000    -8.000     0.000     0.000     0.000     1.000     2.000     3.000     4.000     5.000     6.000     7.000    20.376     1.606    -2.604     0.363    12.697     0.426    -0.039     0.068
    18.000    20.000    14.000    12.000     8.000         *         *    14.000    13.000    15.000    14.000    14.000    13.000         *     4.574     5.000   -12.000     0.000     0.000     0.000     1.000     2.000     3.000     4.000     5.000     6.000         *    21.446     1.605    -2.367     0.384    13.556     0.448     0.037     0.073
    14.000    14.000         *         *         *         *         *    13.000    14.000    12.000         *         *         *         *     9.354     5.000   -20.000     1.000     0.000     0.000     1.000     2.000     3.000         *         *         *         *    17.209     1.810    -2.207     0.423    12.462     0.607     0.039     0.092
    16.000    12.000         *         *         *         *         *    11.000    12.000    12.000    12.000         *         *         *     7.303     4.000   -21.000     1.000     0.000     0.000     1.000     2.000     3.000     4.000         *         *         *    17.158     1.810    -2.223     0.422    11.568     0.531    -0.001     0.085
    16.000    12.000         *    10.000    10.000     8.000     4.000    14.000    15.000    13.000    15.000    15.000    15.000    15.000     6.298     5.000   -16.000     0.000     0.000     0.000     1.000     2.000     3.000     4.000     5.000     6.000     7.000    17.969     1.682    -1.923     0.326    13.929     0.425     0.127     0.067
    26.000    22.000    18.000    14.000         *         *         *    14.000    14.000    15.000    13.000    15.000         *         *    10.090     4.000   -13.000     0.000     1.000     1.000     1.000     2.000     3.000     4.000     5.000         *         *    26.368     1.610    -2.642     0.406    13.308     0.481     0.228     0.079
    26.000         *         *         *         *         *         *    12.000    13.000         *         *         *         *         *     8.875     5.000    -9.000     0.000     1.000     0.000     1.000     2.000         *         *         *         *         *    27.021     2.272    -2.774     0.424    12.727     0.733    -0.114     0.103
    26.000         *         *         *         *         *         *    15.000    14.000         *         *         *         *         *    10.706     9.000    -1.000     0.000     1.000     0.000     1.000     2.000         *         *         *         *         *    27.207     2.272    -2.510     0.424    14.375     0.733    -0.060     0.103
    18.000         *         *         *         *         *         *    14.000    15.000         *         *         *         *         *     6.402     5.000   -10.000     0.000     1.000     0.000     1.000     2.000         *         *         *         *         *    20.461     2.272    -2.281     0.424    13.892     0.733     0.084     0.103
    16.000         *         *         *         *         *         *    13.000    11.000         *         *         *         *         *     8.259     2.000   -15.000     0.000     1.000     0.000     1.000     2.000         *         *         *         *         *    18.870     2.272    -2.643     0.424    11.850     0.733    -0.050     0.103
    12.000    12.000     8.000     6.000     4.000         *     4.000     9.000    11.000    10.000    12.000    11.000    11.000    12.000    15.758     6.000   -14.000     1.000     0.000     0.000     1.000     2.000     3.000     4.000     5.000     6.000     7.000    15.085     1.585    -2.046     0.334    11.123     0.425    -0.059     0.067
    20.000    14.000         *     8.000    14.000    10.000     6.000    14.000    14.000    15.000    13.000    14.000    12.000    13.000    10.438    11.000   -16.000     0.000     1.000     0.000     1.000     2.000     3.000     4.000     5.000     6.000     7.000    19.729     1.682    -1.876     0.326    13.997     0.425    -0.120     0.067
    14.000    12.000     8.000         *         *         *         *    10.000     8.000     9.000     6.000     6.000         *         *    14.747     9.000   -18.000     1.000     1.000     0.000     1.000     2.000     3.000     4.000     5.000     6.000         *    15.836     1.653    -2.289     0.418     9.232     0.481    -0.432     0.079
    20.000    14.000         *    12.000    10.000     8.000         *     8.000     6.000     6.000     6.000     7.000     3.000     5.000     3.979     6.000   -10.000     1.000     0.000     1.000     1.000     2.000     3.000     4.000     5.000     6.000     7.000    19.214     1.690    -1.829     0.356     6.894     0.426    -0.223     0.068
    18.000    14.000     6.000         *         *         *         *    14.000    15.000    14.000    13.000         *         *         *    16.264     6.000   -21.000     0.000     0.000     0.000     1.000     2.000     3.000     4.000         *         *         *    18.632     1.654    -2.916     0.419    13.835     0.531    -0.066     0.085
    22.000    18.000    18.000    14.000    12.000     6.000    10.000    14.000    14.000    14.000    15.000    14.000    13.000    13.000     6.556     5.000   -14.000     0.000     1.000     0.000     1.000     2.000     3.000     4.000     5.000     6.000     7.000    23.624     1.585    -2.372     0.322    13.686     0.424     0.012     0.067
    18.000    12.000    10.000     6.000     6.000     4.000     4.000    10.000    12.000    10.000    13.000    12.000    13.000    12.000    11.374     9.000   -16.000     0.000     0.000     0.000     1.000     2.000     3.000     4.000     5.000     6.000     7.000    16.975     1.585    -2.108     0.322    12.468     0.424    -0.152     0.067
    18.000    16.000    10.000     8.000     8.000     8.000         *    10.000    10.000    10.000    11.000    12.000     9.000     7.000     9.376     5.000   -27.000     0.000     1.000     0.000     1.000     2.000     3.000     4.000     5.000     6.000     7.000    19.283     1.600    -2.334     0.354    10.987     0.426    -0.261     0.068
    20.000         *    14.000         *         *         *         *    13.000    10.000    13.000    13.000         *         *         *    17.680    13.000   -15.000     0.000     0.000     0.000     1.000     2.000     3.000     4.000         *         *         *    21.051     1.903    -2.322     0.421    13.182     0.531    -0.312     0.085
    14.000    12.000     6.000     4.000     2.000         *         *    13.000    14.000    14.000    10.000    15.000    13.000         *    22.457    11.000   -17.000     0.000     1.000     0.000     1.000     2.000     3.000     4.000     5.000     6.000         *    15.883     1.605    -2.685     0.384    13.812     0.448    -0.201     0.073
    14.000         *    12.000     8.000     6.000     4.000     6.000    12.000    12.000    11.000    13.000    11.000    13.000    11.000     9.581     9.000   -10.000     0.000     1.000     0.000     1.000     2.000     3.000     4.000     5.000     6.000     7.000    16.458     1.767    -1.861     0.337    12.450     0.426    -0.134     0.068
    20.000         *         *         *         *         *         *    11.000     9.000     7.000         *         *         *         *    11.793     5.000   -10.000     0.000     0.000     0.000     1.000     2.000     3.000         *         *         *         *    21.821     2.272    -2.836     0.423    10.001     0.608    -0.363     0.093
    12.000    12.000     8.000     6.000         *         *         *    14.000    12.000    11.000    11.000    14.000         *         *    11.506     6.000   -10.000     0.000     1.000     0.000     1.000     2.000     3.000     4.000     5.000         *         *    15.674     1.610    -2.341     0.406    12.520     0.481    -0.069     0.079
    14.000    14.000         *         *         *         *         *    15.000    14.000    15.000         *         *         *         *     6.966    13.000   -15.000     0.000     1.000     0.000     1.000     2.000     3.000         *         *         *         *    16.265     1.810    -1.376     0.423    14.649     0.607    -0.039     0.092
    20.000         *         *         *         *         *         *     9.000    10.000         *         *         *         *         *     6.372     6.000   -11.000     0.000     1.000     0.000     1.000     2.000         *         *         *         *         *    21.335     2.272    -2.318     0.424    10.574     0.733    -0.274     0.103
    20.000         *    14.000         *         *     8.000     6.000    11.000    11.000    10.000    14.000    12.000    12.000    12.000    14.778    11.000   -12.000     0.000     0.000     0.000     1.000     2.000     3.000     4.000     5.000     6.000     7.000    21.024     1.876    -2.201     0.339    12.792     0.427    -0.226     0.068
    14.000    10.000         *         *         *         *         *    11.000    13.000    10.000         *         *         *         *    19.309     5.000    -9.000     0.000     1.000     0.000     1.000     2.000     3.000         *         *         *         *    17.018     1.810    -2.994     0.423    11.643     0.607    -0.203     0.092
    16.000    12.000         *         *         *         *         *    14.000    13.000    14.000         *         *         *         *     3.432     5.000   -16.000     0.000     1.000     0.000     1.000     2.000     3.000         *         *         *         *    17.281     1.810    -1.999     0.423    13.313     0.607     0.063     0.092
    12.000    10.000     8.000         *         *         *         *    13.000    11.000     9.000    11.000         *         *         *    14.203     7.000   -23.000     0.000     0.000     0.000     1.000     2.000     3.000     4.000         *         *         *    14.917     1.654    -2.404     0.419    11.600     0.531    -0.249     0.085
    22.000    16.000    12.000     8.000         *     6.000         *    13.000    11.000    11.000    13.000    13.000    11.000    11.000    12.130    11.000    -9.000     1.000     1.000     0.000     1.000     2.000     3.000     4.000     5.000     6.000     7.000    20.253     1.606    -2.329     0.363    12.506     0.426    -0.168     0.068
    18.000         *         *         *         *         *         *    11.000    10.000    13.000     7.000     9.000         *         *     4.667     6.000    -7.000     1.000     1.000     0.000     1.000     2.000     3.000     4.000     5.000         *         *    19.651     2.272    -2.056     0.422    10.434     0.483    -0.149     0.079
    18.000    14.000    10.000     6.000     8.000     8.000         *    15.000    15.000    15.000    15.000    15.000    15.000    14.000     5.748     9.000   -12.000     0.000     0.000     0.000     1.000     2.000     3.000     4.000     5.000     6.000     7.000    17.442     1.600    -1.901     0.354    14.508     0.426     0.046     0.068
    14.000         *    10.000         *         *         *         *     9.000     7.000    11.000     6.000         *         *         *    20.442    11.000   -26.000     0.000     1.000     0.000     1.000     2.000     3.000     4.000         *         *         *    16.514     1.903    -2.472     0.421    10.120     0.531    -0.571     0.085
    16.000         *    10.000     6.000     4.000    10.000         *    13.000     9.000    12.000    12.000    13.000     9.000     8.000    12.108    11.000   -25.000     0.000     1.000     0.000     1.000     2.000     3.000     4.000     5.000     6.000     7.000    16.220     1.777    -1.872     0.367    12.157     0.428    -0.312     0.069
    18.000    12.000    10.000         *         *         *         *     8.000     7.000     9.000     8.000         *         *         *    10.189     8.000   -17.000     0.000     0.000     0.000     1.000     2.000     3.000     4.000         *         *         *    17.740     1.654    -2.322     0.419     9.571     0.531    -0.442     0.085
    16.000    12.000    10.000     6.000     8.000         *         *    15.000    12.000    13.000    15.000    14.000    14.000         *     3.725     5.000   -12.000     0.000     0.000     0.000     1.000     2.000     3.000     4.000     5.000     6.000         *    16.746     1.605    -2.059     0.384    13.382     0.448     0.086     0.073
    14.000    10.000     8.000     6.000     6.000         *         *    13.000    12.000    15.000    13.000    14.000    14.000         *     3.955     9.000    -4.000     0.000     1.000     0.000     1.000     2.000     3.000     4.000     5.000     6.000         *    14.191     1.605    -1.668     0.384    13.385     0.448     0.027     0.073
    10.000         *         *         *         *         *         *    12.000    13.000         *         *         *         *         *    10.345    11.000   -22.000     1.000     0.000     0.000     1.000     2.000         *         *         *         *         *    12.072     2.272    -1.521     0.424    12.364     0.733    -0.095     0.103
     8.000         *     8.000         *         *         *         *    10.000    10.000    11.000         *         *         *         *    10.731     5.000   -17.000     0.000     1.000     0.000     1.000     2.000     3.000     4.000         *         *         *    12.842     1.903    -2.160     0.421    10.832     0.608    -0.177     0.093
    12.000     8.000     6.000         *         *         *         *    13.000    14.000    13.000    10.000         *         *         *     1.817    11.000    -2.000     1.000     1.000     0.000     1.000     2.000     3.000     4.000     5.000         *         *    11.727     1.654    -1.172     0.419    12.291     0.531     0.005     0.085
     8.000         *         *         *         *         *         *    15.000    15.000         *         *         *         *         *    10.545    11.000   -18.000     0.000     1.000     1.000     1.000     2.000         *         *         *         *         *    11.234     2.272    -1.165     0.424    14.010     0.733     0.255     0.103
     8.000    10.000         *         *         *         *         *    15.000    15.000    14.000    14.000    15.000         *         *     5.858    13.000   -15.000     0.000     1.000     0.000     1.000     2.000     3.000     4.000     5.000         *         *    11.437     1.809    -1.081     0.421    14.485     0.481     0.004     0.079
    12.000     6.000     8.000         *         *         *         *    13.000    10.000    13.000    12.000         *         *         *    12.801     5.000    -9.000     0.000     1.000     0.000     1.000     2.000     3.000     4.000         *         *         *    14.117     1.654    -2.435     0.419    12.071     0.531    -0.074     0.085
    10.000     6.000     6.000     6.000         *         *         *    13.000    15.000    15.000    14.000    14.000         *         *     5.806    11.000   -12.000     0.000     1.000     0.000     1.000     2.000     3.000     4.000     5.000         *         *    10.853     1.610    -1.322     0.406    14.012     0.481     0.028     0.079
    18.000    12.000         *         *         *         *         *     9.000     8.000     9.000         *         *         *         *     4.316     5.000     3.000     0.000     0.000     0.000     1.000     2.000     3.000         *         *         *         *    18.592     1.810    -2.276     0.423     9.582     0.607    -0.257     0.092
    16.000    14.000     8.000         *     8.000         *         *     8.000    12.000     9.000    13.000     9.000    13.000         *     5.707     7.000    -6.000     1.000     0.000     0.000     1.000     2.000     3.000     4.000     5.000     6.000         *    16.601     1.637    -1.846     0.388    10.946     0.448    -0.052     0.073
     8.000     4.000     6.000     6.000     6.000         *         *    14.000    11.000    10.000     9.000    15.000     8.000         *    15.273    11.000   -22.000     0.000     0.000     0.000     1.000     2.000     3.000     4.000     5.000     6.000         *    10.888     1.605    -1.593     0.384    12.050     0.448    -0.256     0.073
    12.000         *         *         *         *         *         *    14.000    13.000    14.000         *         *         *         *     7.697     5.000   -23.000     0.000     1.000     0.000     1.000     2.000     3.000         *         *         *         *    14.935     2.272    -2.104     0.423    13.314     0.608     0.033     0.093
         *         *         *     4.000         *         *         *    15.000    14.000    13.000    15.000    15.000         *         *     7.216     5.000   -15.000     1.000     1.000     0.000     1.000     2.000     3.000     4.000     5.000         *         *    13.725     2.905    -2.014     0.459    13.436     0.490     0.196     0.082
     8.000     6.000         *         *         *         *         *     9.000    12.000    11.000    12.000         *         *         *     9.970     7.000   -14.000     0.000     0.000     0.000     1.000     2.000     3.000     4.000         *         *         *    10.758     1.810    -1.944     0.422    11.420     0.531    -0.136     0.085
    12.000     6.000     4.000         *         *         *         *    12.000     7.000     9.000     7.000         *         *         *    15.760     8.000   -19.000     0.000     0.000     0.000     1.000     2.000     3.000     4.000         *         *         *    12.668     1.654    -2.494     0.419     9.974     0.531    -0.428     0.085
    10.000     8.000     8.000         *         *         *         *    15.000    14.000    14.000    15.000    13.000         *         *     5.159     9.000   -18.000     0.000     0.000     0.000     1.000     2.000     3.000     4.000     5.000         *         *    12.178     1.653    -1.513     0.418    13.884     0.481     0.035     0.079
     6.000     6.000         *         *         *         *         *     7.000     3.000     6.000         *         *         *         *     2.493    -4.000   -20.000     1.000     0.000     0.000     1.000     2.000     3.000         *         *         *         *    10.165     1.810    -2.435     0.423     5.984     0.607    -0.209     0.092
    10.000     8.000         *         *         *         *         *    13.000    10.000    12.000    10.000         *         *         *    14.638     5.000   -27.000     0.000     0.000     0.000     1.000     2.000     3.000     4.000         *         *         *    13.196     1.810    -2.536     0.422    11.610     0.531    -0.191     0.085
         *         *         *         *         *         *         *    14.000    14.000    14.000         *         *         *         *     2.583    11.000   -10.000     1.000     1.000     0.000     1.000     2.000     3.000         *         *         *         *    17.575     4.807    -1.260     0.468    13.621     0.623     0.069     0.098
     8.000     8.000         *         *         *         *         *    14.000    13.000    12.000         *         *         *         *     1.181     9.000   -11.000     0.000     1.000     0.000     1.000     2.000     3.000         *         *         *         *    10.837     1.810    -1.210     0.423    12.877     0.607     0.008     0.092
     6.000     6.000         *         *         *         *         *     7.000     8.000     8.000         *         *         *         *     6.939     5.000    -9.000     1.000     0.000     0.000     1.000     2.000     3.000         *         *         *         *     9.514     1.810    -1.826     0.423     8.328     0.607    -0.218     0.092
     6.000     8.000         *         *         *         *         *     6.000    10.000     9.000         *         *         *         *    11.993     5.000   -25.000     0.000     0.000     0.000     1.000     2.000     3.000         *         *         *         *    10.712     1.810    -2.226     0.423     9.388     0.607    -0.327     0.092
    20.000         *         *         *         *         *         *    10.000     9.000    11.000         *         *         *         *     0.557     7.000    -5.000     0.000     0.000     0.000     1.000     2.000     3.000         *         *         *         *    20.968     2.272    -1.886     0.423    10.826     0.608    -0.206     0.093
     4.000         *         *         *         *         *         *    12.000         *         *         *         *         *         *    16.338     3.000   -21.000     0.000     0.000     0.000     1.000     2.000         *         *         *         *         *     8.982     2.274    -2.610     0.424    11.244     0.961    -0.115     0.120
    10.000     8.000         *         *         *         *         *    11.000    11.000     8.000         *         *         *         *     6.419    11.000   -19.000     0.000     0.000     0.000     1.000     2.000     3.000         *         *         *         *    11.587     1.810    -1.477     0.423    10.942     0.607    -0.313     0.092
     6.000         *         *         *         *         *         *     5.000     5.000         *         *         *         *         *     4.984    -1.000   -21.000     0.000     0.000     0.000     1.000     2.000         *         *         *         *         *     9.617     2.272    -2.427     0.424     6.458     0.733    -0.376     0.103
    16.000         *         *         *         *         *         *    15.000    15.000         *         *         *         *         *     1.822     5.000   -24.000     0.000     0.000     0.000     1.000     2.000         *         *         *         *         *    17.789     2.272    -1.894     0.424    14.187     0.733     0.130     0.103
    16.000         *         *         *         *         *         *    13.000    14.000    13.000         *         *         *         *     5.020     9.000   -13.000     0.000     0.000     0.000     1.000     2.000     3.000         *         *         *         *    17.778     2.272    -1.761     0.423    13.351     0.608    -0.049     0.093
    10.000     6.000         *         *         *         *         *    10.000    12.000    11.000         *         *         *         *    11.916     2.000   -18.000     1.000     1.000     0.000     1.000     2.000     3.000         *         *         *         *    12.439     1.810    -2.476     0.423    10.711     0.607    -0.011     0.092
     6.000     8.000         *         *         *         *         *     6.000     8.000     3.000         *         *         *         *     4.910     5.000    -7.000     0.000     0.000     0.000     1.000     2.000     3.000         *         *         *         *    10.532     1.810    -1.917     0.423     7.211     0.607    -0.440     0.092
    16.000    14.000         *         *         *         *         *    15.000    15.000    14.000         *         *         *         *     9.247    13.000    -9.000     1.000     1.000     0.000     1.000     2.000     3.000         *         *         *         *    17.350     1.810    -1.477     0.423    14.267     0.607     0.024     0.092
    18.000         *         *         *         *         *         *    15.000    13.000    14.000         *         *         *         *     3.123     8.000   -14.000     0.000     0.000     0.000     1.000     2.000     3.000         *         *         *         *    19.468     2.272    -1.811     0.423    13.785     0.608     0.011     0.093
         *         *         *         *         *         *         *    12.000    14.000         *         *         *         *         *    14.580     5.000   -28.000     0.000     0.000     1.000     1.000     2.000         *         *         *         *         *    17.213     4.810    -2.282     0.468    12.339     0.747     0.134     0.107
     6.000         *         *         *         *         *         *    15.000    15.000    14.000         *         *         *         *     9.206    13.000    -7.000     0.000     0.000     0.000     1.000     2.000     3.000         *         *         *         *     9.757     2.272    -1.263     0.423    14.341     0.608     0.004     0.093
    14.000         *         *         *         *         *         *    13.000    10.000    13.000         *         *         *         *     7.383     2.000   -17.000     0.000     0.000     0.000     1.000     2.000     3.000         *         *         *         *    16.925     2.272    -2.516     0.423    11.847     0.608    -0.024     0.093
    16.000         *         *         *         *         *         *    15.000    15.000    15.000         *         *         *         *     7.933    13.000   -15.000     0.000     1.000     0.000     1.000     2.000     3.000         *         *         *         *    17.645     2.272    -1.506     0.423    14.938     0.608    -0.035     0.093
     4.000         *         *         *         *         *         *     5.000     4.000         *         *         *         *         *     2.107    10.000   -19.000     1.000     0.000     0.000     1.000     2.000         *         *         *         *         *     5.924     2.272    -0.979     0.424     6.519     0.733    -0.490     0.103
     6.000         *         *         *         *         *         *    14.000    15.000         *         *         *         *         *     3.010    12.000   -12.000     0.000     1.000     0.000     1.000     2.000         *         *         *         *         *     9.293     2.272    -0.919     0.424    14.151     0.733     0.056     0.103
     8.000         *         *         *         *         *         *    12.000    13.000         *         *         *         *         *     7.848     4.000   -36.000     0.000     0.000     0.000     1.000     2.000         *         *         *         *         *    10.933     2.272    -2.060     0.424    12.239     0.733    -0.044     0.103
    18.000         *         *         *         *         *         *    11.000    13.000    15.000         *         *         *         *     3.624     6.000    -6.000     1.000     1.000     0.000     1.000     2.000     3.000         *         *         *         *    19.707     2.272    -1.863     0.423    12.596     0.608     0.104     0.093
     8.000         *         *         *         *         *         *     9.000     9.000         *         *         *         *         *     5.198     9.000    -1.000     0.000     0.000     0.000     1.000     2.000         *         *         *         *         *    11.264     2.272    -1.557     0.424     9.998     0.733    -0.264     0.103
     6.000         *         *         *         *         *         *    13.000    12.000         *         *         *         *         *     3.306     7.000     0.000     0.000     1.000     0.000     1.000     2.000         *         *         *         *         *    10.350     2.272    -1.492     0.424    12.247     0.733     0.033     0.103
    20.000         *         *         *         *         *         *     7.000     6.000         *         *         *         *         *     4.960    13.000   -13.000     1.000     0.000     0.000     1.000     2.000         *         *         *         *         *    19.357     2.272    -1.478     0.424     8.571     0.733    -0.521     0.103
     6.000         *         *         *         *         *         *    13.000     8.000         *         *         *         *         *     4.261     5.000   -20.000     0.000     0.000     0.000     1.000     2.000         *         *         *         *         *     9.448     2.272    -1.757     0.424    10.705     0.733    -0.132     0.103
         *         *         *         *         *         *         *     5.000     6.000         *         *         *         *         *    14.304     0.000   -17.000     1.000     0.000     1.000     1.000     2.000         *         *         *         *         *    15.325     4.810    -2.654     0.468     6.147     0.747    -0.151     0.107
    14.000         *         *         *         *         *         *    14.000    14.000         *         *         *         *         *     9.072    13.000   -22.000     0.000     1.000     0.000     1.000     2.000         *         *         *         *         *    15.640     2.272    -1.498     0.424    14.169     0.733    -0.121     0.103
     6.000         *         *         *         *         *         *     9.000     8.000         *         *         *         *         *     4.825     7.000   -23.000     0.000     0.000     0.000     1.000     2.000         *         *         *         *         *     8.808     2.272    -1.597     0.424     9.554     0.733    -0.297     0.103
         *         *         *         *         *         *         *    12.000    11.000         *         *         *         *         *    14.630    11.000   -18.000     0.000     1.000     0.000     1.000     2.000         *         *         *         *         *    16.683     4.810    -2.115     0.468    12.253     0.747    -0.294     0.107
    12.000         *         *         *         *         *         *    13.000    13.000         *         *         *         *         *     3.248     9.000   -12.000     1.000     1.000     1.000     1.000     2.000         *         *         *         *         *    13.978     2.272    -0.951     0.424    12.094     0.733     0.291     0.103
    10.000         *         *         *         *         *         *    14.000     9.000         *         *         *         *         *     9.080     5.000   -16.000     0.000     0.000     0.000     1.000     2.000         *         *         *         *         *    13.375     2.272    -2.217     0.424    11.490     0.733    -0.124     0.103
     6.000         *         *         *         *         *         *     5.000     7.000         *         *         *         *         *     8.136     6.000   -16.000     1.000     0.000     0.000     1.000     2.000         *         *         *         *         *     8.845     2.272    -1.805     0.424     7.302     0.733    -0.370     0.103
    18.000         *         *         *         *         *         *     9.000     9.000         *         *         *         *         *     4.804     9.000   -11.000     0.000     0.000     0.000     1.000     2.000         *         *         *         *         *    18.987     2.272    -1.887     0.424    10.342     0.733    -0.342     0.103
         *         *         *         *         *         *         *    13.000    14.000         *         *         *         *         *     9.009     9.000   -18.000     0.000     0.000     2.000     1.000     2.000         *         *         *         *         *    18.603     4.810    -1.269     0.468    12.517     0.747     0.392     0.107
     8.000         *         *         *         *         *         *    13.000    13.000         *         *         *         *         *    12.787     9.000   -30.000     0.000     1.000     0.000     1.000     2.000         *         *         *         *         *    11.050     2.272    -1.881     0.424    13.026     0.733    -0.129     0.103
     8.000         *         *         *         *         *         *    10.000    11.000         *         *         *         *         *     6.966     1.000   -16.000     0.000     0.000     0.000     1.000     2.000         *         *         *         *         *    11.982     2.272    -2.378     0.424    10.475     0.733    -0.069     0.103
    12.000         *         *         *         *         *         *    15.000    15.000         *         *         *         *         *     6.027     9.000   -16.000     0.000     1.000     0.000     1.000     2.000         *         *         *         *         *    14.735     2.272    -1.619     0.424    14.431     0.733     0.068     0.103
