    23.000         *         *         *         *         *         *    43.000    37.000         *         *         *         *         *     2.687    11.000     8.000     1.000     1.000     0.000     1.000     2.000         *         *         *         *         *    28.707     3.455    -2.109     0.935    43.253     3.524    -0.993     1.052
    21.000    20.000    28.000    16.000    14.000     8.000     8.000    55.000    63.000    64.000    57.000    64.000    56.000    54.000    10.712     9.000     8.000     0.000     0.000     0.000     1.000     2.000     3.000     4.000     5.000     6.000     7.000    26.327     2.580    -2.391     0.554    61.064     3.099    -0.656     0.649
    25.000         *         *         *         *         *         *    61.000    59.000         *         *         *         *         *    15.259    13.000     3.000     1.000     0.000     1.000     1.000     2.000         *         *         *         *         *    25.276     3.455    -1.925     0.935    58.651     3.524    -0.690     1.052
    35.000         *    50.000    32.000         *         *         *    34.000    33.000    26.000    32.000    34.000    29.000         *     0.856     6.000     6.000     0.000     0.000     0.000     1.000     2.000     3.000     4.000     5.000     6.000         *    43.418     2.908    -2.353     0.760    34.535     3.188    -0.667     0.755
    34.000    34.000    34.000    30.000         *         *         *    36.000    38.000    50.000    29.000    29.000    31.000         *    13.819    13.000    -8.000     0.000     0.000     0.000     1.000     2.000     3.000     4.000     5.000     6.000         *    37.712     2.669    -2.941     0.756    44.341     3.186    -2.376     0.754
    27.000    32.000    28.000    22.000    20.000    16.000    10.000    50.000    52.000    57.000    55.000    51.000    44.000    44.000     2.605    11.000    13.000     1.000     0.000     0.000     1.000     2.000     3.000     4.000     5.000     6.000     7.000    33.746     2.580    -2.855     0.554    55.066     3.099    -1.225     0.649
    33.000         *    32.000    30.000         *         *         *    60.000    66.000    69.000    64.000    59.000         *         *     1.272     9.000    -2.000     0.000     1.000     0.000     1.000     2.000     3.000     4.000     5.000         *         *    33.364     2.959    -0.961     0.788    63.615     3.199    -0.295     0.841
    31.000         *    42.000         *         *         *    34.000    48.000    46.000    45.000    42.000    48.000    34.000    40.000     9.091    10.000     8.000     0.000     1.000     1.000     1.000     2.000     3.000     4.000     5.000     6.000     7.000    36.483     2.956    -0.800     0.610    46.958     3.113    -0.880     0.655
    35.000    30.000    32.000         *         *    26.000         *    40.000    40.000    60.000    41.000    38.000         *    30.000     1.737    13.000    14.000     0.000     1.000     0.000     1.000     2.000     3.000     4.000     5.000     6.000     7.000    36.353     2.675    -1.916     0.652    49.694     3.123    -2.070     0.690
    19.000    20.000    16.000    14.000    12.000    10.000     8.000    37.000    47.000    39.000    43.000    42.000    40.000    42.000    15.065     5.000    -6.000     1.000     1.000     0.000     1.000     2.000     3.000     4.000     5.000     6.000     7.000    23.749     2.580    -2.407     0.554    41.010     3.099     0.109     0.649
    24.000    25.000    34.000    24.000    20.000    18.000    16.000    33.000    38.000    43.000    39.000    47.000    51.000    48.000    10.156     5.000     0.000     0.000     1.000     1.000     1.000     2.000     3.000     4.000     5.000     6.000     7.000    28.710     2.580    -1.439     0.554    37.466     3.099     1.340     0.649
    19.000    18.000    14.000    12.000    12.000         *         *    44.000    52.000    39.000    48.000    50.000    49.000    34.000    16.352    10.000    -2.000     0.000     1.000     0.000     1.000     2.000     3.000     4.000     5.000     6.000     7.000    22.121     2.627    -2.279     0.681    49.997     3.133    -1.190     0.664
    31.000    32.000    34.000    30.000    22.000    18.000    28.000    44.000    47.000    50.000    50.000    46.000    34.000    45.000     4.374     6.000     0.000     1.000     1.000     1.000     1.000     2.000     3.000     4.000     5.000     6.000     7.000    34.507     2.580    -1.746     0.554    45.007     3.099    -0.052     0.649
    25.000    26.000    20.000    14.000         *         *         *    49.000    44.000    49.000    40.000    40.000         *         *     9.663     7.000     6.000     0.000     1.000     0.000     1.000     2.000     3.000     4.000     5.000         *         *    28.735     2.716    -2.731     0.783    48.442     3.196    -1.339     0.840
    19.000    20.000    20.000    16.000         *         *         *    49.000    46.000    48.000    51.000    52.000    52.000    45.000    11.749     5.000    -3.000     0.000     0.000     0.000     1.000     2.000     3.000     4.000     5.000     6.000     7.000    24.576     2.628    -2.169     0.733    48.395     3.149     0.119     0.670
    25.000    36.000    20.000         *         *         *         *    45.000    43.000    47.000    46.000         *         *         *     8.308    13.000     2.000     0.000     0.000     1.000     1.000     2.000     3.000     4.000         *         *         *    30.107     2.784    -1.704     0.856    47.827     3.211    -0.912     0.932
    27.000    36.000    20.000    18.000         *         *         *    45.000    43.000    30.000    47.000    40.000    49.000         *     1.907     7.000     0.000     0.000     1.000     0.000     1.000     2.000     3.000     4.000     5.000     6.000         *    31.225     2.669    -2.127     0.756    43.772     3.186    -0.320     0.754
    29.000    34.000    18.000    16.000         *         *         *    49.000    52.000    40.000    40.000    46.000         *         *     7.613    13.000     3.000     0.000     0.000     0.000     1.000     2.000     3.000     4.000     5.000         *         *    31.836     2.716    -3.024     0.783    52.207     3.196    -2.201     0.840
    28.000    22.000    16.000    10.000         *         *         *    47.000    44.000    46.000    38.000    34.000         *         *    14.597     7.000   -13.000     0.000     1.000     1.000     1.000     2.000     3.000     4.000     5.000         *         *    26.459     2.716    -2.990     0.783    45.652     3.196    -1.440     0.840
    30.000         *         *         *         *         *         *    29.000    39.000         *         *         *         *         *     1.729     7.000     1.000     0.000     1.000     0.000     1.000     2.000         *         *         *         *         *    33.402     3.455    -2.124     0.935    37.265     3.524    -0.603     1.052
    25.000    32.000         *         *         *         *         *    41.000    41.000    25.000    41.000    35.000         *         *    14.701     1.000     2.000     0.000     0.000     0.000     1.000     2.000     3.000     4.000     5.000         *         *    32.265     2.890    -3.360     0.839    37.591     3.216    -0.294     0.851
    38.000    32.000    22.000    18.000    20.000         *         *    56.000    53.000    53.000    50.000    48.000    35.000         *    14.638     7.000     8.000     0.000     1.000     0.000     1.000     2.000     3.000     4.000     5.000     6.000     7.000    35.396     2.669    -3.413     0.700    56.001     3.166    -2.137     0.744
    20.000    22.000         *    20.000    14.000     8.000     6.000    49.000    42.000    54.000    53.000    56.000    53.000    39.000    15.585    11.000    -4.000     0.000     0.000     0.000     1.000     2.000     3.000     4.000     5.000     6.000     7.000    24.929     2.707    -2.432     0.558    52.868     3.100    -0.879     0.650
    10.000    22.000    18.000         *         *         *         *    38.000    37.000    39.000    38.000         *         *         *    14.920     3.000    -5.000     0.000     0.000     0.000     1.000     2.000     3.000     4.000         *         *         *    22.466     2.784    -2.505     0.856    37.988     3.211     0.215     0.932
    32.000    22.000         *         *         *         *         *    57.000    53.000    61.000    56.000         *         *         *    12.768     9.000    11.000     0.000     1.000     0.000     1.000     2.000     3.000     4.000         *         *         *    29.484     2.926    -1.909     0.874    58.027     3.216    -0.766     0.936
    30.000    32.000    28.000    18.000         *         *         *    56.000    55.000    53.000    43.000         *         *         *     8.500    11.000    -7.000     0.000     1.000     0.000     1.000     2.000     3.000     4.000     5.000     6.000     7.000    32.582     2.765    -2.557     0.813    56.621     3.197    -2.140     0.920
    48.000    50.000    42.000         *         *         *         *    62.000    57.000    60.000    60.000    60.000         *    55.000    -0.379     6.000     3.000     0.000     1.000     0.000     1.000     2.000     3.000     4.000     5.000     6.000     7.000    46.630     2.678    -1.601     0.779    59.528     3.160    -0.375     0.711
    12.000    14.000         *         *         *         *         *    55.000    53.000    51.000    53.000    42.000    43.000         *    10.348    11.000   -13.000     0.000     0.000     0.000     1.000     2.000     3.000     4.000     5.000     6.000         *    19.028     2.857    -2.411     0.808    55.297     3.203    -1.682     0.762
    26.000    18.000    16.000    14.000    12.000    10.000         *    38.000    40.000    39.000    30.000    33.000    33.000    33.000    15.290    11.000     3.000     0.000     0.000     0.000     1.000     2.000     3.000     4.000     5.000     6.000     7.000    26.647     2.616    -3.019     0.619    42.488     3.116    -1.697     0.656
    30.000         *         *         *         *         *         *    43.000    34.000         *         *         *         *         *     5.899     3.000    13.000     0.000     1.000     1.000     1.000     2.000     3.000         *         *         *         *    32.830     3.455    -1.448     0.935    37.973     3.524     0.692     1.052
    24.000    34.000    26.000    20.000    16.000    18.000    18.000    43.000    40.000    43.000    39.000    36.000    41.000    45.000     9.255    -1.000    11.000     0.000     0.000     0.000     1.000     2.000     3.000     4.000     5.000     6.000     7.000    32.678     2.580    -2.571     0.554    38.866     3.099     0.548     0.649
    30.000    22.000    20.000         *         *         *         *    53.000         *         *    36.000    40.000         *         *     6.047     9.000    -3.000     0.000     0.000     0.000     1.000     2.000     3.000     4.000     5.000     6.000         *    30.532     2.743    -3.074     0.824    49.382     3.734    -1.904     0.857
    24.000    18.000    12.000     8.000         *         *         *    44.000    44.000    45.000    49.000    38.000    29.000         *    17.181     7.000    -9.000     1.000     0.000     0.000     1.000     2.000     3.000     4.000     5.000     6.000         *    25.497     2.669    -4.101     0.756    46.469     3.186    -1.528     0.754
    12.000     8.000     6.000         *         *         *         *    52.000    39.000    45.000    35.000         *         *         *    18.821     9.000    -8.000     0.000     1.000     0.000     1.000     2.000     3.000     4.000         *         *         *    16.408     2.784    -2.974     0.856    47.771     3.211    -1.914     0.932
    42.000    24.000    18.000         *         *         *         *    27.000    38.000    28.000    31.000         *         *         *     6.931     5.000    11.000     0.000     0.000     0.000     1.000     2.000     3.000     4.000         *         *         *    36.051     2.784    -3.815     0.856    34.676     3.211    -1.093     0.932
    28.000    24.000    22.000         *         *         *         *    42.000    39.000    37.000    37.000         *         *         *    10.118     5.000    -9.000     1.000     0.000     0.000     1.000     2.000     3.000     4.000         *         *         *    30.736     2.784    -3.404     0.856    39.949     3.211    -0.503     0.932
    42.000    28.000    34.000    24.000    18.000    20.000    18.000    34.000    38.000    32.000    39.000    34.000    34.000    38.000     3.533     9.000     1.000     1.000     1.000     0.000     1.000     2.000     3.000     4.000     5.000     6.000     7.000    37.704     2.580    -2.976     0.554    38.836     3.099    -0.735     0.649
    22.000         *         *         *         *         *         *    39.000    38.000         *         *         *         *         *     9.518     5.000    -1.000     1.000     1.000     0.000     1.000     2.000         *         *         *         *         *    26.589     3.455    -2.626     0.935    39.165     3.524    -0.074     1.052
    14.000    12.000    20.000    14.000         *    16.000         *    46.000    39.000    44.000    47.000    40.000    42.000    37.000    14.101    13.000     4.000     1.000     1.000     0.000     1.000     2.000     3.000     4.000     5.000     6.000     7.000    20.399     2.618    -1.508     0.640    46.606     3.121    -0.995     0.659
    34.000    28.000         *    22.000    20.000    18.000         *    27.000    29.000    38.000    33.000    31.000    31.000    26.000     7.175     7.000     1.000     1.000     1.000     0.000     1.000     2.000     3.000     4.000     5.000     6.000     7.000    34.619     2.729    -2.960     0.620    33.995     3.116    -0.692     0.657
    26.000    24.000    20.000    14.000    12.000     8.000    10.000    29.000    28.000    26.000    29.000    39.000    42.000    29.000    13.869     5.000    -1.000     1.000     1.000     1.000     1.000     2.000     3.000     4.000     5.000     6.000     7.000    27.258     2.580    -2.727     0.554    29.518     3.099     0.613     0.649
    30.000         *         *    24.000    20.000         *         *    52.000    50.000    51.000    47.000    42.000    23.000    23.000     3.506    10.000     4.000     0.000     1.000     0.000     1.000     2.000     3.000     4.000     5.000     6.000     7.000    35.087     3.027    -3.063     0.691    54.780     3.137    -3.424     0.665
    32.000    28.000    22.000    16.000    18.000    16.000         *    33.000    34.000    35.000    39.000    32.000    35.000    34.000     9.264     3.000     5.000     0.000     1.000     0.000     1.000     2.000     3.000     4.000     5.000     6.000     7.000    32.398     2.616    -2.934     0.619    36.238     3.116    -0.331     0.656
    30.000    24.000    18.000    16.000         *    18.000         *    40.000    37.000    42.000    33.000    39.000    27.000    37.000    10.731    13.000     6.000     0.000     0.000     0.000     1.000     2.000     3.000     4.000     5.000     6.000     7.000    29.531     2.618    -2.585     0.640    44.150     3.121    -1.763     0.659
    32.000         *    28.000    20.000         *         *         *    48.000    56.000    45.000    52.000    51.000         *         *    12.908     5.000    -3.000     0.000     1.000     0.000     1.000     2.000     3.000     4.000     5.000         *         *    31.682     2.959    -2.335     0.788    50.754     3.199    -0.299     0.841
    30.000    30.000    18.000         *         *         *         *    42.000    54.000    51.000    46.000         *         *         *    14.107    11.000    -3.000     0.000     0.000     0.000     1.000     2.000     3.000     4.000         *         *         *    30.524     2.784    -2.912     0.856    51.824     3.211    -1.481     0.932
    20.000    14.000    12.000    10.000    12.000         *         *    56.000    59.000    46.000    64.000    38.000    39.000         *     6.704    11.000    -4.000     0.000     0.000     0.000     1.000     2.000     3.000     4.000     5.000     6.000         *    22.579     2.669    -2.605     0.700    57.587     3.166    -2.119     0.744
    28.000         *         *         *         *         *         *    46.000    47.000         *         *         *         *         *     5.896     5.000    -2.000     0.000     1.000     1.000     1.000     2.000         *         *         *         *         *    29.670     3.455    -1.165     0.935    44.980     3.524     0.589     1.052
    22.000    20.000    24.000    22.000    26.000         *         *    41.000    48.000    47.000    44.000    50.000    49.000         *     6.865     2.000     0.000     0.000     1.000     0.000     1.000     2.000     3.000     4.000     5.000     6.000         *    26.412     2.669    -1.070     0.700    42.828     3.166     1.092     0.744
    22.000    18.000         *         *         *         *         *    52.000    53.000    41.000         *         *         *         *     6.211    12.000    18.000     1.000     1.000     0.000     1.000     2.000     3.000         *         *         *         *    25.803     2.957    -2.062     0.907    51.652     3.267    -1.285     1.005
    24.000    18.000         *         *         *         *         *    40.000         *    46.000         *         *         *         *     3.678     5.000    -1.000     0.000     1.000     0.000     1.000     2.000     3.000     4.000         *         *         *    26.122     2.964    -1.739     0.910    43.383     3.675     0.147     1.007
    24.000    20.000    16.000    12.000         *         *         *    48.000    45.000    47.000    46.000    52.000    42.000         *     6.257     8.000     8.000     0.000     1.000     0.000     1.000     2.000     3.000     4.000     5.000     6.000         *    25.168     2.669    -2.202     0.756    49.344     3.186    -0.726     0.754
    38.000    36.000         *         *         *         *         *    53.000    59.000    56.000         *         *         *         *     6.621     5.000    11.000     0.000     1.000     0.000     1.000     2.000     3.000         *         *         *         *    37.609     2.957    -1.779     0.907    55.033     3.267    -0.072     1.005
    38.000    28.000    26.000         *         *         *         *    32.000    35.000    37.000    35.000         *         *         *     3.446     6.000    -1.000     0.000     1.000     0.000     1.000     2.000     3.000     4.000         *         *         *    35.734     2.784    -2.670     0.856    37.585     3.211    -0.799     0.932
    22.000    20.000         *         *         *         *         *    60.000    59.000    59.000         *         *         *         *     3.667    12.000    -6.000     0.000     0.000     0.000     1.000     2.000     3.000         *         *         *         *    24.803     2.957    -1.563     0.907    60.671     3.267    -0.946     1.005
    20.000    20.000    26.000    32.000         *         *         *    64.000    73.000    84.000    79.000    80.000         *         *     6.879     9.000     6.000     0.000     1.000     0.000     1.000     2.000     3.000     4.000     5.000         *         *    22.641     2.716     0.795     0.783    69.879     3.196     1.680     0.840
    22.000    16.000         *         *         *         *         *    60.000    86.000    83.000    80.000         *         *         *     8.010     9.000    -5.000     0.000     0.000     0.000     1.000     2.000     3.000     4.000         *         *         *    20.668     2.926    -0.464     0.874    72.384     3.216     1.175     0.936
    28.000    30.000         *         *         *         *         *    50.000    52.000    48.000         *         *         *         *     0.637     5.000    -7.000     0.000     1.000     0.000     1.000     2.000     3.000         *         *         *         *    31.574     2.957    -1.575     0.907    49.694     3.267    -0.020     1.005
    28.000    36.000         *         *         *         *         *    46.000    49.000    32.000         *         *         *         *     9.154     8.000     8.000     0.000     1.000     0.000     1.000     2.000     3.000         *         *         *         *    34.581     2.957    -2.531     0.907    45.992     3.267    -1.564     1.005
    28.000    34.000         *         *         *         *         *    44.000    49.000    49.000         *         *         *         *     0.965     7.000    -2.000     0.000     0.000     0.000     1.000     2.000     3.000         *         *         *         *    33.504     2.957    -1.855     0.907    47.795     3.267    -0.129     1.005
    28.000         *         *         *         *         *         *    58.000    65.000         *         *         *         *         *    15.665    10.000    -1.000     0.000     1.000     0.000     1.000     2.000         *         *         *         *         *    27.464     3.455    -2.100     0.935    61.346     3.524    -1.248     1.052
    26.000    20.000         *         *         *         *         *    30.000    23.000    22.000         *         *         *         *     8.094     7.000   -21.000     0.000     1.000     0.000     1.000     2.000     3.000         *         *         *         *    28.375     2.957    -3.390     0.907    30.486     3.267    -1.781     1.005
    20.000         *         *         *         *         *         *    35.000    36.000         *         *         *         *         *     3.060     8.000    -7.000     0.000     1.000     2.000     1.000     2.000         *         *         *         *         *    24.669     3.455    -0.318     0.935    35.400     3.524     0.894     1.052
    26.000         *         *         *         *         *         *    49.000    65.000    64.000         *         *         *         *     4.010     7.000     8.000     1.000     1.000     0.000     1.000     2.000     3.000         *         *         *         *    28.659     3.433    -1.109     0.907    56.323     3.268     0.913     1.005
    26.000    28.000         *         *         *         *         *    48.000    47.000    56.000         *         *         *         *     1.578    11.000    -8.000     0.000     1.000     0.000     1.000     2.000     3.000         *         *         *         *    29.385     2.957    -1.362     0.907    52.240     3.267    -0.805     1.005
    38.000    36.000         *         *         *         *         *    53.000    51.000    46.000         *         *         *         *     2.630     9.000     3.000     1.000     1.000     0.000     1.000     2.000     3.000         *         *         *         *    38.298     2.957    -2.371     0.907    51.403     3.267    -1.001     1.005
    30.000    28.000         *         *         *         *         *    37.000    38.000    36.000         *         *         *         *     4.609    -1.000     3.000     1.000     1.000     0.000     1.000     2.000     3.000         *         *         *         *    33.223     2.957    -2.611     0.907    34.927     3.267     1.026     1.005
    14.000         *         *         *         *         *         *    43.000    46.000    46.000         *         *         *         *    15.290    12.000     5.000     0.000     0.000     0.000     1.000     2.000     3.000         *         *         *         *    20.627     3.433    -2.428     0.907    48.650     3.268    -1.367     1.005
    30.000         *         *         *         *         *         *    44.000    44.000         *         *         *         *         *     1.357     5.000    -9.000     0.000     1.000     0.000     1.000     2.000         *         *         *         *         *    32.140     3.455    -1.947     0.935    44.636     3.524    -0.238     1.052
    30.000         *         *         *         *         *         *    73.000    62.000         *         *         *         *         *     0.946     5.000    -1.000     0.000     1.000     0.000     1.000     2.000         *         *         *         *         *    31.194     3.455    -1.044     0.935    64.088     3.524     0.221     1.052
    28.000         *         *         *         *         *         *    42.000    51.000         *         *         *         *         *     0.760     9.000   -10.000     1.000     0.000     0.000     1.000     2.000         *         *         *         *         *    30.537     3.455    -2.345     0.935    46.937     3.524    -0.318     1.052
    32.000         *         *         *         *         *         *    68.000    69.000         *         *         *         *         *     1.570    13.000     8.000     0.000     0.000     0.000     1.000     2.000         *         *         *         *         *    32.728     3.455    -1.323     0.935    68.260     3.524    -1.103     1.052
