    23.000         *         *         *         *         *         *    29.000    26.000         *         *         *         *         *     2.687    11.000     8.000     1.000     1.000     0.000     1.000     2.000         *         *         *         *         *    28.826     3.451    -1.768     0.869    29.355     1.693    -0.114     0.203
    21.000    20.000    28.000    16.000    14.000     8.000     8.000    35.000    32.000    38.000    35.000    38.000    33.000    38.000    10.712     9.000     8.000     0.000     0.000     0.000     1.000     2.000     3.000     4.000     5.000     6.000     7.000    27.517     2.738    -2.758     0.593    36.354     1.048    -0.310     0.153
    25.000         *         *         *         *         *         *    32.000    38.000         *         *         *         *         *    15.259    13.000     3.000     1.000     0.000     1.000     1.000     2.000         *         *         *         *         *    25.844     3.451    -2.457     0.869    34.024     1.693    -0.203     0.203
    35.000         *    50.000    32.000         *         *         *    34.000    30.000    33.000    29.000    28.000    28.000         *     0.856     6.000     6.000     0.000     0.000     0.000     1.000     2.000     3.000     4.000     5.000     6.000         *    41.734     3.111    -1.904     0.824    31.734     1.102    -0.445     0.161
    34.000    34.000    34.000    30.000         *         *         *    32.000    25.000    36.000    30.000    36.000    30.000         *    13.819    13.000    -8.000     0.000     0.000     0.000     1.000     2.000     3.000     4.000     5.000     6.000         *    36.779     2.850    -2.731     0.815    32.128     1.100    -0.316     0.161
    27.000    32.000    28.000    22.000    20.000    16.000    10.000    31.000    33.000    32.000    25.000    35.000    24.000    33.000     2.605    11.000    13.000     1.000     0.000     0.000     1.000     2.000     3.000     4.000     5.000     6.000     7.000    34.365     2.738    -2.997     0.593    32.092     1.048    -0.383     0.153
    33.000         *    32.000    30.000         *         *         *    28.000    28.000    29.000    30.000    38.000         *         *     1.272     9.000    -2.000     0.000     1.000     0.000     1.000     2.000     3.000     4.000     5.000         *         *    36.015     3.112    -1.794     0.824    30.925     1.176     0.070     0.170
    31.000         *    42.000         *         *         *    34.000    32.000    27.000    31.000    30.000    31.000    26.000    24.000     9.091    10.000     8.000     0.000     1.000     1.000     1.000     2.000     3.000     4.000     5.000     6.000     7.000    34.824     3.135    -0.428     0.662    29.915     1.052    -0.370     0.153
    35.000    30.000    32.000         *         *    26.000         *    34.000    29.000    36.000    34.000    28.000    24.000    30.000     1.737    13.000    14.000     0.000     1.000     0.000     1.000     2.000     3.000     4.000     5.000     6.000     7.000    35.177     2.840    -1.570     0.706    31.918     1.049    -0.372     0.153
    19.000    20.000    16.000    14.000    12.000    10.000     8.000    33.000    27.000    35.000    29.000    32.000    32.000    33.000    15.065     5.000    -6.000     1.000     1.000     0.000     1.000     2.000     3.000     4.000     5.000     6.000     7.000    23.616     2.738    -2.402     0.593    30.597     1.048     0.198     0.153
    24.000    25.000    34.000    24.000    20.000    18.000    16.000    34.000    25.000    36.000    30.000    30.000    34.000    30.000    10.156     5.000     0.000     0.000     1.000     1.000     1.000     2.000     3.000     4.000     5.000     6.000     7.000    29.887     2.738    -1.705     0.593    31.476     1.048    -0.015     0.153
    19.000    18.000    14.000    12.000    12.000         *         *    31.000    32.000    32.000    30.000    32.000    32.000    26.000    16.352    10.000    -2.000     0.000     1.000     0.000     1.000     2.000     3.000     4.000     5.000     6.000     7.000    21.843     2.845    -2.214     0.751    31.496     1.048    -0.245     0.153
    31.000    32.000    34.000    30.000    22.000    18.000    28.000    28.000    23.000    29.000    27.000    27.000    28.000    31.000     4.374     6.000     0.000     1.000     1.000     1.000     1.000     2.000     3.000     4.000     5.000     6.000     7.000    34.837     2.738    -1.738     0.593    27.850     1.048     0.120     0.153
    25.000    26.000    20.000    14.000         *         *         *    32.000    34.000    37.000    32.000    34.000         *         *     9.663     7.000     6.000     0.000     1.000     0.000     1.000     2.000     3.000     4.000     5.000         *         *    27.960     2.852    -2.510     0.815    33.541     1.174    -0.073     0.170
    19.000    20.000    20.000    16.000         *         *         *    36.000    32.000    36.000    29.000    32.000    31.000    36.000    11.749     5.000    -3.000     0.000     0.000     0.000     1.000     2.000     3.000     4.000     5.000     6.000     7.000    24.812     2.849    -2.295     0.814    34.100     1.049    -0.272     0.153
    25.000    36.000    20.000         *         *         *         *    39.000    38.000    36.000    38.000         *         *         *     8.308    13.000     2.000     0.000     0.000     1.000     1.000     2.000     3.000     4.000         *         *         *    29.843     2.867    -1.822     0.854    37.220     1.284    -0.145     0.179
    27.000    36.000    20.000    18.000         *         *         *    37.000    37.000    40.000    39.000    41.000    42.000         *     1.907     7.000     0.000     0.000     1.000     0.000     1.000     2.000     3.000     4.000     5.000     6.000         *    31.857     2.850    -2.534     0.815    37.148     1.100     0.464     0.161
    29.000    34.000    18.000    16.000         *         *         *    29.000    34.000    35.000    33.000    33.000         *         *     7.613    13.000     3.000     0.000     0.000     0.000     1.000     2.000     3.000     4.000     5.000         *         *    31.769     2.852    -3.018     0.815    33.996     1.174    -0.398     0.170
    28.000    22.000    16.000    10.000         *         *         *    37.000    36.000    32.000    37.000    29.000         *         *    14.597     7.000   -13.000     0.000     1.000     1.000     1.000     2.000     3.000     4.000     5.000         *         *    25.175     2.852    -2.471     0.815    33.306     1.174     0.251     0.170
    30.000         *         *         *         *         *         *    20.000    30.000         *         *         *         *         *     1.729     7.000     1.000     0.000     1.000     0.000     1.000     2.000         *         *         *         *         *    34.233     3.451    -1.695     0.869    28.242     1.693    -0.207     0.203
    25.000    32.000         *         *         *         *         *    28.000    32.000    27.000    31.000    19.000         *         *    14.701     1.000     2.000     0.000     0.000     0.000     1.000     2.000     3.000     4.000     5.000         *         *    31.276     2.995    -2.754     0.864    29.475     1.180    -0.682     0.170
    38.000    32.000    22.000    18.000    20.000         *         *    28.000    25.000    28.000    27.000    24.000    24.000    22.000    14.638     7.000     8.000     0.000     1.000     0.000     1.000     2.000     3.000     4.000     5.000     6.000     7.000    34.806     2.845    -3.170     0.751    27.692     1.048    -0.574     0.153
    20.000    22.000         *    20.000    14.000     8.000     6.000    31.000    35.000    29.000    33.000    28.000    33.000    29.000    15.585    11.000    -4.000     0.000     0.000     0.000     1.000     2.000     3.000     4.000     5.000     6.000     7.000    25.523     2.876    -2.615     0.598    32.842     1.049    -0.463     0.153
    10.000    22.000    18.000         *         *         *         *    23.000    27.000    22.000    36.000         *         *         *    14.920     3.000    -5.000     0.000     0.000     0.000     1.000     2.000     3.000     4.000         *         *         *    22.311     2.867    -2.014     0.854    29.580     1.284    -0.546     0.179
    32.000    22.000         *         *         *         *         *    22.000    28.000    28.000    28.000         *         *         *    12.768     9.000    11.000     0.000     1.000     0.000     1.000     2.000     3.000     4.000         *         *         *    30.721     2.995    -2.359     0.865    28.315     1.289    -0.589     0.179
    30.000    32.000    28.000    18.000         *         *         *    38.000    36.000    33.000    38.000    35.000    38.000    34.000     8.500    11.000    -7.000     0.000     1.000     0.000     1.000     2.000     3.000     4.000     5.000     6.000     7.000    32.335     2.849    -2.657     0.814    34.445     1.049     0.238     0.153
    48.000    50.000    42.000         *         *         *         *    26.000    31.000    32.000    41.000    28.000    33.000    33.000    -0.379     6.000     3.000     0.000     1.000     0.000     1.000     2.000     3.000     4.000     5.000     6.000     7.000    48.798     2.863    -2.676     0.852    31.214     1.050     0.148     0.153
    12.000    14.000         *         *         *         *         *    41.000    41.000    41.000    42.000    39.000    38.000         *    10.348    11.000   -13.000     0.000     0.000     0.000     1.000     2.000     3.000     4.000     5.000     6.000         *    17.989     2.994    -2.223     0.863    39.145     1.105     0.159     0.161
    26.000    18.000    16.000    14.000    12.000    10.000         *    24.000    32.000    27.000    18.000    27.000    24.000    26.000    15.290    11.000     3.000     0.000     0.000     0.000     1.000     2.000     3.000     4.000     5.000     6.000     7.000    25.868     2.808    -2.698     0.673    29.344     1.048    -0.852     0.153
    30.000         *         *         *         *         *         *    27.000    29.000         *         *         *         *         *     5.899     3.000    13.000     0.000     1.000     1.000     1.000     2.000     3.000         *         *         *         *    33.162     3.451    -1.089     0.869    29.743     1.693    -0.316     0.203
    24.000    34.000    26.000    20.000    16.000    18.000    18.000    37.000    34.000    32.000    29.000    33.000    30.000    31.000     9.255    -1.000    11.000     0.000     0.000     0.000     1.000     2.000     3.000     4.000     5.000     6.000     7.000    31.568     2.738    -2.351     0.593    33.667     1.048    -0.466     0.153
    30.000    22.000    20.000         *         *         *         *    33.000    27.000    29.000    27.000    31.000         *         *     6.047     9.000    -3.000     0.000     0.000     0.000     1.000     2.000     3.000     4.000     5.000     6.000         *    29.746     2.866    -2.432     0.853    31.463     1.177    -0.433     0.170
    24.000    18.000    12.000     8.000         *         *         *    34.000    31.000    30.000    32.000    30.000    30.000         *    17.181     7.000    -9.000     1.000     0.000     0.000     1.000     2.000     3.000     4.000     5.000     6.000         *    24.555     2.850    -3.693     0.815    31.577     1.100    -0.139     0.161
    12.000     8.000     6.000         *         *         *         *    32.000    27.000    32.000    32.000         *         *         *    18.821     9.000    -8.000     0.000     1.000     0.000     1.000     2.000     3.000     4.000         *         *         *    15.067     2.867    -2.188     0.854    31.432     1.284    -0.160     0.179
    42.000    24.000    18.000         *         *         *         *    35.000    30.000    34.000    32.000         *         *         *     6.931     5.000    11.000     0.000     0.000     0.000     1.000     2.000     3.000     4.000         *         *         *    34.791     2.867    -3.302     0.854    33.633     1.284    -0.478     0.179
    28.000    24.000    22.000         *         *         *         *    37.000    28.000    33.000    34.000         *         *         *    10.118     5.000    -9.000     1.000     0.000     0.000     1.000     2.000     3.000     4.000         *         *         *    30.316     2.867    -3.259     0.854    32.584     1.284     0.097     0.179
    42.000    28.000    34.000    24.000    18.000    20.000    18.000    30.000    28.000    31.000    34.000    26.000    30.000    31.000     3.533     9.000     1.000     1.000     1.000     0.000     1.000     2.000     3.000     4.000     5.000     6.000     7.000    38.234     2.738    -3.097     0.593    29.555     1.048     0.143     0.153
    22.000         *         *         *         *         *         *    30.000    30.000         *         *         *         *         *     9.518     5.000    -1.000     1.000     1.000     0.000     1.000     2.000         *         *         *         *         *    26.537     3.451    -2.471     0.869    30.220     1.693     0.141     0.203
    14.000    12.000    20.000    14.000         *    16.000         *    32.000    32.000    27.000    28.000    32.000    31.000    31.000    14.101    13.000     4.000     1.000     1.000     0.000     1.000     2.000     3.000     4.000     5.000     6.000     7.000    19.579     2.808    -1.300     0.698    30.793     1.048    -0.144     0.153
    34.000    28.000         *    22.000    20.000    18.000         *    25.000    27.000    27.000    28.000    23.000    25.000    23.000     7.175     7.000     1.000     1.000     1.000     0.000     1.000     2.000     3.000     4.000     5.000     6.000     7.000    34.062     2.928    -2.722     0.675    26.527     1.049    -0.157     0.153
    26.000    24.000    20.000    14.000    12.000     8.000    10.000    36.000    35.000    32.000    42.000    44.000    40.000    37.000    13.869     5.000    -1.000     1.000     1.000     1.000     1.000     2.000     3.000     4.000     5.000     6.000     7.000    27.098     2.738    -2.760     0.593    35.151     1.048     0.563     0.153
    30.000         *         *    24.000    20.000         *         *    28.000    30.000    29.000    29.000         *    22.000    23.000     3.506    10.000     4.000     0.000     1.000     0.000     1.000     2.000     3.000     4.000     5.000     6.000     7.000    32.076     3.284    -1.958     0.770    28.872     1.105    -0.402     0.157
    32.000    28.000    22.000    16.000    18.000    16.000         *    25.000    21.000    31.000    29.000    28.000    19.000    24.000     9.264     3.000     5.000     0.000     1.000     0.000     1.000     2.000     3.000     4.000     5.000     6.000     7.000    32.060     2.808    -2.721     0.673    27.526     1.048    -0.419     0.153
    30.000    24.000    18.000    16.000         *    18.000         *    35.000    39.000    34.000    28.000    30.000    30.000    26.000    10.731    13.000     6.000     0.000     0.000     0.000     1.000     2.000     3.000     4.000     5.000     6.000     7.000    28.196     2.808    -2.312     0.698    33.795     1.048    -0.644     0.153
    32.000         *    28.000    20.000         *         *         *    29.000    36.000    32.000    29.000    30.000         *         *    12.908     5.000    -3.000     0.000     1.000     0.000     1.000     2.000     3.000     4.000     5.000         *         *    32.572     3.112    -2.745     0.824    30.919     1.176    -0.060     0.170
    30.000    30.000    18.000         *         *         *         *    25.000    24.000    21.000    17.000         *         *         *    14.107    11.000    -3.000     0.000     0.000     0.000     1.000     2.000     3.000     4.000         *         *         *    31.173     2.867    -2.787     0.854    25.757     1.284    -0.976     0.179
    20.000    14.000    12.000    10.000    12.000         *         *    31.000    33.000    27.000    35.000    31.000    27.000         *     6.704    11.000    -4.000     0.000     0.000     0.000     1.000     2.000     3.000     4.000     5.000     6.000         *    21.731     2.846    -2.162     0.751    32.883     1.099    -0.419     0.161
    28.000         *         *         *         *         *         *    30.000    41.000         *         *         *         *         *     5.896     5.000    -2.000     0.000     1.000     1.000     1.000     2.000         *         *         *         *         *    30.230     3.451    -1.415     0.869    34.566     1.693     0.317     0.203
    22.000    20.000    24.000    22.000    26.000         *         *    34.000    37.000    38.000    36.000    41.000    31.000         *     6.865     2.000     0.000     0.000     1.000     0.000     1.000     2.000     3.000     4.000     5.000     6.000         *    26.469     2.846    -1.272     0.751    34.774     1.099     0.211     0.161
    22.000    18.000         *         *         *         *         *    34.000    33.000    35.000         *         *         *         *     6.211    12.000    18.000     1.000     1.000     0.000     1.000     2.000     3.000         *         *         *         *    25.258     2.995    -1.991     0.867    33.320     1.446    -0.124     0.190
    24.000    18.000         *         *         *         *         *    33.000    32.000    35.000    18.000         *         *         *     3.678     5.000    -1.000     0.000     1.000     0.000     1.000     2.000     3.000     4.000         *         *         *    26.202     2.995    -1.540     0.865    30.621     1.289    -0.127     0.179
    24.000    20.000    16.000    12.000         *         *         *    36.000    31.000    35.000    38.000    38.000    36.000         *     6.257     8.000     8.000     0.000     1.000     0.000     1.000     2.000     3.000     4.000     5.000     6.000         *    25.403     2.850    -2.336     0.815    35.288     1.100     0.038     0.161
    38.000    36.000         *         *         *         *         *    34.000    40.000    35.000         *         *         *         *     6.621     5.000    11.000     0.000     1.000     0.000     1.000     2.000     3.000         *         *         *         *    38.017     2.995    -2.653     0.867    34.206     1.446    -0.007     0.190
    38.000    28.000    26.000         *         *         *         *    29.000    36.000         *    29.000         *         *         *     3.446     6.000    -1.000     0.000     1.000     0.000     1.000     2.000     3.000     4.000         *         *         *    35.253     2.867    -2.441     0.856    31.445     1.430     0.047     0.186
    22.000    20.000         *         *         *         *         *    37.000    41.000    42.000         *         *         *         *     3.667    12.000    -6.000     0.000     0.000     0.000     1.000     2.000     3.000         *         *         *         *    25.483     2.995    -2.190     0.867    38.857     1.446     0.137     0.190
    20.000    20.000    26.000    32.000         *         *         *    29.000    35.000    29.000    31.000    32.000         *         *     6.879     9.000     6.000     0.000     1.000     0.000     1.000     2.000     3.000     4.000     5.000         *         *    26.607     2.852    -0.786     0.815    31.745     1.174    -0.228     0.170
    22.000    16.000         *         *         *         *         *    41.000    36.000    40.000    36.000         *         *         *     8.010     9.000    -5.000     0.000     0.000     0.000     1.000     2.000     3.000     4.000         *         *         *    23.821     2.995    -2.406     0.865    37.562     1.289    -0.019     0.179
    28.000    30.000         *         *         *         *         *    32.000    35.000    32.000         *         *         *         *     0.637     5.000    -7.000     0.000     1.000     0.000     1.000     2.000     3.000         *         *         *         *    32.294     2.995    -1.857     0.867    32.860     1.446     0.306     0.190
    28.000    36.000         *         *         *         *         *    22.000    31.000    24.000         *         *         *         *     9.154     8.000     8.000     0.000     1.000     0.000     1.000     2.000     3.000         *         *         *         *    34.012     2.995    -1.978     0.867    27.475     1.446    -0.529     0.190
    28.000    34.000         *         *         *         *         *    35.000    36.000    33.000         *         *         *         *     0.965     7.000    -2.000     0.000     0.000     0.000     1.000     2.000     3.000         *         *         *         *    33.889     2.995    -2.175     0.867    34.829     1.446    -0.093     0.190
    28.000         *         *         *         *         *         *    21.000    14.000         *         *         *         *         *    15.665    10.000    -1.000     0.000     1.000     0.000     1.000     2.000         *         *         *         *         *    29.638     3.451    -2.168     0.869    22.631     1.693    -0.823     0.203
    26.000    20.000         *         *         *         *         *    37.000    35.000    39.000         *         *         *         *     8.094     7.000   -21.000     0.000     1.000     0.000     1.000     2.000     3.000         *         *         *         *    26.427     2.995    -2.504     0.867    35.248     1.446     0.633     0.190
    20.000         *         *         *         *         *         *    36.000    34.000         *         *         *         *         *     3.060     8.000    -7.000     0.000     1.000     2.000     1.000     2.000         *         *         *         *         *    24.697     3.451     0.041     0.869    35.562     1.693     0.484     0.203
    26.000         *         *         *         *         *         *    31.000    36.000    30.000         *         *         *         *     4.010     7.000     8.000     1.000     1.000     0.000     1.000     2.000     3.000         *         *         *         *    30.265     3.450    -2.232     0.867    31.830     1.456     0.117     0.190
    26.000    28.000         *         *         *         *         *    38.000    40.000    44.000         *         *         *         *     1.578    11.000    -8.000     0.000     1.000     0.000     1.000     2.000     3.000         *         *         *         *    29.656     2.995    -2.006     0.867    38.040     1.446     0.598     0.190
    38.000    36.000         *         *         *         *         *    33.000    36.000    27.000         *         *         *         *     2.630     9.000     3.000     1.000     1.000     0.000     1.000     2.000     3.000         *         *         *         *    38.469     2.995    -2.750     0.867    31.042     1.446     0.207     0.190
    30.000    28.000         *         *         *         *         *    32.000    32.000    31.000         *         *         *         *     4.609    -1.000     3.000     1.000     1.000     0.000     1.000     2.000     3.000         *         *         *         *    33.190     2.995    -2.647     0.867    30.949     1.446     0.296     0.190
    14.000         *         *         *         *         *         *    24.000    28.000    19.000         *         *         *         *    15.290    12.000     5.000     0.000     0.000     0.000     1.000     2.000     3.000         *         *         *         *    21.181     3.450    -1.842     0.867    27.747     1.456    -1.094     0.190
    30.000         *         *         *         *         *         *    39.000    39.000         *         *         *         *         *     1.357     5.000    -9.000     0.000     1.000     0.000     1.000     2.000         *         *         *         *         *    31.635     3.451    -2.204     0.869    36.554     1.693     0.602     0.203
    30.000         *         *         *         *         *         *    27.000    37.000         *         *         *         *         *     0.946     5.000    -1.000     0.000     1.000     0.000     1.000     2.000         *         *         *         *         *    33.536     3.451    -1.909     0.869    32.406     1.693     0.165     0.203
    28.000         *         *         *         *         *         *    31.000    37.000         *         *         *         *         *     0.760     9.000   -10.000     1.000     0.000     0.000     1.000     2.000         *         *         *         *         *    31.484     3.451    -2.738     0.869    34.332     1.693     0.316     0.203
    32.000         *         *         *         *         *         *    28.000    32.000         *         *         *         *         *     1.570    13.000     8.000     0.000     0.000     0.000     1.000     2.000         *         *         *         *         *    34.668     3.451    -2.029     0.869    32.084     1.693    -0.583     0.203
