         *         *         *   353.330   400.000    38.000    28.000    48.000    34.000    54.000         *     7.547     5.000     0.000     0.000     0.000     1.000     2.000     3.000     4.000     5.000   432.849    81.285   -13.540    17.198    38.455     2.251     0.594     0.275
         *         *         *         *   416.670    52.000         *    46.000    50.000    56.000         *     2.742     7.000     1.000     1.000     1.000     1.000     2.000     3.000     4.000     5.000   399.785    89.043     0.129    17.238    45.379     2.483     1.508     0.279
         *         *         *         *   350.000    60.000         *    66.000    58.000    64.000         *     4.270     7.000     1.000     1.000     0.000     1.000     2.000     3.000     4.000     5.000   421.088    89.043   -13.883    17.238    56.918     2.483     1.065     0.279
         *         *         *         *   293.330         *    22.000    37.000    28.000    37.000         *     0.604     6.000     0.000     0.000     1.000     1.000     2.000     3.000     4.000     5.000   346.704    89.217    -6.898    17.279    26.553     2.497     1.407     0.279
         *   446.670   423.330   453.330   396.670         *    34.000    48.000    51.000    31.000         *    15.692     5.000     1.000     1.000     1.000     1.000     2.000     3.000     4.000     5.000   440.530    59.214    -7.091    15.189    39.274     2.470     0.456     0.251
         *         *         *         *   346.670         *    41.000    45.000    47.000    33.000         *     2.860     8.000     0.000     0.000     0.000     1.000     2.000     3.000     4.000     5.000   406.464    89.217   -11.025    17.279    38.671     2.497     0.727     0.279
         *         *         *         *   533.330         *    23.000    24.000    33.000    22.000         *     1.321    13.000     0.000     0.000     0.000     1.000     2.000     3.000     4.000     5.000   485.394    89.217    -0.952    17.279    25.413     2.497     0.371     0.279
         *         *         *         *   363.330         *    47.000    32.000    48.000    49.000         *     3.634     5.000     0.000     1.000     1.000     1.000     2.000     3.000     4.000     5.000   367.615    89.217    -1.095    17.279    38.849     2.497     1.406     0.279
         *         *         *         *   456.670         *    22.000    23.000    19.000    25.000         *     4.177     0.000     0.000     1.000     1.000     1.000     2.000     3.000     4.000     5.000   369.090    89.217    10.487    17.279    18.828     2.497     1.190     0.279
         *         *   458.330   506.670   466.670         *    27.000    26.000    24.000    29.000         *    10.334     2.000     0.000     0.000     0.000     1.000     2.000     3.000     4.000     5.000   474.033    71.353    -4.112    16.611    26.123     2.485     0.227     0.265
         *         *         *         *   313.330         *    17.000     8.000    12.000    16.000         *     5.751     5.000     0.000     1.000     0.000     1.000     2.000     3.000     4.000     5.000   341.944    89.217    -7.416    17.279    14.091     2.497     0.137     0.279
         *         *         *         *   403.330         *    51.000    54.000    56.000    57.000         *     3.826     7.000     1.000     1.000     0.000     1.000     2.000     3.000     4.000     5.000   442.607    89.217   -10.969    17.279    49.937     2.497     0.998     0.279
         *         *         *         *   366.670         *    53.000    41.000    54.000    53.000         *     3.180    13.000     0.000     0.000     0.000     1.000     2.000     3.000     4.000     5.000   443.878    89.217   -15.507    17.279    47.548     2.497     0.670     0.279
         *         *         *         *   201.670         *    38.000    27.000    31.000    33.000         *    12.631     1.000     0.000     1.000     0.000     1.000     2.000     3.000     4.000     5.000   305.664    89.217   -16.408    17.279    31.766     2.497     0.093     0.279
         *         *         *   466.670   430.000         *    63.000    47.000    51.000    46.000         *    18.361     5.000     0.000     0.000     0.000     1.000     2.000     3.000     4.000     5.000   470.070    81.478    -9.989    17.248    51.471     2.494    -0.199     0.275
         *         *         *         *   460.000         *    64.000    59.000    54.000    61.000         *     4.861     7.000     0.000     1.000     0.000     1.000     2.000     3.000     4.000     5.000   458.090    89.217    -4.580    17.279    55.012     2.497     0.936     0.279
         *         *         *         *   343.330    32.000    32.000    30.000    27.000    25.000         *     8.642     2.000     0.000     1.000     1.000     1.000     2.000     3.000     4.000     5.000   316.337    89.012     3.869    17.227    27.080     2.253     0.782     0.279
         *         *         *         *   283.330    41.000    57.000    62.000    57.000    58.000         *    12.464     9.000     0.000     1.000     0.000     1.000     2.000     3.000     4.000     5.000   404.902    89.012   -22.563    17.227    53.663     2.253     0.250     0.279
         *         *         *         *   298.330    11.000    15.000    10.000     2.000     8.000         *     6.972    -4.000     1.000     1.000     0.000     1.000     2.000     3.000     4.000     5.000   307.307    89.012    -3.716    17.227     8.630     2.253     0.363     0.279
         *         *         *         *   356.670    17.000    28.000    28.000    30.000    23.000         *     7.090     5.000     1.000     1.000     0.000     1.000     2.000     3.000     4.000     5.000   387.701    89.012   -10.248    17.227    24.697     2.253     0.308     0.279
         *         *         *         *   460.000         *    34.000    39.000    39.000    38.000         *     4.368     6.000     0.000     0.000     0.000     1.000     2.000     3.000     4.000     5.000   457.854    89.217    -5.611    17.279    35.080     2.497     0.686     0.279
         *         *         *         *    96.670    20.000    22.000    29.000    29.000    31.000         *    17.337     7.000     0.000     1.000     1.000     1.000     2.000     3.000     4.000     5.000   247.767    89.012   -22.012    17.227    27.218     2.253    -0.085     0.279
         *         *         *         *   280.000    24.000    26.000    26.000    22.000    20.000         *    11.517     5.000     0.000     1.000     0.000     1.000     2.000     3.000     4.000     5.000   333.361    89.012   -11.104    17.227    24.688     2.253    -0.180     0.279
         *         *         *   166.670   383.330    24.000    28.000    24.000    28.000    26.000         *     4.157     5.000     0.000     1.000     0.000     1.000     2.000     3.000     4.000     5.000   295.092    81.285    -2.175    17.198    25.216     2.251     0.394     0.275
         *         *         *         *   416.670    37.000    40.000    36.000    33.000    53.000         *     3.287     5.000     0.000     1.000     0.000     1.000     2.000     3.000     4.000     5.000   430.247    89.012    -6.932    17.227    37.019     2.253     0.892     0.279
         *         *         *         *   296.670    18.000    22.000    13.000    28.000    21.000         *     8.289    -2.000     1.000     1.000     0.000     1.000     2.000     3.000     4.000     5.000   342.425    89.012   -10.420    17.227    19.247     2.253     0.453     0.279
         *         *         *   323.330   450.000    35.000    33.000    38.000    38.000    40.000         *     2.463     5.000     0.000     0.000     0.000     1.000     2.000     3.000     4.000     5.000   404.516    81.285    -4.451    17.198    34.185     2.251     0.836     0.275
         *         *         *         *   213.330    18.000    21.000    15.000    13.000    16.000         *     4.615     9.000     1.000     1.000     0.000     1.000     2.000     3.000     4.000     5.000   306.109    89.012   -15.472    17.227    17.255     2.253     0.076     0.279
         *         *         *         *   476.670    36.000    33.000    37.000    31.000    38.000         *     3.095     9.000     0.000     0.000     1.000     1.000     2.000     3.000     4.000     5.000   423.225    89.012     4.298    17.227    32.124     2.253     1.087     0.279
         *         *         *         *   353.330    54.000    49.000    53.000    54.000    40.000         *     8.431     7.000     0.000     1.000     0.000     1.000     2.000     3.000     4.000     5.000   389.536    89.012    -8.062    17.227    48.099     2.253     0.416     0.279
         *         *         *         *   413.330    40.000    41.000    38.000    34.000    37.000         *     4.251     7.000     0.000     1.000     0.000     1.000     2.000     3.000     4.000     5.000   407.482    89.012    -3.068    17.227    36.259     2.253     0.572     0.279
         *         *         *         *   366.670    19.000    38.000    33.000    33.000    33.000         *     4.034     5.000     0.000     1.000     0.000     1.000     2.000     3.000     4.000     5.000   399.452    89.012    -8.789    17.227    29.481     2.253     0.669     0.279
         *         *         *         *   150.000    46.000    54.000    55.000    54.000    52.000         *     6.071     9.000     0.000     1.000     0.000     1.000     2.000     3.000     4.000     5.000   328.574    89.012   -25.214    17.227    49.610     2.253     0.643     0.279
         *         *         *         *   366.670    39.000    41.000    45.000    52.000    43.000         *     0.793    13.000     0.000     0.000     0.000     1.000     2.000     3.000     4.000     5.000   443.018    89.012   -15.051    17.227    41.663     2.253     0.784     0.279
         *         *         *         *   245.000    42.000    29.000    49.000    39.000    47.000         *     3.248    11.000     0.000     1.000     1.000     1.000     2.000     3.000     4.000     5.000   326.032    89.012   -10.658    17.227    38.076     2.253     1.110     0.279
         *         *         *         *   183.330    43.000    57.000    55.000    61.000    50.000         *     8.530     5.000     1.000     1.000     0.000     1.000     2.000     3.000     4.000     5.000   345.189    89.012   -24.854    17.227    50.079     2.253     0.694     0.279
         *         *         *         *   310.000    24.000    34.000    31.000    39.000    46.000         *     8.741     6.000     0.000     1.000     1.000     1.000     2.000     3.000     4.000     5.000   357.903    89.012    -9.483    17.227    32.562     2.253     0.883     0.279
         *         *         *         *   326.670    12.000    26.000    20.000    23.000    23.000         *     4.270     2.000     1.000     1.000     0.000     1.000     2.000     3.000     4.000     5.000   366.655    89.012    -9.973    17.227    19.391     2.253     0.615     0.279
         *         *         *         *   283.330    29.000    21.000    19.000    22.000    32.000         *     0.886     5.000     1.000     1.000     1.000     1.000     2.000     3.000     4.000     5.000   308.542    89.012    -3.093    17.227    21.244     2.253     1.276     0.279
         *         *         *         *   363.330    24.000    32.000    43.000    23.000    30.000         *    13.795    12.000     0.000     1.000     0.000     1.000     2.000     3.000     4.000     5.000   399.572    89.012   -12.688    17.227    32.743     2.253    -0.530     0.279
         *         *         *         *   206.670    40.000    35.000    35.000    39.000    38.000         *     9.455     3.000     0.000     1.000     1.000     1.000     2.000     3.000     4.000     5.000   279.652    89.012    -8.490    17.227    34.681     2.253     0.864     0.279
         *         *         *         *   630.000    28.000    29.000    27.000    41.000    37.000         *     2.304     6.000     0.000     1.000     0.000     1.000     2.000     3.000     4.000     5.000   520.663    89.012     6.096    17.227    30.407     2.253     0.818     0.279
         *         *         *   303.330         *    55.000    52.000    72.000    63.000    55.000         *    11.128     7.000     0.000     1.000     0.000     1.000     2.000     3.000     4.000     5.000   386.608    81.915   -17.489    18.108    57.030     2.254     0.451     0.276
         *         *         *   326.670         *    34.000    40.000    41.000    38.000    42.000         *     5.858     5.000     0.000     0.000     0.000     1.000     2.000     3.000     4.000     5.000   394.179    81.915   -14.629    18.108    36.839     2.254     0.644     0.276
         *         *         *   220.000         *    43.000    37.000    36.000    36.000    40.000         *     7.331     7.000     0.000     0.000     0.000     1.000     2.000     3.000     4.000     5.000   326.950    81.915   -17.558    18.108    37.214     2.254     0.324     0.276
         *         *   346.670         *         *    45.000    47.000    44.000         *         *         *     3.251     9.000     0.000     1.000     1.000     1.000     2.000     3.000         *         *   359.100    73.851    -1.953    18.666    42.552     2.774     1.260     0.280
         *         *         *   275.000   396.670    58.000    72.000    58.000    65.000    61.000         *     6.843     9.000     0.000     1.000     0.000     1.000     2.000     3.000     4.000     5.000   381.688    81.285    -8.617    17.198    59.650     2.251     0.674     0.275
         *         *         *   373.330         *    59.000    62.000    61.000    59.000    71.000         *     1.797    14.000     1.000     0.000     0.000     1.000     2.000     3.000     4.000     5.000   461.473    81.915   -20.152    18.108    58.416     2.254     1.002     0.276
         *         *         *   573.330   590.000    29.000    33.000    43.000    33.000    39.000         *     3.667     7.000     0.000     1.000     0.000     1.000     2.000     3.000     4.000     5.000   528.503    81.285     3.017    17.198    33.608     2.251     0.714     0.275
         *         *         *   486.670         *    38.000    31.000    32.000    35.000    26.000         *     1.504    11.000     1.000     1.000     0.000     1.000     2.000     3.000     4.000     5.000   453.826    81.915    -3.869    18.108    31.096     2.254     0.548     0.276
         *         *         *   257.330   300.000    32.000    32.000    30.000    28.000    40.000         *     8.535     5.000     0.000     1.000     0.000     1.000     2.000     3.000     4.000     5.000   340.128    81.285   -12.435    17.198    31.783     2.251     0.259     0.275
         *         *         *   366.670         *    30.000    36.000    32.000    34.000    35.000         *     7.752     3.000     0.000     1.000     0.000     1.000     2.000     3.000     4.000     5.000   389.949    81.915    -9.120    18.108    32.020     2.254     0.471     0.276
         *         *         *   608.330   573.330    48.000    58.000    73.000    61.000    56.000         *     9.535    11.000     0.000     1.000     0.000     1.000     2.000     3.000     4.000     5.000   571.893    81.285    -4.698    17.198    57.198     2.251     0.490     0.275
         *         *         *   338.330   413.330    42.000    40.000    44.000    39.000    49.000         *    10.687     5.000     0.000     0.000     1.000     1.000     2.000     3.000     4.000     5.000   379.795    81.285    -1.970    17.198    40.190     2.251     0.804     0.275
         *         *         *   331.000   283.330    35.000    32.000    21.000    38.000    35.000         *     9.600     5.000     1.000     0.000     0.000     1.000     2.000     3.000     4.000     5.000   388.727    81.285   -18.623    17.198    31.439     2.251     0.238     0.275
         *         *         *   290.000   293.330    30.000    23.000    36.000    35.000    27.000         *     3.541     5.000     1.000     1.000     0.000     1.000     2.000     3.000     4.000     5.000   349.887    81.285   -12.113    17.198    28.336     2.251     0.644     0.275
         *         *   483.330   236.670   390.000    48.000    47.000    44.000    52.000    44.000         *     3.930     9.000     1.000     1.000     1.000     1.000     2.000     3.000     4.000     5.000   402.265    71.203    -9.047    16.567    42.784     2.243     1.293     0.265
         *         *         *   505.000   553.330    62.000    67.000    73.000    59.000    73.000         *     0.864     9.000     0.000     1.000     0.000     1.000     2.000     3.000     4.000     5.000   515.373    81.285    -1.165    17.198    61.580     2.251     1.349     0.275
         *         *         *   238.330   386.670    39.000    46.000    61.000    43.000    48.000         *     3.139     5.000     0.000     1.000     0.000     1.000     2.000     3.000     4.000     5.000   351.594    81.285    -6.208    17.198    44.031     2.251     0.923     0.275
         *         *         *   233.330   240.000    46.000    46.000    43.000    39.000    54.000         *     7.582     9.000     0.000     0.000     0.000     1.000     2.000     3.000     4.000     5.000   352.219    81.285   -21.563    17.198    44.046     2.251     0.389     0.275
         *         *         *   326.000   390.000    39.000    42.000    37.000    35.000    40.000         *     1.483     6.000     0.000     0.000     0.000     1.000     2.000     3.000     4.000     5.000   389.655    81.285    -6.346    17.198    35.783     2.251     0.862     0.275
         *         *         *   353.330   330.000    36.000    35.000    37.000    44.000    33.000         *     4.713     9.000     0.000     0.000     0.000     1.000     2.000     3.000     4.000     5.000   405.219    81.285   -13.993    17.198    35.613     2.251     0.487     0.275
   126.670         *         *         *         *    50.000    57.000         *         *         *   -12.000     2.271     9.000     0.000     0.000     1.000     1.000     2.000         *         *         *   206.377    56.971    -2.416    16.381    49.038     3.288     1.570     0.123
   223.330   276.670         *         *         *    32.000    23.000         *         *         *     3.500     2.687    11.000     1.000     1.000     0.000     1.000     2.000         *         *         *   272.725    48.568    -3.150    16.348    28.416     3.288     0.126     0.112
   593.330   523.330   300.000   560.000   380.000    47.000    48.000    52.000    42.000    45.000     1.000    10.712     9.000     0.000     0.000     0.000     1.000     2.000     3.000     4.000     5.000   541.176    46.413   -26.671    12.821    45.344     2.116     0.385     0.096
   296.670         *         *         *         *    11.000         *         *         *         *     0.000     7.996     5.000     1.000     1.000     0.000     1.000         *         *         *         *   315.676    57.037   -13.133    16.381    15.379     4.424    -0.028     0.136
   343.330   370.000   366.670   230.000   260.000    36.000    37.000    42.000    44.000    41.000    -8.000     6.238     5.000     0.000     0.000     0.000     1.000     2.000     3.000     4.000     5.000   393.799    46.413   -25.719    12.821    37.096     2.116     0.864     0.096
   223.330         *         *         *         *    17.000         *         *         *         *   -11.000    14.715     5.000     0.000     0.000     0.000     1.000         *         *         *         *   273.249    57.037   -22.784    16.381    20.491     4.424    -0.276     0.136
   233.330   363.330         *         *         *    29.000    38.000         *         *         *    -1.000    15.259    13.000     1.000     0.000     1.000     1.000     2.000         *         *         *   316.949    48.568   -10.461    16.348    34.911     3.288    -0.125     0.112
   260.000   273.330         *   433.330   140.000    33.000    24.000    26.000    27.000    29.000     6.000     0.856     6.000     0.000     0.000     0.000     1.000     2.000     3.000     4.000     5.000   303.476    48.006    -5.198    12.821    26.646     2.116     0.463     0.098
   445.000   443.330   303.330   680.000   583.330    51.000    50.000    57.000    44.000    46.000    -8.000    13.819    13.000     0.000     0.000     0.000     1.000     2.000     3.000     4.000     5.000   452.080    46.413     7.653    12.821    49.211     2.116     0.047     0.096
   303.330   466.670         *   363.330   303.330    28.000    31.000    23.000    26.000    29.000    -1.000    11.769     7.000     0.000     1.000     1.000     1.000     2.000     3.000     4.000     5.000   375.668    48.006    -7.978    12.821    26.776     2.116     0.446     0.098
   643.330   670.000   523.330   566.670   486.670    37.000    37.000    27.000    42.000    47.000    10.000     2.605    11.000     1.000     0.000     0.000     1.000     2.000     3.000     4.000     5.000   635.836    46.413   -24.253    12.821    36.180     2.116     0.701     0.096
   225.000         *         *         *         *    48.000    48.000    52.000    58.000    53.000     4.000    16.453     9.000     1.000     0.000     1.000     1.000     2.000     3.000     4.000     5.000   273.731    56.742    -5.805    16.371    50.992     2.120     0.070     0.110
   390.000         *   440.000   320.000   313.330    45.000    56.000    48.000    43.000    50.000     0.000     7.265     6.000     1.000     1.000     1.000     1.000     2.000     3.000     4.000     5.000   404.150    51.356   -12.862    13.199    44.057     2.118     1.259     0.104
   513.330   453.330         *   456.670   446.670    30.000    29.000    30.000    35.000    32.000    -2.000     1.272     9.000     0.000     1.000     0.000     1.000     2.000     3.000     4.000     5.000   492.221    48.006   -12.511    12.821    29.061     2.116     0.891     0.098
   430.000   380.000         *   403.330         *    39.000    50.000    45.000    38.000    38.000     3.000     9.091    10.000     0.000     1.000     1.000     1.000     2.000     3.000     4.000     5.000   404.785    48.150    -4.248    14.612    40.139     2.117     0.670     0.099
   473.330         *         *         *         *    63.000         *         *         *         *    -3.000    11.728    11.000     0.000     1.000     1.000     1.000         *         *         *         *   459.442    57.037   -17.206    16.381    58.402     4.424     1.019     0.136
   286.670   243.330   306.670   276.670         *    33.000    39.000    36.000    34.000    30.000    14.000     1.737    13.000     0.000     1.000     0.000     1.000     2.000     3.000     4.000     5.000   279.134    46.891     4.522    14.509    35.221     2.117    -0.134     0.098
         *         *   383.330         *         *    27.000    31.000    25.000         *         *         *    12.231     3.000     1.000     1.000     0.000     1.000     2.000     3.000         *         *   397.987    73.851   -14.450    18.666    27.857     2.774     0.045     0.280
   300.000   333.330         *   356.670         *    22.000    20.000    17.000    15.000         *     4.000     5.789     4.000     1.000     1.000     0.000     1.000     2.000     3.000     4.000         *   328.416    48.211    -0.711    14.620    18.798     2.365     0.164     0.102
   413.330   433.330   533.330   297.670   443.330    45.000    49.000    35.000    47.000    43.000    -5.000    15.065     5.000     1.000     1.000     0.000     1.000     2.000     3.000     4.000     5.000   461.503    46.413   -16.610    12.821    42.488     2.116     0.280     0.096
   390.000   366.670   600.000   486.670   316.670    27.000    32.000    32.000    33.000    31.000     1.000    10.156     5.000     0.000     1.000     1.000     1.000     2.000     3.000     4.000     5.000   431.643    46.413    -3.270    12.821    29.204     2.116     0.770     0.096
   256.670   296.670         *         *         *    37.000    44.000    36.000         *         *     8.000    15.634    13.000     0.000     1.000     0.000     1.000     2.000     3.000         *         *   299.064    48.529    -6.976    16.347    41.479     2.720    -0.962     0.106
   540.000   400.000   516.670   530.000   486.670    49.000    44.000    45.000    44.000    35.000    10.000     2.643     5.000     1.000     1.000     0.000     1.000     2.000     3.000     4.000     5.000   481.145    46.413     0.836    12.821    40.339     2.116     0.844     0.096
         *   590.000         *         *         *    55.000    57.000         *         *         *   -15.000    14.652     9.000     1.000     0.000     1.000     1.000     2.000         *         *         *   578.963    64.191   -36.999    17.072    52.094     3.288     1.377     0.136
         *   316.670   186.670   280.000   226.670    38.000    44.000    42.000    41.000    39.000    -2.000    16.352    10.000     0.000     1.000     0.000     1.000     2.000     3.000     4.000     5.000   327.423    57.861   -20.323    14.551    42.226     2.123    -0.467     0.115
         *   303.330   636.670   563.330   483.330    34.000    24.000    29.000    29.000    35.000     8.000     3.621     4.000     0.000     0.000     0.000     1.000     2.000     3.000     4.000     5.000   443.525    57.861    12.010    14.551    28.818     2.123     0.540     0.115
         *   400.000   443.330   440.000   416.670    30.000    33.000    39.000    33.000    40.000     0.000     4.374     6.000     1.000     1.000     1.000     1.000     2.000     3.000     4.000     5.000   419.543    57.861    -1.330    14.551    31.355     2.123     1.281     0.115
   523.330   326.670   340.000   286.670   254.000    44.000    49.000    37.000    41.000    41.000     6.000     9.663     7.000     0.000     1.000     0.000     1.000     2.000     3.000     4.000     5.000   436.703    46.413   -30.043    12.821    41.550     2.116     0.210     0.096
   403.330         *         *         *         *    45.000         *         *         *         *    -2.000     5.209    13.000     0.000     1.000     0.000     1.000         *         *         *         *   415.456    57.037   -17.049    16.381    44.345     4.424     0.487     0.136
   403.330         *         *         *         *    38.000    39.000         *         *         *   -11.000    17.493     5.000     0.000     0.000     0.000     1.000     2.000         *         *         *   417.948    56.971   -33.212    16.381    37.912     3.288     0.069     0.123
   243.330         *   406.670   220.000   203.330    34.000    21.000    22.000    30.000    28.000     3.000    13.277     7.000     1.000     1.000     0.000     1.000     2.000     3.000     4.000     5.000   318.812    51.356   -14.977    13.199    28.655     2.118    -0.428     0.104
   416.670   300.000   290.000   326.670   303.330    37.000    31.000    39.000    32.000    38.000    -3.000    11.749     5.000     0.000     0.000     0.000     1.000     2.000     3.000     4.000     5.000   385.698    46.413   -19.523    12.821    34.792     2.116     0.182     0.096
   453.330   386.670   376.670   310.000         *    31.000    31.000    39.000    30.000    37.000    -5.000     4.897     7.000     0.000     0.000     0.000     1.000     2.000     3.000     4.000     5.000   444.431    46.891   -25.984    14.509    31.493     2.117     0.754     0.098
   396.670   250.000   346.670         *   306.670    40.000    42.000    40.000    44.000    45.000    -3.000     1.488     7.000     1.000     1.000     1.000     1.000     2.000     3.000     4.000     5.000   350.499    46.528    -8.518    13.183    37.273     2.116     1.560     0.096
   416.670   450.000   403.330   370.000         *    27.000    28.000    15.000    27.000         *     1.000     8.308    13.000     0.000     0.000     1.000     1.000     2.000     3.000     4.000         *   429.992    46.948   -11.277    14.518    24.737     2.364     0.374     0.101
   316.670         *         *         *         *    34.000         *         *         *         *    11.000    10.983     4.000     0.000     1.000     0.000     1.000         *         *         *         *   329.021    57.037    -0.577    16.381    34.521     4.424    -0.230     0.136
   440.000   440.000   493.330   420.000   360.000    37.000    33.000    38.000    33.000    35.000     0.000     1.907     7.000     0.000     1.000     0.000     1.000     2.000     3.000     4.000     5.000   462.327    46.413   -12.838    12.821    32.630     2.116     0.907     0.096
   413.330   423.330   526.670   476.670   436.670    53.000    51.000    55.000    47.000    47.000     4.000    14.309    13.000     0.000     0.000     0.000     1.000     2.000     3.000     4.000     5.000   461.295    46.413    -5.009    12.821    51.207     2.116    -0.293     0.096
   193.330         *         *         *         *    28.000    26.000         *         *         *     1.000     2.895     1.000     0.000     0.000     0.000     1.000     2.000         *         *         *   244.801    56.971     1.468    16.381    25.909     3.288     0.609     0.123
   330.000         *   306.670   276.670         *    40.000    38.000    39.000    26.000    26.000    13.000     7.837    12.000     0.000     1.000     0.000     1.000     2.000     3.000     4.000     5.000   320.898    51.500    -3.635    14.686    35.587     2.119    -0.474     0.105
   223.330         *         *         *         *    42.000         *         *         *         *   -17.000    21.244    11.000     0.000     0.000     0.000     1.000         *         *         *         *   287.885    57.037   -34.901    16.381    42.096     4.424    -0.550     0.136
   566.670         *         *         *         *    24.000         *         *         *         *   -18.000    21.685     5.000     0.000     0.000     0.000     1.000         *         *         *         *   541.828    57.037   -52.281    16.381    26.720     4.424    -0.045     0.136
   233.330         *         *         *         *    20.000    25.000         *         *         *    -4.000    18.507     1.000     1.000     1.000     0.000     1.000     2.000         *         *         *   268.513    56.971   -19.616    16.381    23.808     3.288    -0.481     0.123
   556.670         *         *         *         *    41.000         *         *         *         *   -17.000    10.693     5.000     0.000     1.000     0.000     1.000         *         *         *         *   534.225    57.037   -41.077    16.381    38.721     4.424     1.066     0.136
   173.330   293.330         *         *         *    13.000    16.000         *         *         *   -11.000    22.222     1.000     1.000     1.000     0.000     1.000     2.000         *         *         *   269.708    48.568   -24.913    16.348    17.099     3.288    -0.697     0.112
   450.000   366.670   533.330   490.000   433.330    43.000    46.000    52.000    38.000    50.000     3.000     7.613    13.000     0.000     0.000     0.000     1.000     2.000     3.000     4.000     5.000   461.588    46.413    -4.542    12.821    45.208     2.116     0.193     0.096
   343.330         *         *         *         *         *    24.000         *         *         *     2.000    16.683    11.000     1.000     1.000     1.000     1.000     2.000         *         *         *   342.192    56.971   -13.743    16.384    28.741     4.361    -0.272     0.133
   493.330   483.330   506.670         *   433.330    23.000    30.000    34.000    39.000    38.000     5.000     4.423     5.000     0.000     1.000     0.000     1.000     2.000     3.000     4.000     5.000   499.852    46.528   -11.321    13.183    31.106     2.116     0.690     0.096
   293.330         *         *         *         *    24.000    17.000         *         *         *    -5.000     9.567     5.000     1.000     1.000     0.000     1.000     2.000         *         *         *   316.550    56.971   -18.558    16.381    21.538     3.288     0.113     0.123
   433.330         *         *         *         *    23.000         *         *         *         *     6.000     2.323    13.000     0.000     1.000     0.000     1.000         *         *         *         *   427.193    57.037    -9.329    16.381    27.579     4.424     0.187     0.136
   293.330   340.000   303.330   293.330   243.330    40.000    39.000    47.000    50.000    38.000   -13.000    14.597     7.000     0.000     1.000     1.000     1.000     2.000     3.000     4.000     5.000   345.876    46.413   -17.816    12.821    40.356     2.116     0.785     0.096
   496.670   500.000         *         *         *    31.000    29.000         *         *         *     1.000     1.729     7.000     0.000     1.000     0.000     1.000     2.000         *         *         *   495.967    48.568   -13.777    16.348    29.648     3.288     0.894     0.112
   523.330   483.330         *         *         *    37.000    36.000         *         *         *    -4.000    15.224     9.000     1.000     1.000     0.000     1.000     2.000         *         *         *   520.640    48.568   -33.881    16.348    36.881     3.288     0.024     0.112
   433.330         *   433.330   450.000   440.670    33.000    45.000    33.000    38.000    34.000     6.000    11.626     9.000     0.000     1.000     0.000     1.000     2.000     3.000     4.000     5.000   442.278    51.356    -4.245    13.199    37.398     2.118    -0.168     0.104
   243.330   360.000   313.330         *         *    13.000    16.000    18.000    25.000    23.000     3.000    14.701     1.000     0.000     0.000     0.000     1.000     2.000     3.000     4.000     5.000   323.041    46.897    -6.971    15.767    20.821     2.117    -0.400     0.098
   570.000   563.330   643.330   603.330         *    48.000    57.000    62.000    69.000    66.000    14.000     1.847    12.000     1.000     1.000     1.000     1.000     2.000     3.000     4.000     5.000   566.358    46.891     4.899    14.509    55.709     2.117     1.414     0.098
   470.000         *   533.330         *         *    76.000    59.000    63.000    61.000    72.000     8.000     7.216     9.000     0.000     0.000     0.000     1.000     2.000     3.000     4.000     5.000   497.266    51.878    -5.188    15.785    62.862     2.119     0.691     0.105
   306.670   316.670   383.330   353.330   296.670    52.000    42.000    47.000    52.000    45.000    -1.000    18.036    14.000     0.000     1.000     1.000     1.000     2.000     3.000     4.000     5.000   349.138    46.413    -6.897    12.821    48.149     2.116    -0.136     0.096
   426.670         *   433.330   396.670   350.000    41.000    37.000    44.000    32.000    39.000    -2.000     8.352     7.000     1.000     1.000     1.000     1.000     2.000     3.000     4.000     5.000   428.741    51.356   -11.694    13.199    35.437     2.118     1.052     0.104
         *   383.330   410.000   373.330   350.000    54.000    57.000    50.000    48.000    52.000         *     3.098     9.000     0.000     1.000     0.000     1.000     2.000     3.000     4.000     5.000   412.571    59.121    -9.703    15.157    49.043     2.231     0.839     0.251
   300.000         *         *         *         *    50.000         *         *         *         *    10.000    10.438    11.000     0.000     0.000     0.000     1.000         *         *         *         *   334.344    57.037    -3.440    16.381    48.509     4.424    -0.301     0.136
   533.330         *         *         *         *    31.000    32.000         *         *         *    -6.000    14.277     4.000     1.000     1.000     0.000     1.000     2.000     3.000     4.000         *   505.248    56.971   -34.708    16.381    31.232     3.288     0.322     0.123
   196.670         *         *         *   206.670    29.000    28.000    33.000    30.000    37.000     0.000    13.918    13.000     1.000     0.000     1.000     1.000     2.000     3.000     4.000     5.000   247.105    55.848    -8.455    13.444    32.603     2.120    -0.205     0.109
   350.000         *         *         *         *    35.000         *         *         *         *     3.000    16.557     7.000     0.000     0.000     0.000     1.000         *         *         *         *   368.131    57.037   -16.557    16.381    36.168     4.424    -0.530     0.136
   803.330   430.000   593.330   520.000         *    48.000    47.000    48.000    40.000    52.000    -3.000    11.440     4.000     0.000     1.000     0.000     1.000     2.000     3.000     4.000     5.000   649.732    46.891   -35.518    14.509    43.856     2.117     0.917     0.098
   446.670         *         *         *         *    66.000         *         *         *         *     6.000     3.358    10.000     0.000     1.000     0.000     1.000         *         *         *         *   448.233    57.037    -7.828    16.381    59.803     4.424     0.901     0.136
   200.000         *         *         *         *         *    50.000         *         *         *     1.000     9.874    13.000     0.000     1.000     1.000     1.000     2.000         *         *         *   245.202    56.971     0.860    16.384    48.441     4.361     0.369     0.133
         *   396.670   476.670   560.000   493.330    36.000    35.000    37.000    35.000    32.000         *    14.638     7.000     0.000     1.000     0.000     1.000     2.000     3.000     4.000     5.000   445.467    59.121     5.476    15.157    36.348     2.231    -0.351     0.251
   276.670         *   286.670   250.000   290.000    26.000    27.000    28.000    28.000    19.000     3.000     7.520     8.000     0.000     0.000     0.000     1.000     2.000     3.000     4.000     5.000   302.356    51.356    -6.132    13.199    26.462     2.118    -0.127     0.104
   466.670   403.330   253.330         *   226.670    36.000    39.000    44.000    42.000    34.000    -4.000    15.585    11.000     0.000     0.000     0.000     1.000     2.000     3.000     4.000     5.000   448.128    46.528   -40.718    13.183    39.839     2.116    -0.231     0.096
   313.330   280.000   310.000         *         *    18.000    27.000    24.000         *         *     6.000     5.855     2.000     1.000     1.000     1.000     1.000     2.000     3.000         *         *   299.469    46.998     2.474    15.780    22.043     2.720     0.822     0.105
   150.000         *         *         *         *    21.000         *         *         *         *     2.000     8.420     4.000     0.000     1.000     0.000     1.000         *         *         *         *   203.453    57.037     0.242    16.381    23.482     4.424    -0.156     0.136
   546.670         *         *         *         *    46.000         *         *         *         *     6.000     7.202     5.000     1.000     1.000     1.000     1.000         *         *         *         *   501.784    57.037   -10.276    16.381    42.753     4.424     1.277     0.136
   266.670         *   150.000         *         *    35.000    32.000         *         *         *   -11.000    12.245     9.000     1.000     1.000     0.000     1.000     2.000     3.000         *         *   285.380    52.040   -30.537    15.803    33.551     3.287     0.024     0.118
   533.330         *   540.000   370.000   456.670    59.000    62.000    62.000    62.000    67.000     4.000     2.953    13.000     1.000     1.000     1.000     1.000     2.000     3.000     4.000     5.000   514.799    51.356   -14.997    13.199    57.097     2.118     1.531     0.104
   503.330   186.670   606.670   506.670   466.670    44.000    52.000    47.000    51.000    46.000     6.000    11.892    13.000     0.000     0.000     0.000     1.000     2.000     3.000     4.000     5.000   438.907    46.413     2.653    12.821    48.636     2.116    -0.244     0.096
         *         *   416.670   423.330   154.670    38.000    34.000    39.000    45.000    40.000         *    11.862     1.000     0.000     0.000     0.000     1.000     2.000     3.000     4.000     5.000   460.145    71.203   -33.013    16.567    37.140     2.243     0.554     0.265
   470.000         *   453.330   406.670   496.670    50.000    52.000    53.000    42.000    44.000    14.000    11.147     6.000     0.000     1.000     1.000     1.000     2.000     3.000     4.000     5.000   428.523    51.356     5.834    13.199    46.276     2.118     0.532     0.104
   436.670         *         *         *         *    31.000    34.000    22.000         *         *   -25.000     7.131     5.000     0.000     1.000     1.000     1.000     2.000     3.000         *         *   426.304    56.910   -32.708    16.380    25.983     2.720     1.786     0.116
   120.000         *         *         *         *    34.000         *         *         *         *         *     8.385     5.000     1.000     1.000     0.000     1.000         *         *         *         *   187.492    57.231    -3.983    17.970    32.879     4.446     0.052     0.269
   166.670   250.000   153.330   140.000         *    23.000    24.000    30.000    31.000         *   -10.000    14.920     3.000     0.000     0.000     0.000     1.000     2.000     3.000     4.000         *   246.562    46.948   -22.684    14.518    27.491     2.364    -0.125     0.101
   370.000   433.330   316.670         *         *    43.000    43.000    46.000    42.000         *    11.000    12.768     9.000     0.000     1.000     0.000     1.000     2.000     3.000     4.000         *   391.769    46.954    -9.461    15.775    44.338     2.365    -0.369     0.101
   476.670   456.670   383.330   323.330         *    54.000    57.000    51.000    42.000         *     4.000     9.844    15.000     0.000     1.000     0.000     1.000     2.000     3.000     4.000         *   467.894    46.948   -25.061    14.518    50.756     2.364     0.014     0.101
   456.670   400.000   350.000   346.670   376.670    76.000    62.000    59.000    71.000         *    -4.000     8.500    11.000     0.000     1.000     0.000     1.000     2.000     3.000     4.000     5.000   444.501    46.474   -20.238    12.834    63.513     2.363     0.792     0.099
   483.330   673.330   726.670   516.670         *    34.000    43.000    63.000    62.000    54.000     9.000    -0.379     6.000     0.000     1.000     0.000     1.000     2.000     3.000     4.000     5.000   586.391    46.891    -1.138    14.509    46.833     2.117     1.341     0.098
   300.000   253.330   343.330         *         *    70.000    60.000    70.000    69.000    59.000    -6.000    10.348    11.000     0.000     0.000     0.000     1.000     2.000     3.000     4.000     5.000   339.350    46.897   -15.128    15.767    62.819     2.117     0.482     0.098
   433.330   436.670   450.000   396.670   333.330    27.000    33.000    32.000    27.000    26.000     8.000    15.290    11.000     0.000     0.000     0.000     1.000     2.000     3.000     4.000     5.000   457.095    46.413   -17.910    12.821    31.907     2.116    -0.731     0.096
   300.000         *         *         *         *    42.000         *         *         *         *    -9.000    18.665     4.000     0.000     1.000     0.000     1.000         *         *         *         *   329.789    57.037   -25.142    16.381    40.463     4.424    -0.128     0.136
   216.670   276.670         *         *         *    40.000    33.000         *         *         *    13.000     5.899     3.000     0.000     1.000     1.000     1.000     2.000     3.000         *         *   238.693    48.568    18.643    16.348    35.325     3.288     0.638     0.112
   466.670         *         *         *         *    41.000    52.000         *         *         *     7.000     3.224    11.000     0.000     0.000     0.000     1.000     2.000         *         *         *   467.224    56.971   -10.250    16.381    45.115     3.288     0.571     0.123
   323.330   183.330   246.670   206.670   180.000    19.000    22.000    18.000    21.000    24.000    -3.000     9.255    -1.000     0.000     0.000     0.000     1.000     2.000     3.000     4.000     5.000   294.794    46.413   -19.721    12.821    20.092     2.116     0.311     0.096
   483.330   303.330         *   300.000         *    44.000    46.000    46.000    40.000         *     1.000     9.069     5.000     1.000     1.000     0.000     1.000     2.000     3.000     4.000         *   419.017    48.211   -25.284    14.620    41.953     2.365     0.532     0.102
   233.330         *         *         *         *    22.000    29.000         *         *         *     7.000     4.842    -1.000     0.000     1.000     0.000     1.000     2.000         *         *         *   263.816    56.971     5.559    16.381    25.041     3.288     0.405     0.123
   283.330         *   230.000   226.670         *    39.000    45.000    38.000    46.000    53.000     8.000    12.396    13.000     0.000     0.000     0.000     1.000     2.000     3.000     4.000     5.000   307.521    51.500   -15.054    14.686    46.022     2.119    -0.598     0.105
   443.330         *         *         *         *    23.000         *         *         *         *     2.000    10.345     7.000     0.000     0.000     0.000     1.000         *         *         *         *   438.128    57.037   -18.358    16.381    26.157     4.424    -0.039     0.136
   203.330   276.670   206.670   203.330   160.000    40.000    35.000    45.000    34.000    29.000     1.000    13.789     7.000     0.000     0.000     0.000     1.000     2.000     3.000     4.000     5.000   265.809    46.413   -15.392    12.821    37.580     2.116    -0.384     0.096
   166.670         *         *         *         *    41.000         *         *         *         *   -10.000     2.917     5.000     0.000     1.000     1.000     1.000         *         *         *         *   219.253    57.037    -0.652    16.381    37.699     4.424     1.511     0.136
   583.330   626.670   696.670   623.330   573.330    41.000    52.000    43.000    36.000    45.000    11.000     4.831     9.000     0.000     1.000     0.000     1.000     2.000     3.000     4.000     5.000   606.589    46.413    -2.100    12.821    41.644     2.116     0.608     0.096
   480.000         *         *         *         *    43.000         *         *         *         *     4.000     8.292    17.000     0.000     0.000     0.000     1.000         *         *         *         *   479.233    57.037   -19.841    16.381    44.563     4.424    -0.088     0.136
   466.670   546.670   476.670   476.670         *    42.000         *         *    41.000    21.000     6.000     6.047     9.000     0.000     0.000     0.000     1.000     2.000     3.000     4.000     5.000   495.860    46.899    -7.552    14.511    33.963     2.669     0.317     0.102
   183.330   260.000         *         *         *    23.000    35.000         *         *         *    -4.000    16.092     7.000     0.000     1.000     0.000     1.000     2.000         *         *         *   256.649    48.568   -13.589    16.348    30.830     3.288    -0.551     0.112
   310.000   356.670   316.670   243.330   220.000    40.000    31.000    25.000    26.000    27.000    -4.000    17.181     7.000     1.000     0.000     0.000     1.000     2.000     3.000     4.000     5.000   366.297    46.413   -26.451    12.821    31.141     2.116    -0.421     0.096
   250.000         *         *         *         *    39.000         *         *         *         *     1.000    13.168     3.000     0.000     1.000     0.000     1.000         *         *         *         *   284.566    57.037    -8.224    16.381    37.663     4.424    -0.060     0.136
   516.670         *         *         *         *    47.000         *         *         *         *     3.000     5.351     7.000     0.000     1.000     0.000     1.000         *         *         *         *   495.272    57.037   -15.503    16.381    44.419     4.424     0.801     0.136
   350.000   383.330   418.670   350.000   296.670    29.000    46.000    48.000    46.000    39.000     4.000     6.758    13.000     0.000     1.000     0.000     1.000     2.000     3.000     4.000     5.000   400.541    46.413   -13.325    12.821    41.581     2.116     0.092     0.096
   346.670         *         *         *         *    27.000         *         *         *         *    11.000    10.402     5.000     0.000     1.000     0.000     1.000         *         *         *         *   350.772    57.037    -2.379    16.381    29.415     4.424    -0.293     0.136
   333.330         *         *         *         *    41.000         *         *         *         *    -6.000    15.147     4.000     0.000     0.000     1.000     1.000         *         *         *         *   348.100    57.037   -14.680    16.381    39.063     4.424     0.656     0.136
   206.670   230.000   263.330   172.000         *    40.000    43.000    49.000    45.000         *    -5.000     8.886    13.000     0.000     1.000     0.000     1.000     2.000     3.000     4.000         *   269.780    46.948   -15.596    14.518    44.147     2.364     0.015     0.101
   366.670   383.330         *   343.330   300.000    39.000    53.000    54.000    46.000    45.000    -5.000     9.619    13.000     0.000     0.000     1.000     1.000     2.000     3.000     4.000     5.000   395.620    48.006   -15.932    12.821    45.064     2.116     0.769     0.098
   393.330   390.000         *         *         *    49.000    42.000         *         *         *    12.000     3.369     4.000     1.000     1.000     1.000     1.000     2.000         *         *         *   378.289    48.568     6.959    16.348    42.280     3.288     1.236     0.112
   336.670   270.000   169.330   170.000         *    35.000    40.000    47.000    32.000         *    -5.000    18.821     9.000     0.000     1.000     0.000     1.000     2.000     3.000     4.000         *   327.768    46.948   -34.074    14.518    39.965     2.364    -0.552     0.101
   313.330   363.330   420.000   376.670         *    47.000    41.000    40.000    44.000         *    11.000     6.931     5.000     0.000     0.000     0.000     1.000     2.000     3.000     4.000         *   357.232    46.948     5.552    14.518    41.908     2.364     0.215     0.101
         *   553.330   480.000         *         *    43.000    49.000    52.000    44.000         *         *     6.205    11.000     1.000     1.000     0.000     1.000     2.000     3.000     4.000         *   536.305    60.093   -19.819    18.221    45.143     2.449     0.625     0.266
   210.000   346.670   270.000   240.000   203.330    57.000    64.000    56.000    58.000    67.000     2.000    10.170     9.000     1.000     0.000     0.000     1.000     2.000     3.000     4.000     5.000   314.207    46.413   -16.443    12.821    58.318     2.116     0.275     0.096
   326.670         *   210.000         *         *    54.000    52.000    52.000         *         *    -6.000    21.209    13.000     0.000     0.000     1.000     1.000     2.000     3.000         *         *   330.213    52.009   -25.829    15.799    52.455     2.720    -0.142     0.111
   416.670   530.000   463.330   463.330   406.670    45.000    44.000    43.000    39.000    51.000     2.000     8.218    13.000     0.000     1.000     0.000     1.000     2.000     3.000     4.000     5.000   483.432    46.413   -12.118    12.821    43.926     2.116     0.212     0.096
         *   313.330   296.670   253.330   210.000    26.000    29.000    33.000    26.000    26.000         *    19.558     7.000     0.000     1.000     0.000     1.000     2.000     3.000     4.000     5.000   351.576    59.121   -24.141    15.157    30.827     2.231    -0.766     0.251
   300.000   203.330   200.000   170.000         *    51.000    47.000    43.000    43.000         *    -3.000    10.118     5.000     1.000     0.000     0.000     1.000     2.000     3.000     4.000         *   290.773    46.948   -23.856    14.518    43.939     2.364     0.365     0.101
   426.670   370.000   276.670   270.000   263.330    16.000    17.000    20.000    13.000    18.000     1.000     3.533     9.000     1.000     1.000     0.000     1.000     2.000     3.000     4.000     5.000   397.445    46.413   -25.665    12.821    16.964     2.116     0.272     0.096
   396.670         *         *         *         *    38.000         *         *         *         *    -9.000    11.473    13.000     0.000     1.000     0.000     1.000         *         *         *         *   411.230    57.037   -28.597    16.381    39.375     4.424     0.086     0.136
   106.670         *         *         *         *    56.000    48.000         *         *         *    -1.000    26.621     4.000     0.000     1.000     0.000     1.000     2.000         *         *         *   177.805    56.971   -12.299    16.381    51.538     3.288    -1.113     0.123
         *   316.670         *         *         *    11.000    16.000         *         *         *         *     9.518     5.000     1.000     1.000     0.000     1.000     2.000         *         *         *   342.068    64.920   -16.244    18.583    15.832     3.319    -0.078     0.274
         *   176.670   186.670   166.670   140.000    37.000    36.000    30.000    29.000    34.000    10.000     8.620     7.000     1.000     1.000     0.000     1.000     2.000     3.000     4.000     5.000   218.065    57.861    -9.291    14.551    34.099     2.123    -0.325     0.115
   360.000         *   316.670   326.670   280.000    48.000    41.000    44.000    40.000    41.000     2.000     3.081    11.000     0.000     1.000     0.000     1.000     2.000     3.000     4.000     5.000   364.893    51.356   -12.333    13.199    41.163     2.118     0.509     0.104
   366.670   353.330   366.670   380.000   316.670    45.000    47.000    62.000    55.000    56.000    -5.000     5.756     9.000     1.000     1.000     0.000     1.000     2.000     3.000     4.000     5.000   404.135    46.413   -16.015    12.821    49.676     2.116     0.871     0.096
   323.330   233.330   223.330   333.330   310.000    57.000    54.000    33.000    49.000    46.000     8.000    14.101    13.000     1.000     1.000     0.000     1.000     2.000     3.000     4.000     5.000   299.095    46.413    -3.618    12.821    49.401     2.116    -0.658     0.096
   366.670   570.000         *   516.670   350.000    33.000    37.000    44.000    40.000    39.000     9.000    13.365     5.000     0.000     0.000     0.000     1.000     2.000     3.000     4.000     5.000   471.687    48.006    -9.767    12.821    38.905     2.116    -0.111     0.098
   276.670   483.330   490.000         *   446.670    15.000    19.000    19.000    13.000    19.000     9.000     7.175     7.000     1.000     1.000     0.000     1.000     2.000     3.000     4.000     5.000   387.223    46.528     9.228    13.183    18.558     2.116    -0.195     0.096
         *   333.330   480.000   463.330   346.670    35.000    31.000    41.000    42.000    40.000         *     5.116     7.000     0.000     1.000     0.000     1.000     2.000     3.000     4.000     5.000   424.545    59.121    -6.895    15.157    36.142     2.231     0.590     0.251
         *   336.670   250.000   346.670   320.000    60.000    51.000    60.000    58.000    59.000         *    15.982     7.000     0.000     1.000     1.000     1.000     2.000     3.000     4.000     5.000   332.991    59.121    -5.017    15.157    55.421     2.231     0.471     0.251
   176.670         *         *         *         *    26.000         *         *         *         *         *     3.593     9.000     0.000     1.000     0.000     1.000         *         *         *         *   232.565    57.231    -2.822    17.970    28.080     4.446     0.207     0.269
         *   223.330   236.670   213.330   193.330    36.000    21.000    37.000    32.000    22.000         *    13.869     5.000     1.000     1.000     1.000     1.000     2.000     3.000     4.000     5.000   253.778    59.121    -9.007    15.157    29.121     2.231     0.222     0.251
         *   273.330         *         *   223.330    37.000    36.000    27.000    32.000    31.000         *     3.506    10.000     0.000     1.000     0.000     1.000     2.000     3.000     4.000     5.000   307.918    64.350   -12.667    15.417    31.846     2.233     0.344     0.253
   160.000         *         *         *         *    45.000    48.000         *         *         *    -5.000    30.427     1.000     0.000     1.000     0.000     1.000     2.000         *         *         *   218.459    56.971   -21.171    16.381    46.482     3.288    -1.154     0.123
   376.670   321.330   250.000   243.330   203.330    41.000    37.000    49.000    48.000    56.000   -16.000     9.379     2.000     0.000     1.000     1.000     1.000     2.000     3.000     4.000     5.000   372.604    46.413   -30.542    12.821    40.696     2.116     1.671     0.096
   336.670         *         *         *         *    36.000         *         *         *         *    -2.000     4.541     7.000     0.000     1.000     0.000     1.000         *         *         *         *   357.114    57.037   -11.150    16.381    35.379     4.424     0.615     0.136
   643.330   440.000   434.000   376.670   374.000    23.000    26.000    29.000    27.000    39.000    -3.000     3.958     9.000     1.000     0.000     0.000     1.000     2.000     3.000     4.000     5.000   561.837    46.413   -39.135    12.821    26.866     2.116     0.819     0.096
   516.670   406.670   373.330   310.000   300.000    14.000    20.000    18.000    19.000    15.000   -14.000     3.695     8.000     0.000     0.000     0.000     1.000     2.000     3.000     4.000     5.000   486.077    46.413   -37.506    12.821    15.590     2.116     0.863     0.096
         *   456.670   406.670   340.000   280.000    42.000    51.000    43.000    43.000    53.000         *    10.613    13.000     0.000     1.000     0.000     1.000     2.000     3.000     4.000     5.000   474.059    59.121   -30.899    15.157    45.984     2.231     0.155     0.251
   333.330   280.000   253.330   213.330   200.000    39.000    38.000    38.000    37.000    29.000     4.000     9.264     3.000     0.000     1.000     0.000     1.000     2.000     3.000     4.000     5.000   317.048    46.413   -18.156    12.821    35.322     2.116     0.202     0.096
   466.670         *         *         *         *    47.000         *         *         *         *     5.000    12.579    11.000     1.000     1.000     0.000     1.000         *         *         *         *   457.573    57.037   -21.036    16.381    46.009     4.424    -0.096     0.136
   336.670         *         *         *         *    37.000         *         *         *         *     1.000     6.903     8.000     0.000     1.000     0.000     1.000         *         *         *         *   355.706    57.037   -10.187    16.381    36.960     4.424     0.293     0.136
   410.000   370.000   303.330   263.330   254.670    34.000    29.000    35.000    39.000    27.000     4.000    10.731    13.000     0.000     0.000     0.000     1.000     2.000     3.000     4.000     5.000   403.497    46.413   -26.940    12.821    34.448     2.116    -0.372     0.096
   420.000   330.000   370.000   343.330         *    36.000    39.000    39.000    33.000    47.000    -6.000     3.328     3.000     0.000     0.000     0.000     1.000     2.000     3.000     4.000     5.000   409.806    46.891   -17.385    14.509    35.014     2.117     1.142     0.098
   386.670         *         *         *         *    54.000         *         *         *         *     1.000     5.477    13.000     0.000     1.000     0.000     1.000         *         *         *         *   403.465    57.037   -12.990    16.381    51.457     4.424     0.479     0.136
   450.000   396.670   310.000         *         *    29.000    37.000    37.000         *         *    -4.000    11.040     7.000     0.000     1.000     1.000     1.000     2.000     3.000         *         *   418.826    46.998   -20.568    15.780    33.350     2.720     0.809     0.105
   343.330   260.000   250.000   223.330   198.000    43.000    36.000    31.000    34.000    39.000    -9.000     4.423    11.000     0.000     0.000     0.000     1.000     2.000     3.000     4.000     5.000   340.955    46.413   -26.469    12.821    34.924     2.116     0.575     0.096
   306.670   200.000   203.330         *         *    40.000    45.000    36.000    35.000    39.000     0.000    17.899    11.000     0.000     0.000     0.000     1.000     2.000     3.000     4.000     5.000   295.609    46.897   -22.855    15.767    41.425     2.117    -0.800     0.098
   480.000   230.000         *   206.670   180.000    31.000    39.000    38.000    40.000    39.000    -5.000    12.908     5.000     0.000     1.000     0.000     1.000     2.000     3.000     4.000     5.000   396.533    48.006   -39.548    12.821    36.635     2.116     0.239     0.098
   326.670         *         *         *         *    44.000         *         *         *         *     4.000    12.943     8.000     0.000     1.000     0.000     1.000         *         *         *         *   346.872    57.037   -10.735    16.381    43.314     4.424    -0.206     0.136
   360.000   280.000         *         *         *    44.000    47.000         *         *         *    -4.000    22.991    11.000     0.000     0.000     0.000     1.000     2.000         *         *         *   368.477    48.568   -30.643    16.348    46.511     3.288    -0.881     0.112
   326.670   270.000   226.670   220.000         *    34.000    36.000    41.000    41.000         *    -2.000    14.107    11.000     0.000     0.000     0.000     1.000     2.000     3.000     4.000         *   334.055    46.948   -25.833    14.518    39.174     2.364    -0.391     0.101
   276.670   260.000         *         *         *    41.000    38.000         *         *         *    -8.000    15.298     5.000     0.000     0.000     0.000     1.000     2.000         *         *         *   313.342    48.568   -22.133    16.348    38.696     3.288    -0.013     0.112
   383.330         *         *         *         *    34.000         *         *         *         *     1.000     6.342    11.000     0.000     1.000     1.000     1.000         *         *         *         *   380.058    57.037    -5.823    16.381    35.564     4.424     0.781     0.136
   463.330   383.330   306.670   260.000         *    28.000    30.000    30.000    30.000         *    -5.000     8.691     0.000     1.000     1.000     1.000     1.000     2.000     3.000     4.000         *   415.270    46.948   -26.967    14.518    26.169     2.364     1.340     0.101
   530.000         *   293.330   261.330   243.330    49.000    37.000    40.000    43.000    44.000    -3.000     1.187    10.000     0.000     1.000     0.000     1.000     2.000     3.000     4.000     5.000   457.253    51.356   -37.999    13.199    39.386     2.118     1.033     0.104
   366.670   350.000   280.000   150.000   140.000    65.000    74.000    72.000    63.000    60.000    -4.000     6.704    11.000     0.000     0.000     0.000     1.000     2.000     3.000     4.000     5.000   387.351    46.413   -39.716    12.821    62.833     2.116     0.840     0.096
   170.000   153.330         *         *         *    35.000    34.000         *         *         *    -1.000     5.896     5.000     0.000     1.000     1.000     1.000     2.000         *         *         *   185.781    48.568     4.926    16.348    33.249     3.288     0.839     0.112
   510.000   456.670   420.000   404.000   323.330    17.000    24.000    16.000    12.000    26.000     8.000     1.959     8.000     0.000     0.000     0.000     1.000     2.000     3.000     4.000     5.000   482.901    46.413   -21.319    12.821    18.870     2.116     0.374     0.096
   596.670   486.670   433.330   387.330   386.670    40.000    42.000    48.000    45.000    44.000     1.000     6.865     2.000     0.000     1.000     0.000     1.000     2.000     3.000     4.000     5.000   536.992    46.413   -29.202    12.821    40.267     2.116     1.031     0.096
   443.330   403.330   323.330   310.000   283.330    37.000    43.000    44.000    44.000    40.000    15.000     1.529     8.000     1.000     1.000     0.000     1.000     2.000     3.000     4.000     5.000   411.511    46.413   -18.002    12.821    39.833     2.116     0.509     0.096
   406.670         *         *         *         *    44.000    43.000    41.000    39.000         *    -5.000    19.300     9.000     0.000     1.000     0.000     1.000     2.000     3.000     4.000         *   411.103    56.836   -28.723    16.377    42.735     2.366    -0.406     0.112
   313.330   310.000         *         *         *    44.000    46.000         *         *         *    14.000     6.011     6.000     0.000     1.000     0.000     1.000     2.000         *         *         *   318.821    48.568     5.382    16.348    43.819     3.288     0.132     0.112
   543.330   543.330   520.000   430.000         *    28.000    33.000    23.000    23.000         *   -11.000     9.912     5.000     0.000     0.000     0.000     1.000     2.000     3.000     4.000         *   563.859    46.948   -30.701    14.518    25.466     2.364     0.724     0.101
   716.670   386.670   260.000   263.330   236.670    49.000    52.000    57.000    50.000    55.000     1.000    10.361    11.000     0.000     0.000     0.000     1.000     2.000     3.000     4.000     5.000   551.107    46.413   -59.268    12.821    50.768     2.116     0.456     0.096
   360.000   301.330   268.000   296.670   300.000    28.000    29.000    31.000    37.000    25.000     0.000     1.800     5.000     1.000     1.000     0.000     1.000     2.000     3.000     4.000     5.000   341.699    46.413   -11.339    12.821    27.747     2.116     0.766     0.096
   110.000         *         *         *         *    38.000         *         *         *         *    -7.000    19.522     9.000     0.000     1.000     1.000     1.000     2.000         *         *         *   172.091    57.037    -8.436    16.381    39.003     4.424    -0.260     0.136
   466.670   420.000         *         *         *    39.000    36.000    36.000         *         *    23.000     4.450    11.000     0.000     0.000     0.000     1.000     2.000     3.000         *         *   434.570    48.529     4.556    16.347    37.969     2.720    -0.226     0.106
   233.330   350.000   333.330         *         *    35.000    27.000    42.000         *         *    18.000     6.211    12.000     1.000     1.000     0.000     1.000     2.000     3.000         *         *   297.054    46.998     9.068    15.780    36.232     2.720    -0.501     0.105
   413.330         *         *         *         *         *         *         *         *         *     0.000    16.724     3.000     0.000     0.000     0.000     1.000         *         *         *         *   415.138    57.137   -21.456    16.388    33.667     9.476    -0.184     0.210
   256.670   606.670   556.670         *         *    46.000         *    47.000         *         *    -1.000     3.678     5.000     0.000     1.000     0.000     1.000     2.000     3.000     4.000         *   441.067    46.999     7.915    15.780    43.326     3.263     1.039     0.110
   450.000   460.000         *         *         *    35.000    50.000         *         *         *     7.000     8.894     9.000     1.000     0.000     0.000     1.000     2.000         *         *         *   466.739    48.568   -15.790    16.348    41.675     3.288     0.181     0.112
   286.670   228.000   210.000   200.000   186.670    39.000    42.000    48.000    39.000    43.000     6.000     1.912    13.000     1.000     1.000     0.000     1.000     2.000     3.000     4.000     5.000   281.324    46.413   -15.211    12.821    41.269     2.116     0.267     0.096
   483.330   406.670   336.670   300.000   286.670    32.000    39.000    35.000    42.000    44.000     9.000     6.257     8.000     0.000     1.000     0.000     1.000     2.000     3.000     4.000     5.000   442.612    46.413   -25.901    12.821    37.724     2.116     0.283     0.096
         *   210.000   190.000         *         *    34.000    40.000    39.000         *         *         *     6.621     5.000     0.000     1.000     0.000     1.000     2.000     3.000         *         *   254.062    60.226   -10.750    18.252    36.484     2.772     0.397     0.270
   470.000   403.330   354.670   310.000         *    24.000    35.000    31.000    39.000         *    -1.000     3.446     6.000     0.000     1.000     0.000     1.000     2.000     3.000     4.000         *   443.475    46.948   -24.343    14.518    30.582     2.364     0.808     0.101
   516.670   443.330   396.670         *         *    33.000    33.000    37.000         *         *    -5.000     3.667    12.000     0.000     0.000     0.000     1.000     2.000     3.000         *         *   498.180    46.998   -27.719    15.780    33.600     2.720     0.703     0.105
   386.670   310.000   263.330   246.670   196.670    21.000    18.000    26.000    30.000    15.000     1.000     6.641     6.000     0.000     1.000     0.000     1.000     2.000     3.000     4.000     5.000   359.676    46.413   -25.167    12.821    22.143     2.116     0.180     0.096
   320.000   293.330         *   300.000   273.330    27.000    25.000    29.000    32.000    30.000     0.000     2.684    11.000     0.000     1.000     0.000     1.000     2.000     3.000     4.000     5.000   332.781    48.006   -10.218    12.821    28.332     2.116     0.309     0.098
   266.670         *         *         *         *    35.000         *         *         *         *    -7.000     8.387     3.000     1.000     0.000     0.000     1.000         *         *         *         *   310.066    57.037   -18.186    16.381    32.411     4.424     0.561     0.136
   243.330   223.330         *         *         *    31.000    38.000         *         *         *   -17.000     8.992    13.000     1.000     1.000     0.000     1.000     2.000         *         *         *   293.733    48.568   -30.827    16.348    34.553     3.288     0.286     0.112
   453.330   401.330   360.000   380.000   386.670    56.000    57.000    52.000    53.000    60.000     6.000     6.879     9.000     0.000     1.000     0.000     1.000     2.000     3.000     4.000     5.000   430.724    46.413   -11.707    12.821    53.355     2.116     0.517     0.096
         *   243.330   220.000   236.670   250.000    33.000    40.000    33.000    32.000    37.000         *     5.904     5.000     1.000     1.000     0.000     1.000     2.000     3.000     4.000     5.000   278.073    59.121    -9.121    15.157    33.504     2.231     0.420     0.251
   343.330         *         *         *         *    32.000         *         *         *         *    -5.000     4.116     1.000     1.000     0.000     0.000     1.000         *         *         *         *   366.162    57.037   -16.355    16.381    29.103     4.424     1.007     0.136
   510.000   493.330   480.000         *         *    58.000    70.000    71.000    57.000         *    -4.000     8.010     9.000     0.000     0.000     0.000     1.000     2.000     3.000     4.000         *   527.837    46.954   -23.210    15.775    59.999     2.365     1.010     0.101
   536.670         *         *         *         *    34.000         *         *         *         *    -2.000     3.224     9.000     0.000     1.000     0.000     1.000         *         *         *         *   511.820    57.037   -21.353    16.381    34.501     4.424     0.870     0.136
   260.000   240.000   236.670         *         *    40.000    47.000    51.000    51.000         *     0.000     8.943     9.000     0.000     1.000     1.000     1.000     2.000     3.000     4.000         *   269.174    46.954    -4.253    15.775    45.246     2.365     0.696     0.101
   270.000         *         *         *         *    26.000         *         *         *         *    -5.000     0.672     5.000     0.000     1.000     0.000     1.000         *         *         *         *   304.155    57.037    -7.568    16.381    26.301     4.424     0.887     0.136
   466.670         *         *         *         *    54.000         *         *         *         *     1.000     0.412    13.000     0.000     1.000     0.000     1.000         *         *         *         *   466.038    57.037   -13.436    16.381    50.861     4.424     1.002     0.136
   480.000   493.330   500.000         *         *    34.000    36.000    33.000         *         *    -7.000     0.637     5.000     0.000     1.000     0.000     1.000     2.000     3.000         *         *   503.088    46.998   -15.284    15.780    31.632     2.720     1.396     0.105
   193.330         *         *         *         *    24.000         *         *         *         *    -4.000     8.056    10.000     1.000     1.000     0.000     1.000         *         *         *         *   246.732    57.037   -13.324    16.381    26.605     4.424    -0.107     0.136
   300.000         *         *         *         *    37.000         *         *         *         *    -1.000     9.113     9.000     0.000     1.000     0.000     1.000         *         *         *         *   329.094    57.037   -12.312    16.381    37.413     4.424     0.075     0.136
   541.330   510.000   500.000         *         *    35.000    44.000    38.000         *         *     8.000     9.154     8.000     0.000     1.000     0.000     1.000     2.000     3.000         *         *   524.710    46.998   -13.531    15.780    38.872     2.720     0.215     0.105
   273.330         *         *         *         *    36.000         *         *         *         *     6.000     9.860     3.000     0.000     0.000     0.000     1.000         *         *         *         *   306.183    57.037    -3.121    16.381    34.881     4.424     0.029     0.136
   406.670   410.000   470.670         *         *    35.000    31.000    32.000         *         *    -2.000     0.965     7.000     0.000     0.000     0.000     1.000     2.000     3.000         *         *   437.531    46.998    -7.863    15.780    30.988     2.720     0.951     0.105
   266.670         *         *         *         *    32.000    36.000    25.000         *         *     4.000     5.107    13.000     0.000     0.000     0.000     1.000     2.000     3.000         *         *   306.348    56.910    -5.134    16.380    32.108     2.720    -0.131     0.116
   243.330   256.670   310.000         *         *    22.000    31.000    30.000         *         *     6.000     0.804     9.000     0.000     1.000     0.000     1.000     2.000     3.000         *         *   274.753    46.998     4.451    15.780    27.998     2.720     0.278     0.105
   380.000   384.670   380.000         *         *    42.000    65.000    51.000         *         *     1.000     2.454    11.000     1.000     1.000     0.000     1.000     2.000     3.000         *         *   407.595    46.998   -12.573    15.780    49.863     2.720     0.858     0.105
   360.000   354.670         *         *         *    17.000    27.000         *         *         *    -1.000    15.665    10.000     0.000     1.000     0.000     1.000     2.000         *         *         *   380.341    48.568   -21.039    16.348    25.519     3.288    -0.658     0.112
   240.000   236.670   196.670         *         *    33.000    37.000    36.000         *         *     5.000     6.422     5.000     0.000     1.000     0.000     1.000     2.000     3.000         *         *   251.218    46.998    -4.094    15.780    34.866     2.720     0.160     0.105
   226.670   246.670   250.000         *         *    38.000    41.000    35.000         *         *   -21.000     8.094     7.000     0.000     1.000     0.000     1.000     2.000     3.000         *         *   296.685    46.998   -24.426    15.780    36.019     2.720     0.820     0.105
   448.670         *         *         *         *    26.000    41.000         *         *         *     5.000     4.565     3.000     1.000     0.000     0.000     1.000     2.000         *         *         *   445.658    56.971   -13.128    16.381    31.886     3.288     0.732     0.123
   263.330         *         *         *         *    39.000         *         *         *         *     4.000     8.423     5.000     1.000     1.000     1.000     1.000         *         *         *         *   283.150    57.037     1.114    16.381    37.133     4.424     0.747     0.136
   336.670   310.000         *         *         *    40.000    61.000    49.000         *         *     0.000     0.724     7.000     0.000     1.000     1.000     1.000     2.000     3.000         *         *   333.849    48.529     0.784    16.347    45.893     2.720     1.620     0.106
   230.000   236.670         *         *         *    45.000    57.000         *         *         *    -7.000     3.060     8.000     0.000     1.000     1.000     1.000     2.000         *         *         *   260.973    48.568    -2.541    16.348    47.255     3.288     1.485     0.112
   280.000   286.670         *         *         *    31.000    32.000    43.000         *         *     8.000     4.010     7.000     1.000     1.000     0.000     1.000     2.000     3.000         *         *   303.385    48.529    -1.903    16.347    34.703     2.720     0.273     0.106
   310.000   310.000   300.000         *         *    55.000    52.000    57.000         *         *    -7.000     1.578    11.000     0.000     1.000     0.000     1.000     2.000     3.000         *         *   344.902    46.998   -14.044    15.780    51.325     2.720     1.066     0.105
   316.670   310.670   300.000         *         *    61.000    52.000    41.000         *         *    13.000     2.802     8.000     0.000     0.000     0.000     1.000     2.000     3.000         *         *   317.701    46.998     3.524    15.780    49.194     2.720     0.401     0.105
   453.330   443.330   433.330         *         *    18.000    14.000    17.000         *         *     2.000     4.913    -2.000     0.000     0.000     0.000     1.000     2.000     3.000         *         *   450.730    46.998   -10.000    15.780    15.632     2.720     0.753     0.105
   196.670   203.330         *         *         *    33.000    32.000         *         *         *    -1.000     6.101     6.000     0.000     1.000     0.000     1.000     2.000         *         *         *   232.976    48.568    -4.258    16.348    32.274     3.288     0.234     0.112
   283.330   283.330   286.670         *         *    57.000    64.000    59.000         *         *     3.000     2.630     9.000     1.000     1.000     0.000     1.000     2.000     3.000         *         *   312.023    46.998    -6.306    15.780    56.267     2.720     0.845     0.105
   380.000   386.670   343.330         *         *    13.000    15.000    12.000         *         *     3.000     4.609    -1.000     1.000     1.000     0.000     1.000     2.000     3.000         *         *   382.546    46.998    -9.738    15.780    13.127     2.720     0.578     0.105
   420.000   450.000         *         *         *    37.000    40.000    27.000         *         *     5.000    15.290    12.000     0.000     0.000     0.000     1.000     2.000     3.000         *         *   445.951    48.529   -17.880    16.347    36.700     2.720    -0.627     0.106
   296.670   300.000         *         *         *    40.000    39.000         *         *         *    -4.000     3.826     9.000     0.000     1.000     0.000     1.000     2.000         *         *         *   327.278    48.568   -11.307    16.348    38.349     3.288     0.627     0.112
   333.330         *         *         *         *    26.000         *         *         *         *    -1.000     9.830    11.000     0.000     1.000     0.000     1.000         *         *         *         *   352.619    57.037   -15.781    16.381    29.728     4.424    -0.198     0.136
   276.670         *         *         *         *    17.000         *         *         *         *     1.000     3.467    11.000     1.000     0.000     0.000     1.000         *         *         *         *   314.224    57.037   -10.936    16.381    20.956     4.424     0.060     0.136
   496.670         *         *         *         *    22.000         *         *         *         *     5.000     6.353     4.000     1.000     1.000     1.000     1.000         *         *         *         *   456.058    57.037    -8.688    16.381    23.781     4.424     1.006     0.136
   196.670         *         *         *         *    38.000         *         *         *         *     6.000    10.523     5.000     0.000     0.000     0.000     1.000         *         *         *         *   249.326    57.037    -0.359    16.381    37.060     4.424    -0.201     0.136
   340.000         *         *         *         *    33.000         *         *         *         *    -5.000     5.578     9.000     0.000     0.000     0.000     1.000         *         *         *         *   369.036    57.037   -17.025    16.381    33.304     4.424     0.476     0.136
   203.330   200.000         *         *         *    26.000    23.000         *         *         *    -9.000     1.357     5.000     0.000     1.000     0.000     1.000     2.000         *         *         *   239.947    48.568    -9.111    16.348    24.008     3.288     0.802     0.112
   316.670   306.670         *         *         *    44.000    33.000         *         *         *     9.000     4.946     9.000     0.000     0.000     0.000     1.000     2.000         *         *         *   329.424    48.568    -1.154    16.348    38.215     3.288     0.107     0.112
   286.670   300.000         *         *         *    58.000    63.000         *         *         *     6.000     0.634     9.000     0.000     1.000     0.000     1.000     2.000         *         *         *   314.024    48.568     1.965    16.348    56.492     3.288     0.888     0.112
   383.330         *         *         *         *    31.000         *         *         *         *     2.000    11.802     1.000     0.000     1.000     0.000     1.000         *         *         *         *   382.580    57.037   -12.629    16.381    30.900     4.424     0.186     0.136
   256.670         *         *         *         *    27.000         *         *         *         *     7.000     1.600     5.000     0.000     1.000     0.000     1.000         *         *         *         *   286.302    57.037     4.596    16.381    27.906     4.424     0.427     0.136
   260.000   266.670         *         *         *    27.000    37.000         *         *         *    -1.000     0.946     5.000     0.000     1.000     0.000     1.000     2.000         *         *         *   287.787    48.568    -3.562    16.348    30.870     3.288     0.793     0.112
   376.670         *         *         *         *    16.000    24.000         *         *         *    -2.000    13.097     6.000     0.000     1.000     0.000     1.000     2.000         *         *         *   380.340    56.971   -19.860    16.381    22.463     3.288    -0.239     0.123
   316.670   300.000         *         *         *    36.000    22.000         *         *         *   -10.000     0.760     9.000     1.000     0.000     0.000     1.000     2.000         *         *         *   348.099    48.568   -20.596    16.348    27.865     3.288     0.936     0.112
   446.670   420.000         *         *         *    24.000    25.000         *         *         *     2.000     3.670     9.000     0.000     1.000     0.000     1.000     2.000         *         *         *   440.130    48.568   -13.250    16.348    25.779     3.288     0.418     0.112
   563.330   560.000         *         *         *    37.000    35.000         *         *         *     8.000     1.570    13.000     0.000     0.000     0.000     1.000     2.000         *         *         *   555.625    48.568   -13.173    16.348    36.288     3.288     0.556     0.112
   210.000         *         *         *         *    30.000         *         *         *         *    -8.000     7.703     9.000     1.000     0.000     0.000     1.000         *         *         *         *   270.371    57.037   -18.341    16.381    30.260     4.424     0.198     0.136
   150.000   136.670         *         *         *    34.000    28.000         *         *         *   -14.000    12.081     2.000     0.000     1.000     1.000     1.000     2.000         *         *         *   183.482    48.568   -10.120    16.348    29.681     3.288     0.833     0.112
   233.330   250.000         *         *         *    31.000    34.000         *         *         *    -2.000     4.078     7.000     1.000     1.000     0.000     1.000     2.000         *         *         *   274.060    48.568    -9.168    16.348    31.705     3.288     0.476     0.112
   263.330         *         *         *         *    31.000         *         *         *         *   -14.000     7.958    11.000     1.000     1.000     0.000     1.000         *         *         *         *   309.838    57.037   -27.052    16.381    31.749     4.424     0.367     0.136
   263.330   270.000         *         *         *    54.000    48.000         *         *         *     7.000     3.224     5.000     0.000     1.000     0.000     1.000     2.000         *         *         *   284.579    48.568     3.711    16.348    47.890     3.288     0.657     0.112
   463.330         *         *         *         *    27.000         *         *         *         *     8.000     3.147     8.000     0.000     0.000     0.000     1.000     2.000         *         *         *   453.281    57.037    -8.343    16.381    28.967     4.424     0.395     0.136
   123.330         *         *         *         *    45.000         *         *         *         *     0.000    12.579     7.000     0.000     1.000     1.000     1.000         *         *         *         *   180.078    57.037     4.046    16.381    43.256     4.424     0.305     0.136
   300.000         *         *         *         *    31.000         *         *         *         *    -5.000     3.467     8.000     0.000     0.000     0.000     1.000         *         *         *         *   337.446    57.037   -13.126    16.381    31.130     4.424     0.613     0.136
   323.330         *         *         *         *    19.000         *         *         *         *     3.000     1.658     9.000     1.000     0.000     0.000     1.000         *         *         *         *   348.272    57.037    -9.141    16.381    21.786     4.424     0.338     0.136
   300.000         *         *         *         *    50.000         *         *         *         *    10.000     7.500    11.000     0.000     1.000     0.000     1.000         *         *         *         *   327.934    57.037    -0.294    16.381    48.480     4.424    -0.051     0.136
   176.670         *         *         *         *    27.000         *         *         *         *    -5.000     4.070     9.000     0.000     1.000     0.000     1.000         *         *         *         *   235.078    57.037    -6.756    16.381    28.694     4.424     0.296     0.136
   293.330         *         *         *         *    36.000         *         *         *         *    -2.000     6.676    11.000     0.000     0.000     0.000     1.000         *         *         *         *   333.477    57.037   -13.053    16.381    36.522     4.424     0.172     0.136
   256.670         *         *         *         *    28.000         *         *         *         *    10.000    13.080     5.000     0.000     0.000     0.000     1.000         *         *         *         *   289.118    57.037    -1.673    16.381    30.025     4.424    -0.600     0.136
   326.670         *         *         *         *    30.000         *         *         *         *   -10.000     4.333     5.000     0.000     1.000     1.000     1.000         *         *         *         *   338.324    57.037   -10.362    16.381    29.602     4.424     1.455     0.136
   300.000         *         *         *         *    23.000         *         *         *         *     8.000     6.427     5.000     1.000     1.000     0.000     1.000         *         *         *         *   317.165    57.037    -3.603    16.381    24.872     4.424     0.027     0.136
   463.330         *         *         *         *    44.000         *         *         *         *    10.000     6.266     8.000     0.000     1.000     0.000     1.000         *         *         *         *   449.448    57.037    -6.873    16.381    42.923     4.424     0.337     0.136
   346.670         *         *         *         *    41.000         *         *         *         *     8.000     2.066     8.000     0.000     0.000     1.000     1.000         *         *         *         *   355.392    57.037     6.674    16.381    39.442     4.424     1.098     0.136
   523.330         *         *         *         *    18.000         *         *         *         *     0.000     2.975     5.000     0.000     0.000     0.000     1.000         *         *         *         *   499.457    57.037   -18.571    16.381    20.660     4.424     0.762     0.136
   203.330         *         *         *         *    26.000         *         *         *         *   -18.000    12.491    17.000     1.000     1.000     0.000     1.000         *         *         *         *   268.309    57.037   -33.845    16.381    30.110     4.424    -0.330     0.136
   370.000         *         *         *         *    20.000         *         *         *         *     0.000     1.784     3.000     0.000     1.000     1.000     1.000         *         *         *         *   361.127    57.037    -0.278    16.381    21.599     4.424     1.359     0.136
   366.670         *         *         *         *    47.000         *         *         *         *     3.000    13.641    13.000     0.000     1.000     1.000     1.000         *         *         *         *   369.838    57.037    -8.490    16.381    47.259     4.424     0.191     0.136
   193.330         *         *         *         *    44.000         *         *         *         *     0.000     4.146     9.000     1.000     1.000     0.000     1.000         *         *         *         *   250.499    57.037    -5.243    16.381    41.368     4.424     0.428     0.136
   560.000         *         *         *         *    54.000         *         *         *         *    -5.000     4.513     7.000     0.000     1.000     0.000     1.000         *         *         *         *   536.034    57.037   -24.912    16.381    49.242     4.424     1.285     0.136
   436.670         *         *         *         *    39.000         *         *         *         *     0.000     2.241    13.000     0.000     1.000     1.000     1.000         *         *         *         *   425.653    57.037    -7.184    16.381    39.482     4.424     1.195     0.136
   323.330         *         *         *         *    31.000         *         *         *         *    -2.000     3.700     5.000     1.000     1.000     0.000     1.000         *         *         *         *   344.610    57.037   -12.590    16.381    30.070     4.424     0.716     0.136
   236.670         *         *         *         *    24.000         *         *         *         *    -7.000     2.014     9.000     1.000     1.000     0.000     1.000         *         *         *         *   282.566    57.037   -13.810    16.381    25.344     4.424     0.590     0.136
   266.670         *         *         *         *    17.000         *         *         *         *    -5.000     2.249     5.000     0.000     0.000     0.000     1.000         *         *         *         *   305.538    57.037    -9.925    16.381    19.233     4.424     0.611     0.136
   476.670         *         *         *         *    32.000         *         *         *         *     5.000     2.682    10.000     0.000     1.000     0.000     1.000         *         *         *         *   461.531    57.037   -11.283    16.381    33.573     4.424     0.531     0.136
   236.670         *         *         *         *    28.000         *         *         *         *    -2.000     2.980    13.000     0.000     0.000     0.000     1.000         *         *         *         *   289.882    57.037    -8.571    16.381    30.460     4.424     0.178     0.136
   336.670         *         *         *         *    50.000         *         *         *         *     8.000     4.730     5.000     0.000     1.000     0.000     1.000         *         *         *         *   353.459    57.037     0.162    16.381    46.128     4.424     0.588     0.136
   226.670         *         *         *         *    29.000         *         *         *         *     4.000     6.370     4.000     1.000     1.000     1.000     1.000         *         *         *         *   251.634    57.037     4.471    16.381    28.826     4.424     0.766     0.136
   280.000         *         *         *         *    29.000         *         *         *         *    15.000     6.567     5.000     1.000     1.000     1.000     1.000         *         *         *         *   286.204    57.037    12.292    16.381    29.889     4.424     0.426     0.136
   400.000         *         *         *         *    37.000         *         *         *         *     0.000     3.960     5.000     1.000     1.000     0.000     1.000         *         *         *         *   403.968    57.037   -14.460    16.381    34.910     4.424     0.825     0.136
