         *         *         *   353.330   400.000    12.000    11.000    12.000    13.000    12.000         *     7.547     5.000     0.000     0.000     0.000     1.000     2.000     3.000     4.000     5.000   415.231    82.398   -10.602    17.307    11.271     1.015     0.309     0.216
         *         *         *         *   416.670    16.000    15.000    15.000    16.000    15.000         *     2.742     7.000     1.000     1.000     1.000     1.000     2.000     3.000     4.000     5.000   396.297    90.877    -0.422    17.365    14.574     1.016     0.284     0.216
         *         *         *         *   350.000    16.000    19.000    17.000    16.000    17.000         *     4.270     7.000     1.000     1.000     0.000     1.000     2.000     3.000     4.000     5.000   387.314    90.877    -9.087    17.365    16.678     1.016     0.058     0.216
         *         *         *         *   293.330     6.000     8.000     6.000     9.000     8.000         *     0.604     6.000     0.000     0.000     1.000     1.000     2.000     3.000     4.000     5.000   369.022    90.877   -12.894    17.365     6.248     1.016     0.573     0.216
         *   446.670   423.330   453.330   396.670    14.000    17.000    19.000    21.000    19.000         *    15.692     5.000     1.000     1.000     1.000     1.000     2.000     3.000     4.000     5.000   422.519    59.409    -1.662    15.155    16.568     1.015     0.387     0.215
         *         *         *         *   346.670    19.000    14.000    19.000    20.000    20.000         *     2.860     8.000     0.000     0.000     0.000     1.000     2.000     3.000     4.000     5.000   389.715    90.877    -6.640    17.365    17.297     1.016     0.279     0.216
         *         *         *         *   533.330    13.000    11.000    14.000    15.000    19.000         *     1.321    13.000     0.000     0.000     0.000     1.000     2.000     3.000     4.000     5.000   495.702    90.877    -1.674    17.365    12.786     1.016     0.586     0.216
         *         *         *         *   363.330    15.000    20.000    20.000    20.000    23.000         *     3.634     5.000     0.000     1.000     1.000     1.000     2.000     3.000     4.000     5.000   326.201    90.877     9.472    17.365    17.977     1.016     0.419     0.216
         *         *         *         *   456.670     9.000     9.000     8.000    10.000    10.000         *     4.177     0.000     0.000     1.000     1.000     1.000     2.000     3.000     4.000     5.000   403.415    90.877     2.877    17.365     8.187     1.016     0.471     0.216
         *         *   458.330   506.670   466.670    11.000    13.000    13.000    14.000    13.000         *    10.334     2.000     0.000     0.000     0.000     1.000     2.000     3.000     4.000     5.000   478.853    71.777    -5.138    16.609    11.732     1.015     0.387     0.216
         *         *         *         *   313.330     8.000    11.000    13.000    13.000    12.000         *     5.751     5.000     0.000     1.000     0.000     1.000     2.000     3.000     4.000     5.000   366.700    90.877   -10.122    17.365    10.750     1.016     0.295     0.216
         *         *         *         *   403.330    14.000    15.000    12.000    15.000    14.000         *     3.826     7.000     1.000     1.000     0.000     1.000     2.000     3.000     4.000     5.000   420.884    90.877    -8.827    17.365    13.598     1.016     0.164     0.216
         *         *         *         *   366.670    11.000    14.000    13.000    16.000    13.000         *     3.180    13.000     0.000     0.000     0.000     1.000     2.000     3.000     4.000     5.000   437.368    90.877   -14.926    17.365    12.575     1.016     0.349     0.216
         *         *         *         *   201.670    12.000    12.000    12.000    14.000    12.000         *    12.631     1.000     0.000     1.000     0.000     1.000     2.000     3.000     4.000     5.000   305.868    90.877   -16.499    17.365    12.330     1.016     0.053     0.216
         *         *         *   466.670   430.000    19.000    17.000    17.000    18.000    14.000         *    18.361     5.000     0.000     0.000     0.000     1.000     2.000     3.000     4.000     5.000   476.169    82.398   -12.370    17.307    16.816     1.015     0.019     0.216
         *         *         *         *   460.000    22.000    14.000    17.000    21.000    17.000         *     4.861     7.000     0.000     1.000     0.000     1.000     2.000     3.000     4.000     5.000   438.884    90.877    -1.903    17.365    17.879     1.016     0.052     0.216
         *         *         *         *   343.330    10.000     7.000     9.000    10.000     9.000         *     8.642     2.000     0.000     1.000     1.000     1.000     2.000     3.000     4.000     5.000   360.155    90.877    -6.407    17.365     8.382     1.016     0.351     0.216
         *         *         *         *   283.330    11.000    17.000    17.000    20.000    18.000         *    12.464     9.000     0.000     1.000     0.000     1.000     2.000     3.000     4.000     5.000   340.054    90.877    -8.520    17.365    15.748     1.016     0.245     0.216
         *         *         *         *   298.330    11.000    12.000    11.000    12.000    11.000         *     6.972    -4.000     1.000     1.000     0.000     1.000     2.000     3.000     4.000     5.000   340.332    90.877    -9.263    17.365    11.014     1.016     0.148     0.216
         *         *         *         *   356.670    11.000    12.000    14.000    16.000    11.000         *     7.090     5.000     1.000     1.000     0.000     1.000     2.000     3.000     4.000     5.000   392.414    90.877    -9.931    17.365    12.294     1.016     0.209     0.216
         *         *         *         *   460.000    14.000    14.000    14.000    16.000    19.000         *     4.368     6.000     0.000     0.000     0.000     1.000     2.000     3.000     4.000     5.000   438.306    90.877    -1.355    17.365    13.972     1.016     0.455     0.216
         *         *         *         *    96.670    11.000    11.000    12.000    13.000    14.000         *    17.337     7.000     0.000     1.000     1.000     1.000     2.000     3.000     4.000     5.000   239.654    90.877   -19.301    17.365    11.803     1.016     0.201     0.216
         *         *         *         *   280.000    12.000    11.000    11.000    17.000    15.000         *    11.517     5.000     0.000     1.000     0.000     1.000     2.000     3.000     4.000     5.000   340.527    90.877   -10.820    17.365    12.568     1.016     0.239     0.216
         *         *         *   166.670   383.330    14.000    18.000    17.000    15.000    14.000         *     4.157     5.000     0.000     1.000     0.000     1.000     2.000     3.000     4.000     5.000   302.375    82.398    -2.908    17.307    15.488     1.015     0.028     0.216
         *         *         *         *   416.670    15.000    17.000    19.000    19.000    18.000         *     3.287     5.000     0.000     1.000     0.000     1.000     2.000     3.000     4.000     5.000   398.838    90.877     1.202    17.365    16.732     1.016     0.220     0.216
         *         *         *         *   296.670    13.000    12.000    15.000    17.000    12.000         *     8.289    -2.000     1.000     1.000     0.000     1.000     2.000     3.000     4.000     5.000   336.980    90.877    -7.447    17.365    13.280     1.016     0.141     0.216
         *         *         *   323.330   450.000    12.000    11.000    12.000    13.000    12.000         *     2.463     5.000     0.000     0.000     0.000     1.000     2.000     3.000     4.000     5.000   405.832    82.398    -5.539    17.307    11.142     1.015     0.355     0.216
         *         *         *         *   213.330    11.000     9.000     9.000    11.000    12.000         *     4.615     9.000     1.000     1.000     0.000     1.000     2.000     3.000     4.000     5.000   343.088    90.877   -22.532    17.365    10.214     1.016     0.176     0.216
         *         *         *         *   476.670    19.000    15.000    18.000    20.000    17.000         *     3.095     9.000     0.000     0.000     1.000     1.000     2.000     3.000     4.000     5.000   439.135    90.877     2.650    17.365    16.479     1.016     0.404     0.216
         *         *         *         *   353.330    16.000    15.000    15.000    18.000    21.000         *     8.431     7.000     0.000     1.000     0.000     1.000     2.000     3.000     4.000     5.000   367.038    90.877    -3.922    17.365    16.133     1.016     0.237     0.216
         *         *         *         *   413.330    13.000     9.000    13.000    17.000    12.000         *     4.251     7.000     0.000     1.000     0.000     1.000     2.000     3.000     4.000     5.000   423.123    90.877    -6.092    17.365    12.189     1.016     0.271     0.216
         *         *         *         *   366.670    17.000    16.000    22.000    23.000    22.000         *     4.034     5.000     0.000     1.000     0.000     1.000     2.000     3.000     4.000     5.000   355.183    90.877     4.107    17.365    18.723     1.016     0.281     0.216
         *         *         *         *   150.000    19.000    17.000    20.000    20.000    20.000         *     6.071     9.000     0.000     1.000     0.000     1.000     2.000     3.000     4.000     5.000   284.720    90.877   -15.823    17.365    18.991     1.016    -0.032     0.216
         *         *         *         *   366.670    12.000    16.000    18.000    17.000    19.000         *     0.793    13.000     0.000     0.000     0.000     1.000     2.000     3.000     4.000     5.000   414.330    90.877    -8.272    17.365    15.030     1.016     0.443     0.216
         *         *         *         *   245.000    14.000    13.000    17.000    14.000    13.000         *     3.248    11.000     0.000     1.000     1.000     1.000     2.000     3.000     4.000     5.000   334.022    90.877   -12.382    17.365    13.831     1.016     0.187     0.216
         *         *         *         *   183.330    16.000    12.000    12.000    16.000    12.000         *     8.530     5.000     1.000     1.000     0.000     1.000     2.000     3.000     4.000     5.000   316.916    90.877   -21.526    17.365    13.769     1.016    -0.040     0.216
         *         *         *         *   310.000    16.000    13.000    16.000    19.000    20.000         *     8.741     6.000     0.000     1.000     1.000     1.000     2.000     3.000     4.000     5.000   315.109    90.877     1.216    17.365    15.524     1.016     0.380     0.216
         *         *         *         *   326.670     8.000     9.000     8.000     9.000    11.000         *     4.270     2.000     1.000     1.000     0.000     1.000     2.000     3.000     4.000     5.000   373.351    90.877   -12.026    17.365     8.410     1.016     0.309     0.216
         *         *         *         *   283.330     7.000     9.000    11.000    13.000    12.000         *     0.886     5.000     1.000     1.000     1.000     1.000     2.000     3.000     4.000     5.000   322.635    90.877    -4.757    17.365     9.041     1.016     0.547     0.216
         *         *         *         *   363.330    14.000    11.000    16.000    11.000    13.000         *    13.795    12.000     0.000     1.000     0.000     1.000     2.000     3.000     4.000     5.000   423.369    90.877   -17.719    17.365    13.146     1.016     0.051     0.216
         *         *         *         *   206.670    12.000    11.000    17.000    14.000    13.000         *     9.455     3.000     0.000     1.000     1.000     1.000     2.000     3.000     4.000     5.000   280.981    90.877    -8.422    17.365    12.732     1.016     0.247     0.216
         *         *         *         *   630.000    13.000    14.000    15.000    16.000    14.000         *     2.304     6.000     0.000     1.000     0.000     1.000     2.000     3.000     4.000     5.000   518.936    90.877     7.047    17.365    13.481     1.016     0.346     0.216
         *         *         *   303.330         *    16.000    17.000    17.000    17.000    14.000         *    11.128     7.000     0.000     1.000     0.000     1.000     2.000     3.000     4.000     5.000   361.565    83.217   -14.727    18.075    16.340     1.020    -0.063     0.219
         *         *         *   326.670         *    18.000    18.000    18.000    19.000    20.000         *     5.858     5.000     0.000     0.000     0.000     1.000     2.000     3.000     4.000     5.000   364.742    83.217    -6.027    18.075    17.655     1.020     0.206     0.219
         *         *         *   220.000         *    14.000    14.000    16.000    15.000    15.000         *     7.331     7.000     0.000     0.000     0.000     1.000     2.000     3.000     4.000     5.000   323.184    83.217   -16.684    18.075    14.261     1.020     0.174     0.219
         *         *   346.670         *         *     9.000    11.000    13.000         *         *         *     3.251     9.000     0.000     1.000     1.000     1.000     2.000     3.000         *         *   360.789    74.499    -4.732    18.668    10.657     1.090     0.447     0.234
         *         *         *   275.000   396.670    18.000    18.000    17.000    22.000    14.000         *     6.843     9.000     0.000     1.000     0.000     1.000     2.000     3.000     4.000     5.000   359.567    82.398    -5.299    17.307    17.763     1.015    -0.024     0.216
         *         *         *   373.330         *    21.000    16.000    17.000    17.000    18.000         *     1.797    14.000     1.000     0.000     0.000     1.000     2.000     3.000     4.000     5.000   437.988    83.217   -17.412    18.075    17.382     1.020     0.106     0.219
         *         *         *   573.330   590.000    16.000    14.000    15.000    17.000    18.000         *     3.667     7.000     0.000     1.000     0.000     1.000     2.000     3.000     4.000     5.000   518.457    82.398     5.367    17.307    14.986     1.015     0.337     0.216
         *         *         *   486.670         *    13.000    17.000    17.000    14.000    14.000         *     1.504    11.000     1.000     1.000     0.000     1.000     2.000     3.000     4.000     5.000   485.676    83.217   -10.683    18.075    14.597     1.020     0.167     0.219
         *         *         *   257.330   300.000    16.000    15.000    14.000    18.000    14.000         *     8.535     5.000     0.000     1.000     0.000     1.000     2.000     3.000     4.000     5.000   330.471    82.398   -10.317    17.307    15.322     1.015     0.015     0.216
         *         *         *   366.670         *    16.000    20.000    19.000    17.000    18.000         *     7.752     3.000     0.000     1.000     0.000     1.000     2.000     3.000     4.000     5.000   376.678    83.217    -3.912    18.075    17.593     1.020     0.048     0.219
         *         *         *   608.330   573.330    22.000    17.000    17.000    18.000    19.000         *     9.535    11.000     0.000     1.000     0.000     1.000     2.000     3.000     4.000     5.000   557.537    82.398    -2.739    17.307    18.327     1.015     0.063     0.216
         *         *         *   338.330   413.330    13.000    12.000    13.000    14.000    15.000         *    10.687     5.000     0.000     0.000     1.000     1.000     2.000     3.000     4.000     5.000   373.668    82.398    -1.237    17.307    12.083     1.015     0.478     0.216
         *         *         *   331.000   283.330    12.000    14.000    13.000    13.000    15.000         *     9.600     5.000     1.000     0.000     0.000     1.000     2.000     3.000     4.000     5.000   382.651    82.398   -17.060    17.307    12.594     1.015     0.275     0.216
         *         *         *   290.000   293.330    14.000    16.000    15.000    13.000    15.000         *     3.541     5.000     1.000     1.000     0.000     1.000     2.000     3.000     4.000     5.000   353.129    82.398   -12.479    17.307    14.361     1.015     0.074     0.216
         *         *   483.330   236.670   390.000    12.000    13.000    12.000    10.000    13.000         *     3.930     9.000     1.000     1.000     1.000     1.000     2.000     3.000     4.000     5.000   424.900    71.777   -15.338    16.609    11.433     1.015     0.287     0.216
         *         *         *   505.000   553.330    13.000    13.000    13.000    13.000    17.000         *     0.864     9.000     0.000     1.000     0.000     1.000     2.000     3.000     4.000     5.000   493.989    82.398     1.418    17.307    12.852     1.015     0.378     0.216
         *         *         *   238.330   386.670    15.000    14.000    17.000    17.000    14.000         *     3.139     5.000     0.000     1.000     0.000     1.000     2.000     3.000     4.000     5.000   330.074    82.398    -2.293    17.307    15.037     1.015     0.113     0.216
         *         *         *   233.330   240.000    15.000    21.000    19.000    19.000    22.000         *     7.582     9.000     0.000     0.000     0.000     1.000     2.000     3.000     4.000     5.000   307.863    82.398   -10.877    17.307    18.172     1.015     0.227     0.216
         *         *         *   326.000   390.000    14.000    15.000    15.000    14.000    15.000         *     1.483     6.000     0.000     0.000     0.000     1.000     2.000     3.000     4.000     5.000   395.107    82.398    -7.795    17.307    13.817     1.015     0.267     0.216
         *         *         *   353.330   330.000    11.000    16.000    16.000    17.000    16.000         *     4.713     9.000     0.000     0.000     0.000     1.000     2.000     3.000     4.000     5.000   392.426    82.398   -10.604    17.307    14.084     1.015     0.367     0.216
   126.670         *         *         *         *    14.000    14.000         *         *         *   -12.000     2.271     9.000     0.000     0.000     1.000     1.000     2.000         *         *         *   197.117    57.277    -3.088    16.213    13.782     1.215     0.307     0.227
   223.330   276.670         *         *         *    14.000    15.000         *         *         *     3.500     2.687    11.000     1.000     1.000     0.000     1.000     2.000         *         *         *   275.233    48.665    -3.023    16.195    14.464     1.215     0.154     0.226
   593.330   523.330   300.000   560.000   380.000    19.000    16.000    19.000    24.000    20.000     1.000    10.712     9.000     0.000     0.000     0.000     1.000     2.000     3.000     4.000     5.000   531.798    46.481   -23.004    12.747    18.545     1.003     0.230     0.209
   296.670         *         *         *         *    14.000         *         *         *         *     0.000     7.996     5.000     1.000     1.000     0.000     1.000         *         *         *         *   321.127    57.281   -11.757    16.283    13.973     1.541     0.076     0.227
   343.330   370.000   366.670   230.000   260.000    16.000    16.000    17.000    11.000    16.000    -8.000     6.238     5.000     0.000     0.000     0.000     1.000     2.000     3.000     4.000     5.000   389.290    46.481   -24.775    12.747    15.084     1.003     0.021     0.209
   223.330         *         *         *         *    14.000         *         *         *         *   -11.000    14.715     5.000     0.000     0.000     0.000     1.000         *         *         *         *   276.609    57.281   -21.526    16.283    14.060     1.541     0.027     0.227
   233.330   363.330         *         *         *    20.000    25.000         *         *         *    -1.000    15.259    13.000     1.000     0.000     1.000     1.000     2.000         *         *         *   306.539    48.665    -1.988    16.195    21.194     1.215     0.170     0.226
   260.000   273.330         *   433.330   140.000    14.000    13.000    14.000    13.000    16.000     6.000     0.856     6.000     0.000     0.000     0.000     1.000     2.000     3.000     4.000     5.000   305.295    48.140    -5.270    12.747    13.071     1.003     0.319     0.209
   445.000   443.330   303.330   680.000   583.330    20.000    20.000    22.000    21.000    19.000    -8.000    13.819    13.000     0.000     0.000     0.000     1.000     2.000     3.000     4.000     5.000   449.412    46.481     8.538    12.747    19.842     1.003     0.129     0.209
   303.330   466.670         *   363.330   303.330    13.000    14.000    10.000    11.000    10.000    -1.000    11.769     7.000     0.000     1.000     1.000     1.000     2.000     3.000     4.000     5.000   391.330    48.140   -13.298    12.747    11.625     1.003     0.115     0.209
   643.330   670.000   523.330   566.670   486.670    13.000    11.000    13.000    15.000    15.000    10.000     2.605    11.000     1.000     0.000     0.000     1.000     2.000     3.000     4.000     5.000   637.274    46.481   -24.763    12.747    12.084     1.003     0.479     0.209
   225.000         *         *         *         *    13.000    17.000    15.000    14.000    19.000     4.000    16.453     9.000     1.000     0.000     1.000     1.000     2.000     3.000     4.000     5.000   262.072    57.263    -1.797    15.891    14.309     1.010     0.416     0.215
   390.000         *   440.000   320.000   313.330    19.000    18.000    18.000    22.000    19.000     0.000     7.265     6.000     1.000     1.000     1.000     1.000     2.000     3.000     4.000     5.000   392.498    51.497    -9.314    13.135    18.284     1.003     0.193     0.209
   513.330   453.330         *   456.670   446.670    20.000    22.000    19.000    21.000    19.000    -2.000     1.272     9.000     0.000     1.000     0.000     1.000     2.000     3.000     4.000     5.000   487.239    48.140   -10.224    12.747    19.939     1.003    -0.011     0.209
   430.000   380.000         *   403.330         *    12.000    15.000    15.000    14.000    15.000     3.000     9.091    10.000     0.000     1.000     1.000     1.000     2.000     3.000     4.000     5.000   414.329    48.240    -7.163    14.388    13.397     1.006     0.327     0.212
   473.330         *         *         *         *    26.000         *         *         *         *    -3.000    11.728    11.000     0.000     1.000     1.000     1.000         *         *         *         *   445.063    57.281   -10.250    16.283    23.559     1.541    -0.072     0.227
   286.670   243.330   306.670   276.670         *    14.000    14.000    16.000    15.000    14.000    14.000     1.737    13.000     0.000     1.000     0.000     1.000     2.000     3.000     4.000     5.000   285.654    46.878     2.337    14.307    14.156     1.005     0.205     0.211
         *         *   383.330         *         *    17.000    14.000    12.000         *         *         *    12.231     3.000     1.000     1.000     0.000     1.000     2.000     3.000         *         *   409.525    74.499   -17.111    18.668    14.338     1.090    -0.012     0.234
   300.000   333.330         *   356.670         *    12.000    12.000    12.000    14.000         *     4.000     5.789     4.000     1.000     1.000     0.000     1.000     2.000     3.000     4.000         *   335.292    48.298    -2.340    14.476    12.041     1.024     0.242     0.218
   413.330   433.330   533.330   297.670   443.330    13.000    13.000    16.000    16.000    17.000    -5.000    15.065     5.000     1.000     1.000     0.000     1.000     2.000     3.000     4.000     5.000   458.244    46.481   -15.498    12.747    14.378     1.003     0.189     0.209
   390.000   366.670   600.000   486.670   316.670     9.000    13.000    12.000    12.000    10.000     1.000    10.156     5.000     0.000     1.000     1.000     1.000     2.000     3.000     4.000     5.000   443.528    46.481    -7.172    12.747    10.544     1.003     0.333     0.209
   256.670   296.670         *         *         *    14.000    14.000    15.000         *         *     8.000    15.634    13.000     0.000     1.000     0.000     1.000     2.000     3.000         *         *   302.761    48.659    -8.207    16.114    14.446     1.081     0.088     0.225
   540.000   400.000   516.670   530.000   486.670    13.000    17.000    18.000    17.000    15.000    10.000     2.643     5.000     1.000     1.000     0.000     1.000     2.000     3.000     4.000     5.000   483.061    46.481     0.457    12.747    15.026     1.003     0.290     0.209
         *   590.000         *         *         *    23.000    20.000         *         *         *   -15.000    14.652     9.000     1.000     0.000     1.000     1.000     2.000         *         *         *   568.442    64.568   -32.459    16.957    20.446     1.215     0.034     0.226
         *   316.670   186.670   280.000   226.670    14.000    15.000    14.000    14.000    14.000    -2.000    16.352    10.000     0.000     1.000     0.000     1.000     2.000     3.000     4.000     5.000   329.819    57.965   -21.250    14.471    14.513     1.004    -0.057     0.210
         *   303.330   636.670   563.330   483.330    12.000    11.000    11.000    12.000    14.000     8.000     3.621     4.000     0.000     0.000     0.000     1.000     2.000     3.000     4.000     5.000   452.951    57.965     9.255    14.471    10.681     1.004     0.514     0.210
         *   400.000   443.330   440.000   416.670    14.000    13.000    14.000    13.000    13.000     0.000     4.374     6.000     1.000     1.000     1.000     1.000     2.000     3.000     4.000     5.000   429.079    57.965    -4.142    14.471    12.686     1.004     0.294     0.210
   523.330   326.670   340.000   286.670   254.000    15.000    14.000    17.000    15.000    13.000     6.000     9.663     7.000     0.000     1.000     0.000     1.000     2.000     3.000     4.000     5.000   439.033    46.481   -30.789    12.747    14.881     1.003    -0.028     0.209
   403.330         *         *         *         *    20.000         *         *         *         *    -2.000     5.209    13.000     0.000     1.000     0.000     1.000         *         *         *         *   411.044    57.281   -14.126    16.283    19.230     1.541    -0.051     0.227
   403.330         *         *         *         *     9.000    13.000         *         *         *   -11.000    17.493     5.000     0.000     0.000     0.000     1.000     2.000         *         *         *   421.993    57.277   -35.861    16.213    11.293     1.215     0.127     0.227
   243.330         *   406.670   220.000   203.330    14.000     9.000    13.000    10.000    10.000     3.000    13.277     7.000     1.000     1.000     0.000     1.000     2.000     3.000     4.000     5.000   327.802    51.497   -18.252    13.135    11.522     1.003    -0.007     0.209
   416.670   300.000   290.000   326.670   303.330    12.000    13.000    14.000    14.000    13.000    -3.000    11.749     5.000     0.000     0.000     0.000     1.000     2.000     3.000     4.000     5.000   386.246    46.481   -19.832    12.747    12.701     1.003     0.194     0.209
   453.330   386.670   376.670   310.000         *    14.000    14.000    14.000    15.000    15.000    -5.000     4.897     7.000     0.000     0.000     0.000     1.000     2.000     3.000     4.000     5.000   444.072    46.878   -25.679    14.307    13.839     1.005     0.192     0.211
   396.670   250.000   346.670         *   306.670    12.000    13.000    13.000    14.000    16.000    -3.000     1.488     7.000     1.000     1.000     1.000     1.000     2.000     3.000     4.000     5.000   350.877    46.624    -8.742    13.074    12.547     1.004     0.383     0.210
   416.670   450.000   403.330   370.000         *    13.000    15.000    13.000    15.000         *     1.000     8.308    13.000     0.000     0.000     1.000     1.000     2.000     3.000     4.000         *   441.543    46.951   -14.317    14.392    13.190     1.024     0.419     0.218
   316.670         *         *         *         *    16.000         *         *         *         *    11.000    10.983     4.000     0.000     1.000     0.000     1.000         *         *         *         *   326.319    57.281     1.618    16.283    15.454     1.541     0.117     0.227
   440.000   440.000   493.330   420.000   360.000    16.000    16.000    14.000    14.000    15.000     0.000     1.907     7.000     0.000     1.000     0.000     1.000     2.000     3.000     4.000     5.000   467.795    46.481   -14.518    12.747    14.871     1.003     0.061     0.209
   413.330   423.330   526.670   476.670   436.670    15.000    21.000    20.000    20.000    18.000     4.000    14.309    13.000     0.000     0.000     0.000     1.000     2.000     3.000     4.000     5.000   457.542    46.481    -3.630    12.747    17.935     1.003     0.240     0.209
   193.330         *         *         *         *    13.000    14.000         *         *         *     1.000     2.895     1.000     0.000     0.000     0.000     1.000     2.000         *         *         *   242.627    57.277     3.256    16.213    13.002     1.215     0.284     0.227
   330.000         *   306.670   276.670         *    14.000    17.000    17.000    14.000    15.000    13.000     7.837    12.000     0.000     1.000     0.000     1.000     2.000     3.000     4.000     5.000   334.089    51.597    -6.711    14.497    15.180     1.005     0.102     0.211
   223.330         *         *         *         *    21.000         *         *         *         *   -17.000    21.244    11.000     0.000     0.000     0.000     1.000         *         *         *         *   280.960    57.281   -30.198    16.283    19.974     1.541    -0.262     0.227
   566.670         *         *         *         *    17.000         *         *         *         *   -18.000    21.685     5.000     0.000     0.000     0.000     1.000         *         *         *         *   544.318    57.281   -50.407    16.283    16.436     1.541    -0.145     0.227
   233.330         *         *         *         *    16.000    12.000         *         *         *    -4.000    18.507     1.000     1.000     1.000     0.000     1.000     2.000         *         *         *   264.852    57.277   -18.557    16.213    14.078     1.215    -0.105     0.227
   556.670         *         *         *         *    12.000         *         *         *         *   -17.000    10.693     5.000     0.000     1.000     0.000     1.000         *         *         *         *   536.436    57.281   -44.454    16.283    12.844     1.541    -0.052     0.227
   173.330   293.330         *         *         *     9.000     8.000         *         *         *   -11.000    22.222     1.000     1.000     1.000     0.000     1.000     2.000         *         *         *   278.916    48.665   -29.049    16.195     9.346     1.215    -0.027     0.226
   450.000   366.670   533.330   490.000   433.330    26.000    23.000    24.000    19.000    25.000     3.000     7.613    13.000     0.000     0.000     0.000     1.000     2.000     3.000     4.000     5.000   448.767    46.481    -0.185    12.747    22.853     1.003     0.029     0.209
   343.330         *         *         *         *         *    16.000         *         *         *     2.000    16.683    11.000     1.000     1.000     1.000     1.000     2.000         *         *         *   349.776    57.345   -12.766    16.232    15.718     1.609     0.153     0.232
   493.330   483.330   506.670         *   433.330    13.000    14.000    12.000    11.000    13.000     5.000     4.423     5.000     0.000     1.000     0.000     1.000     2.000     3.000     4.000     5.000   500.850    46.624   -12.927    13.074    12.323     1.004     0.160     0.210
   293.330         *         *         *         *    12.000    12.000         *         *         *    -5.000     9.567     5.000     1.000     1.000     0.000     1.000     2.000         *         *         *   323.374    57.277   -20.036    16.213    12.273     1.215     0.058     0.227
   433.330         *         *         *         *    11.000         *         *         *         *     6.000     2.323    13.000     0.000     1.000     0.000     1.000         *         *         *         *   438.463    57.281   -12.571    16.283    12.233     1.541     0.270     0.227
   293.330   340.000   303.330   293.330   243.330    17.000    15.000    18.000    18.000    18.000   -13.000    14.597     7.000     0.000     1.000     1.000     1.000     2.000     3.000     4.000     5.000   341.289    46.481   -16.113    12.747    16.841     1.003     0.081     0.209
   496.670   500.000         *         *         *    13.000    15.000         *         *         *     1.000     1.729     7.000     0.000     1.000     0.000     1.000     2.000         *         *         *   499.516    48.665   -14.664    16.195    13.889     1.215     0.197     0.226
   523.330   483.330         *         *         *    13.000    16.000         *         *         *    -4.000    15.224     9.000     1.000     1.000     0.000     1.000     2.000         *         *         *   523.245    48.665   -34.669    16.195    14.584     1.215     0.014     0.226
   433.330         *   433.330   450.000   440.670    11.000    12.000    15.000    13.000    15.000     6.000    11.626     9.000     0.000     1.000     0.000     1.000     2.000     3.000     4.000     5.000   447.363    51.497    -5.817    13.135    12.523     1.003     0.295     0.209
   243.330   360.000   313.330         *         *    13.000    15.000    14.000    13.000    14.000     3.000    14.701     1.000     0.000     0.000     0.000     1.000     2.000     3.000     4.000     5.000   317.682    46.902    -5.262    15.417    13.224     1.008     0.188     0.213
   570.000   563.330   643.330   603.330         *    19.000    20.000    19.000    20.000    23.000    14.000     1.847    12.000     1.000     1.000     1.000     1.000     2.000     3.000     4.000     5.000   549.016    46.878    11.056    14.307    18.457     1.005     0.497     0.211
   470.000         *   533.330         *         *    18.000    15.000    15.000    17.000    16.000     8.000     7.216     9.000     0.000     0.000     0.000     1.000     2.000     3.000     4.000     5.000   491.532    52.076    -6.341    15.446    15.427     1.008     0.251     0.213
   306.670   316.670   383.330   353.330   296.670    14.000    15.000    20.000    13.000    16.000    -1.000    18.036    14.000     0.000     1.000     1.000     1.000     2.000     3.000     4.000     5.000   353.847    46.481    -8.452    12.747    15.287     1.003     0.161     0.209
   426.670         *   433.330   396.670   350.000    20.000    19.000    18.000    19.000    21.000    -2.000     8.352     7.000     1.000     1.000     1.000     1.000     2.000     3.000     4.000     5.000   424.831    51.497    -9.685    13.135    18.605     1.003     0.161     0.209
         *   383.330   410.000   373.330   350.000    20.000    15.000    20.000    18.000    19.000         *     3.098     9.000     0.000     1.000     0.000     1.000     2.000     3.000     4.000     5.000   411.373    59.409    -9.366    15.155    18.053     1.015     0.053     0.215
   300.000         *         *         *         *    20.000         *         *         *         *    10.000    10.438    11.000     0.000     0.000     0.000     1.000         *         *         *         *   325.292    57.281     1.034    16.283    18.646     1.541     0.150     0.227
   533.330         *         *         *         *    16.000    18.000         *         *         *    -6.000    14.277     4.000     1.000     1.000     0.000     1.000     2.000     3.000     4.000         *   505.773    57.277   -31.759    16.213    16.622     1.215    -0.075     0.227
   196.670         *         *         *   206.670    15.000    14.000    12.000    17.000    15.000     0.000    13.918    13.000     1.000     0.000     1.000     1.000     2.000     3.000     4.000     5.000   246.271    56.234    -8.107    13.350    13.785     1.004     0.314     0.210
   350.000         *         *         *         *    18.000         *         *         *         *     3.000    16.557     7.000     0.000     0.000     0.000     1.000         *         *         *         *   364.556    57.281   -13.011    16.283    17.014     1.541     0.073     0.227
   803.330   430.000   593.330   520.000         *    12.000    13.000    14.000    15.000    15.000    -3.000    11.440     4.000     0.000     1.000     0.000     1.000     2.000     3.000     4.000     5.000   650.995    46.878   -36.002    14.307    13.312     1.005     0.170     0.211
   446.670         *         *         *         *    13.000         *         *         *         *     6.000     3.358    10.000     0.000     1.000     0.000     1.000         *         *         *         *   442.646    57.281   -10.816    16.283    13.547     1.541     0.217     0.227
   200.000         *         *         *         *         *    12.000         *         *         *     1.000     9.874    13.000     0.000     1.000     1.000     1.000     2.000         *         *         *   245.039    57.345    -2.878    16.232    12.859     1.609     0.264     0.232
         *   396.670   476.670   560.000   493.330    18.000    18.000    18.000    21.000    17.000         *    14.638     7.000     0.000     1.000     0.000     1.000     2.000     3.000     4.000     5.000   443.036    59.409     6.586    15.155    17.891     1.015     0.116     0.215
   276.670         *   286.670   250.000   290.000    15.000    16.000    17.000    17.000    15.000     3.000     7.520     8.000     0.000     0.000     0.000     1.000     2.000     3.000     4.000     5.000   304.505    51.497    -5.981    13.135    15.383     1.003     0.185     0.209
   466.670   403.330   253.330         *   226.670    19.000    15.000    17.000    16.000    16.000    -4.000    15.585    11.000     0.000     0.000     0.000     1.000     2.000     3.000     4.000     5.000   446.926    46.624   -40.313    13.074    16.772     1.004    -0.084     0.210
   313.330   280.000   310.000         *         *    19.000    19.000    17.000         *         *     6.000     5.855     2.000     1.000     1.000     1.000     1.000     2.000     3.000         *         *   290.799    47.010     7.610    15.621    17.429     1.081     0.196     0.223
   150.000         *         *         *         *    10.000         *         *         *         *     2.000     8.420     4.000     0.000     1.000     0.000     1.000         *         *         *         *   208.824    57.281    -1.641    16.283    11.051     1.541     0.170     0.227
   546.670         *         *         *         *    16.000         *         *         *         *     6.000     7.202     5.000     1.000     1.000     1.000     1.000         *         *         *         *   498.087    57.281    -9.364    16.283    15.159     1.541     0.307     0.227
   266.670         *   150.000         *         *    17.000    15.000         *         *         *   -11.000    12.245     9.000     1.000     1.000     0.000     1.000     2.000     3.000         *         *   283.141    52.221   -29.503    15.695    16.139     1.215    -0.184     0.224
   533.330         *   540.000   370.000   456.670    18.000    17.000    18.000    16.000    20.000     4.000     2.953    13.000     1.000     1.000     1.000     1.000     2.000     3.000     4.000     5.000   507.537    51.497   -13.494    13.135    16.850     1.003     0.288     0.209
   503.330   186.670   606.670   506.670   466.670    17.000    17.000    17.000    22.000    21.000     6.000    11.892    13.000     0.000     0.000     0.000     1.000     2.000     3.000     4.000     5.000   430.140    46.481     5.751    12.747    17.422     1.003     0.405     0.209
         *         *   416.670   423.330   154.670    12.000    15.000    14.000    10.000    14.000         *    11.862     1.000     0.000     0.000     0.000     1.000     2.000     3.000     4.000     5.000   453.856    71.777   -31.744    16.609    12.648     1.015     0.117     0.216
   470.000         *   453.330   406.670   496.670    13.000    15.000    13.000    14.000    15.000    14.000    11.147     6.000     0.000     1.000     1.000     1.000     2.000     3.000     4.000     5.000   437.895    51.497     3.090    13.135    12.928     1.003     0.401     0.209
   436.670         *         *         *         *    10.000    10.000    10.000         *         *   -25.000     7.131     5.000     0.000     1.000     1.000     1.000     2.000     3.000         *         *   438.670    57.277   -39.418    16.131    10.373     1.082     0.109     0.226
   120.000         *         *         *         *    12.000         *         *         *         *         *     8.385     5.000     1.000     1.000     0.000     1.000         *         *         *         *   186.098    57.478    -4.596    18.007    12.519     1.545     0.095     0.240
   166.670   250.000   153.330   140.000         *    11.000    14.000    12.000    14.000         *   -10.000    14.920     3.000     0.000     0.000     0.000     1.000     2.000     3.000     4.000         *   242.618    46.951   -21.259    14.392    12.586     1.024     0.093     0.218
   370.000   433.330   316.670         *         *    25.000    25.000    25.000    23.000         *    11.000    12.768     9.000     0.000     1.000     0.000     1.000     2.000     3.000     4.000         *   372.671    46.970     0.049    15.529    24.063     1.025    -0.133     0.220
   476.670   456.670   383.330   323.330         *    15.000    15.000    14.000    16.000         *     4.000     9.844    15.000     0.000     1.000     0.000     1.000     2.000     3.000     4.000         *   475.291    46.951   -27.794    14.392    15.033     1.024     0.060     0.218
   456.670   400.000   350.000   346.670   376.670    26.000    20.000    23.000    19.000         *    -4.000     8.500    11.000     0.000     1.000     0.000     1.000     2.000     3.000     4.000     5.000   433.193    46.519   -17.316    12.770    22.214     1.023    -0.262     0.215
   483.330   673.330   726.670   516.670         *    14.000    20.000    15.000    17.000    14.000     9.000    -0.379     6.000     0.000     1.000     0.000     1.000     2.000     3.000     4.000     5.000   577.682    46.878    -0.229    14.307    15.312     1.005     0.228     0.211
   300.000   253.330   343.330         *         *    25.000    23.000    28.000    24.000    21.000    -6.000    10.348    11.000     0.000     0.000     0.000     1.000     2.000     3.000     4.000     5.000   319.498    46.902    -7.740    15.417    24.086     1.008    -0.157     0.213
   433.330   436.670   450.000   396.670   333.330    12.000    14.000    12.000    12.000    15.000     8.000    15.290    11.000     0.000     0.000     0.000     1.000     2.000     3.000     4.000     5.000   465.522    46.481   -20.189    12.747    12.356     1.003     0.284     0.209
   300.000         *         *         *         *    12.000         *         *         *         *    -9.000    18.665     4.000     0.000     1.000     0.000     1.000         *         *         *         *   329.428    57.281   -27.330    16.283    12.824     1.541    -0.072     0.227
   216.670   276.670         *         *         *    12.000    12.000         *         *         *    13.000     5.899     3.000     0.000     1.000     1.000     1.000     2.000     3.000         *         *   240.552    48.665    17.239    16.195    11.689     1.215     0.455     0.226
   466.670         *         *         *         *    18.000    17.000         *         *         *     7.000     3.224    11.000     0.000     0.000     0.000     1.000     2.000         *         *         *   459.458    57.277    -7.915    16.213    16.809     1.215     0.253     0.227
   323.330   183.330   246.670   206.670   180.000    15.000    10.000    13.000    13.000    11.000    -3.000     9.255    -1.000     0.000     0.000     0.000     1.000     2.000     3.000     4.000     5.000   295.110    46.481   -19.891    12.747    12.240     1.003     0.064     0.209
   483.330   303.330         *   300.000         *    19.000    14.000    15.000    13.000         *     1.000     9.069     5.000     1.000     1.000     0.000     1.000     2.000     3.000     4.000         *   417.875    48.298   -25.951    14.476    15.456     1.024    -0.110     0.218
   233.330         *         *         *         *    15.000    12.000         *         *         *     7.000     4.842    -1.000     0.000     1.000     0.000     1.000     2.000         *         *         *   258.171    57.277     6.667    16.213    13.231     1.215     0.160     0.227
   283.330         *   230.000   226.670         *    15.000    12.000    11.000    12.000    14.000     8.000    12.396    13.000     0.000     0.000     0.000     1.000     2.000     3.000     4.000     5.000   304.354    51.597   -15.851    14.497    12.569     1.005     0.166     0.211
   443.330         *         *         *         *    14.000         *         *         *         *     2.000    10.345     7.000     0.000     0.000     0.000     1.000         *         *         *         *   442.450    57.281   -17.844    16.283    13.888     1.541     0.225     0.227
   203.330   276.670   206.670   203.330   160.000    14.000    14.000    15.000    14.000    15.000     1.000    13.789     7.000     0.000     0.000     0.000     1.000     2.000     3.000     4.000     5.000   266.945    46.481   -15.566    12.747    14.032     1.003     0.127     0.209
   166.670         *         *         *         *    23.000         *         *         *         *   -10.000     2.917     5.000     0.000     1.000     1.000     1.000         *         *         *         *   206.988    57.281     6.567    16.283    20.935     1.541    -0.019     0.227
   583.330   626.670   696.670   623.330   573.330    17.000    24.000    18.000    21.000    23.000    11.000     4.831     9.000     0.000     1.000     0.000     1.000     2.000     3.000     4.000     5.000   600.248    46.481     0.773    12.747    19.369     1.003     0.295     0.209
   480.000         *         *         *         *    17.000         *         *         *         *     4.000     8.292    17.000     0.000     0.000     0.000     1.000         *         *         *         *   480.521    57.281   -19.234    16.283    16.810     1.541     0.193     0.227
   466.670   546.670   476.670   476.670         *    14.000         *         *    13.000    13.000     6.000     6.047     9.000     0.000     0.000     0.000     1.000     2.000     3.000     4.000     5.000   511.497    46.886   -12.928    14.310    12.760     1.216     0.279     0.215
   183.330   260.000         *         *         *    12.000    12.000         *         *         *    -4.000    16.092     7.000     0.000     1.000     0.000     1.000     2.000         *         *         *   260.406    48.665   -15.507    16.195    12.553     1.215     0.008     0.226
   310.000   356.670   316.670   243.330   220.000    11.000    12.000    12.000    12.000    14.000    -4.000    17.181     7.000     1.000     0.000     0.000     1.000     2.000     3.000     4.000     5.000   374.372    46.481   -28.549    12.747    11.746     1.003     0.196     0.209
   250.000         *         *         *         *    14.000         *         *         *         *     1.000    13.168     3.000     0.000     1.000     0.000     1.000         *         *         *         *   281.345    57.281    -7.890    16.283    14.063     1.541     0.033     0.227
   516.670         *         *         *         *    15.000         *         *         *         *     3.000     5.351     7.000     0.000     1.000     0.000     1.000         *         *         *         *   492.718    57.281   -16.020    16.283    14.903     1.541     0.130     0.227
   350.000   383.330   418.670   350.000   296.670    12.000    17.000    16.000    14.000    15.000     4.000     6.758    13.000     0.000     1.000     0.000     1.000     2.000     3.000     4.000     5.000   400.320    46.481   -13.457    12.747    14.547     1.003     0.134     0.209
   346.670         *         *         *         *    19.000         *         *         *         *    11.000    10.402     5.000     0.000     1.000     0.000     1.000         *         *         *         *   348.087    57.281     2.293    16.283    17.787     1.541     0.056     0.227
   333.330         *         *         *         *    18.000         *         *         *         *    -6.000    15.147     4.000     0.000     0.000     1.000     1.000         *         *         *         *   341.878    57.281   -11.236    16.283    16.762     1.541     0.176     0.227
   206.670   230.000   263.330   172.000         *    16.000    18.000    14.000    13.000         *    -5.000     8.886    13.000     0.000     1.000     0.000     1.000     2.000     3.000     4.000         *   270.529    46.951   -16.701    14.392    15.784     1.024    -0.139     0.218
   366.670   383.330         *   343.330   300.000    21.000    24.000    20.000    19.000    23.000    -5.000     9.619    13.000     0.000     0.000     1.000     1.000     2.000     3.000     4.000     5.000   385.976    48.140   -12.687    12.747    20.657     1.003     0.134     0.209
   393.330   390.000         *         *         *    14.000    18.000         *         *         *    12.000     3.369     4.000     1.000     1.000     1.000     1.000     2.000         *         *         *   372.732    48.665     9.402    16.195    15.013     1.215     0.422     0.226
   336.670   270.000   169.330   170.000         *    15.000    19.000    16.000    17.000         *    -5.000    18.821     9.000     0.000     1.000     0.000     1.000     2.000     3.000     4.000         *   322.873    46.951   -31.845    14.392    17.055     1.024    -0.174     0.218
   313.330   363.330   420.000   376.670         *    11.000    14.000    11.000    15.000         *    11.000     6.931     5.000     0.000     0.000     0.000     1.000     2.000     3.000     4.000         *   357.602    46.951     4.910    14.392    11.768     1.024     0.450     0.218
         *   553.330   480.000         *         *    17.000    20.000    15.000    17.000         *         *     6.205    11.000     1.000     1.000     0.000     1.000     2.000     3.000     4.000         *   534.207    60.322   -19.609    18.069    17.019     1.039     0.050     0.230
   210.000   346.670   270.000   240.000   203.330    11.000    11.000    13.000    11.000    11.000     2.000    10.170     9.000     1.000     0.000     0.000     1.000     2.000     3.000     4.000     5.000   311.358    46.481   -17.171    12.747    11.002     1.003     0.220     0.209
   326.670         *   210.000         *         *    13.000    15.000    14.000         *         *    -6.000    21.209    13.000     0.000     0.000     1.000     1.000     2.000     3.000         *         *   333.088    52.158   -27.671    15.647    13.894     1.081     0.187     0.224
   416.670   530.000   463.330   463.330   406.670    20.000    13.000    18.000    17.000    20.000     2.000     8.218    13.000     0.000     1.000     0.000     1.000     2.000     3.000     4.000     5.000   481.234    46.481   -11.245    12.747    17.195     1.003     0.121     0.209
         *   313.330   296.670   253.330   210.000    13.000    13.000    13.000    13.000    14.000         *    19.558     7.000     0.000     1.000     0.000     1.000     2.000     3.000     4.000     5.000   356.092    59.409   -24.957    15.155    13.364     1.015    -0.008     0.215
   300.000   203.330   200.000   170.000         *    15.000    16.000    16.000    16.000         *    -3.000    10.118     5.000     1.000     0.000     0.000     1.000     2.000     3.000     4.000         *   283.132    46.951   -21.305    14.392    15.312     1.024     0.086     0.218
   426.670   370.000   276.670   270.000   263.330    14.000    17.000    14.000    14.000    16.000     1.000     3.533     9.000     1.000     1.000     0.000     1.000     2.000     3.000     4.000     5.000   401.769    46.481   -26.042    12.747    14.814     1.003     0.057     0.209
   396.670         *         *         *         *    14.000         *         *         *         *    -9.000    11.473    13.000     0.000     1.000     0.000     1.000         *         *         *         *   415.661    57.281   -30.584    16.283    14.864     1.541    -0.045     0.227
   106.670         *         *         *         *    13.000    13.000         *         *         *    -1.000    26.621     4.000     0.000     1.000     0.000     1.000     2.000         *         *         *   171.910    57.277   -13.666    16.213    13.449     1.215    -0.107     0.227
         *   316.670         *         *         *    11.000    12.000         *         *         *         *     9.518     5.000     1.000     1.000     0.000     1.000     2.000         *         *         *   350.155    65.313   -16.386    18.590    11.702     1.221     0.143     0.238
         *   176.670   186.670   166.670   140.000    14.000    15.000    16.000    14.000    15.000    10.000     8.620     7.000     1.000     1.000     0.000     1.000     2.000     3.000     4.000     5.000   213.853    57.965    -7.998    14.471    14.539     1.004     0.075     0.210
   360.000         *   316.670   326.670   280.000    18.000    13.000    12.000    15.000    15.000     2.000     3.081    11.000     0.000     1.000     0.000     1.000     2.000     3.000     4.000     5.000   370.894    51.497   -14.515    13.135    14.654     1.003     0.030     0.209
   366.670   353.330   366.670   380.000   316.670    14.000    16.000    18.000    16.000    14.000    -5.000     5.756     9.000     1.000     1.000     0.000     1.000     2.000     3.000     4.000     5.000   395.828    46.481   -14.329    12.747    15.457     1.003     0.049     0.209
   323.330   233.330   223.330   333.330   310.000    15.000    16.000    15.000    14.000    15.000     8.000    14.101    13.000     1.000     1.000     0.000     1.000     2.000     3.000     4.000     5.000   303.560    46.481    -5.304    12.747    14.964     1.003     0.055     0.209
   366.670   570.000         *   516.670   350.000    12.000    12.000    14.000    13.000    13.000     9.000    13.365     5.000     0.000     0.000     0.000     1.000     2.000     3.000     4.000     5.000   471.603    48.140   -10.208    12.747    11.925     1.003     0.337     0.209
   276.670   483.330   490.000         *   446.670    11.000    10.000    11.000    11.000    10.000     9.000     7.175     7.000     1.000     1.000     0.000     1.000     2.000     3.000     4.000     5.000   401.307    46.624     4.619    13.074    10.106     1.004     0.296     0.210
         *   333.330   480.000   463.330   346.670    13.000    10.000    12.000    16.000    14.000         *     5.116     7.000     0.000     1.000     0.000     1.000     2.000     3.000     4.000     5.000   422.360    59.409    -6.190    15.155    12.308     1.015     0.290     0.215
         *   336.670   250.000   346.670   320.000    16.000    15.000    13.000    15.000    15.000         *    15.982     7.000     0.000     1.000     1.000     1.000     2.000     3.000     4.000     5.000   332.625    59.409    -5.781    15.155    14.482     1.015     0.140     0.215
   176.670         *         *         *         *    14.000         *         *         *         *         *     3.593     9.000     0.000     1.000     0.000     1.000         *         *         *         *   234.565    57.478    -1.647    18.007    14.412     1.545     0.097     0.240
         *   223.330   236.670   213.330   193.330    16.000    15.000    16.000    16.000    17.000         *    13.869     5.000     1.000     1.000     1.000     1.000     2.000     3.000     4.000     5.000   256.656    59.409    -9.201    15.155    15.445     1.015     0.146     0.215
         *   273.330         *         *   223.330    13.000    13.000    13.000    12.000    13.000         *     3.506    10.000     0.000     1.000     0.000     1.000     2.000     3.000     4.000     5.000   325.101    64.933   -17.478    15.401    12.877     1.016     0.056     0.216
   160.000         *         *         *         *    18.000    18.000         *         *         *    -5.000    30.427     1.000     0.000     1.000     0.000     1.000     2.000         *         *         *   207.010    57.277   -16.774    16.213    17.838     1.215    -0.298     0.227
   376.670   321.330   250.000   243.330   203.330    13.000    14.000    14.000    15.000    13.000   -16.000     9.379     2.000     0.000     1.000     1.000     1.000     2.000     3.000     4.000     5.000   365.818    46.481   -29.147    12.747    13.663     1.003     0.054     0.209
   336.670         *         *         *         *    20.000         *         *         *         *    -2.000     4.541     7.000     0.000     1.000     0.000     1.000         *         *         *         *   351.127    57.281    -6.721    16.283    18.813     1.541    -0.048     0.227
   643.330   440.000   434.000   376.670   374.000    16.000    14.000    14.000    13.000    14.000    -3.000     3.958     9.000     1.000     0.000     0.000     1.000     2.000     3.000     4.000     5.000   562.502    46.481   -39.482    12.747    13.924     1.003     0.106     0.209
   516.670   406.670   373.330   310.000   300.000    16.000    16.000    14.000    13.000    15.000   -14.000     3.695     8.000     0.000     0.000     0.000     1.000     2.000     3.000     4.000     5.000   494.260    46.481   -39.343    12.747    14.840     1.003    -0.005     0.209
         *   456.670   406.670   340.000   280.000    18.000    18.000    18.000    16.000    15.000         *    10.613    13.000     0.000     1.000     0.000     1.000     2.000     3.000     4.000     5.000   473.487    59.409   -30.959    15.155    17.480     1.015    -0.161     0.215
   333.330   280.000   253.330   213.330   200.000    17.000    16.000    13.000    15.000    12.000     4.000     9.264     3.000     0.000     1.000     0.000     1.000     2.000     3.000     4.000     5.000   320.492    46.481   -19.418    12.747    15.015     1.003    -0.144     0.209
   466.670         *         *         *         *    17.000         *         *         *         *     5.000    12.579    11.000     1.000     1.000     0.000     1.000         *         *         *         *   454.723    57.281   -20.049    16.283    16.612     1.541     0.029     0.227
   336.670         *         *         *         *    13.000         *         *         *         *     1.000     6.903     8.000     0.000     1.000     0.000     1.000         *         *         *         *   357.238    57.281   -11.547    16.283    13.556     1.541     0.122     0.227
   410.000   370.000   303.330   263.330   254.670    14.000    15.000    10.000    12.000    15.000     4.000    10.731    13.000     0.000     0.000     0.000     1.000     2.000     3.000     4.000     5.000   411.210    46.481   -29.252    12.747    12.979     1.003     0.145     0.209
   420.000   330.000   370.000   343.330         *    17.000    15.000    16.000    15.000    20.000    -6.000     3.328     3.000     0.000     0.000     0.000     1.000     2.000     3.000     4.000     5.000   398.107    46.878   -12.422    14.307    15.692     1.005     0.230     0.211
   386.670         *         *         *         *    21.000         *         *         *         *     1.000     5.477    13.000     0.000     1.000     0.000     1.000         *         *         *         *   395.122    57.281    -9.455    16.283    19.952     1.541    -0.047     0.227
   450.000   396.670   310.000         *         *    17.000    16.000    14.000         *         *    -4.000    11.040     7.000     0.000     1.000     1.000     1.000     2.000     3.000         *         *   419.668    47.010   -20.651    15.621    15.500     1.081     0.083     0.223
   343.330   260.000   250.000   223.330   198.000     9.000    11.000     9.000    11.000    10.000    -9.000     4.423    11.000     0.000     0.000     0.000     1.000     2.000     3.000     4.000     5.000   354.041    46.481   -30.892    12.747     9.844     1.003     0.193     0.209
   306.670   200.000   203.330         *         *    13.000    12.000    15.000    17.000    13.000     0.000    17.899    11.000     0.000     0.000     0.000     1.000     2.000     3.000     4.000     5.000   297.360    46.902   -22.871    15.417    13.704     1.008     0.134     0.213
   480.000   230.000         *   206.670   180.000    17.000    14.000    19.000    14.000    17.000    -5.000    12.908     5.000     0.000     1.000     0.000     1.000     2.000     3.000     4.000     5.000   389.925    48.140   -36.889    12.747    16.448     1.003    -0.137     0.209
   326.670         *         *         *         *    15.000         *         *         *         *     4.000    12.943     8.000     0.000     1.000     0.000     1.000         *         *         *         *   344.846    57.281   -10.689    16.283    15.108     1.541     0.048     0.227
   360.000   280.000         *         *         *    12.000    13.000         *         *         *    -4.000    22.991    11.000     0.000     0.000     0.000     1.000     2.000         *         *         *   371.303    48.665   -33.154    16.195    12.904     1.215     0.066     0.226
   326.670   270.000   226.670   220.000         *    16.000    16.000    16.000    14.000         *    -2.000    14.107    11.000     0.000     0.000     0.000     1.000     2.000     3.000     4.000         *   331.029    46.951   -24.967    14.392    15.507     1.024     0.007     0.218
   276.670   260.000         *         *         *    19.000    16.000         *         *         *    -8.000    15.298     5.000     0.000     0.000     0.000     1.000     2.000         *         *         *   306.502    48.665   -18.912    16.195    17.095     1.215    -0.055     0.226
   383.330         *         *         *         *    16.000         *         *         *         *     1.000     6.342    11.000     0.000     1.000     1.000     1.000         *         *         *         *   383.052    57.281    -5.266    16.283    15.865     1.541     0.242     0.227
   463.330   383.330   306.670   260.000         *    17.000    17.000    17.000    15.000         *    -5.000     8.691     0.000     1.000     1.000     1.000     1.000     2.000     3.000     4.000         *   410.366    46.951   -24.647    14.392    16.070     1.024     0.047     0.218
   530.000         *   293.330   261.330   243.330    16.000    13.000    14.000    14.000    14.000    -3.000     1.187    10.000     0.000     1.000     0.000     1.000     2.000     3.000     4.000     5.000   462.042    51.497   -39.629    13.135    14.424     1.003    -0.044     0.209
   366.670   350.000   280.000   150.000   140.000    19.000    16.000    18.000    15.000    22.000    -4.000     6.704    11.000     0.000     0.000     0.000     1.000     2.000     3.000     4.000     5.000   377.575    46.481   -36.884    12.747    17.595     1.003     0.051     0.209
   170.000   153.330         *         *         *    20.000    14.000         *         *         *    -1.000     5.896     5.000     0.000     1.000     1.000     1.000     2.000         *         *         *   181.450    48.665     7.381    16.195    16.558     1.215     0.114     0.226
   510.000   456.670   420.000   404.000   323.330    12.000    12.000    13.000    13.000    13.000     8.000     1.959     8.000     0.000     0.000     0.000     1.000     2.000     3.000     4.000     5.000   491.104    46.481   -23.277    12.747    11.740     1.003     0.338     0.209
   596.670   486.670   433.330   387.330   386.670    18.000    18.000    16.000    17.000    17.000     1.000     6.865     2.000     0.000     1.000     0.000     1.000     2.000     3.000     4.000     5.000   529.341    46.481   -26.923    12.747    17.037     1.003    -0.030     0.209
   443.330   403.330   323.330   310.000   283.330    16.000    14.000    17.000    14.000    20.000    15.000     1.529     8.000     1.000     1.000     0.000     1.000     2.000     3.000     4.000     5.000   403.641    46.481   -15.236    12.747    15.274     1.003     0.253     0.209
   406.670         *         *         *         *    18.000    15.000    13.000    14.000         *    -5.000    19.300     9.000     0.000     1.000     0.000     1.000     2.000     3.000     4.000         *   410.334    57.273   -32.367    16.023    15.640     1.027    -0.213     0.223
   313.330   310.000         *         *         *    15.000    14.000         *         *         *    14.000     6.011     6.000     0.000     1.000     0.000     1.000     2.000         *         *         *   315.678    48.665     5.682    16.195    14.246     1.215     0.214     0.226
   543.330   543.330   520.000   430.000         *    15.000    12.000    15.000    15.000         *   -11.000     9.912     5.000     0.000     0.000     0.000     1.000     2.000     3.000     4.000         *   570.466    46.951   -32.350    14.392    13.868     1.024     0.158     0.218
   716.670   386.670   260.000   263.330   236.670    19.000    12.000    16.000    18.000    12.000     1.000    10.361    11.000     0.000     0.000     0.000     1.000     2.000     3.000     4.000     5.000   548.644    46.481   -59.084    12.747    15.653     1.003    -0.098     0.209
   360.000   301.330   268.000   296.670   300.000    14.000    14.000    13.000    13.000    12.000     0.000     1.800     5.000     1.000     1.000     0.000     1.000     2.000     3.000     4.000     5.000   345.829    46.481   -12.826    12.747    13.144     1.003     0.054     0.209
   110.000         *         *         *         *    14.000         *         *         *         *    -7.000    19.522     9.000     0.000     1.000     1.000     1.000     2.000         *         *         *   173.499    57.281    -8.908    16.283    14.570     1.541     0.053     0.227
   466.670   420.000         *         *         *    11.000    13.000    10.000         *         *    23.000     4.450    11.000     0.000     0.000     0.000     1.000     2.000     3.000         *         *   441.011    48.659    -0.176    16.114    10.768     1.081     0.522     0.225
   233.330   350.000   333.330         *         *    11.000    12.000    10.000         *         *    18.000     6.211    12.000     1.000     1.000     0.000     1.000     2.000     3.000         *         *   304.472    47.010     5.236    15.621    10.906     1.081     0.342     0.223
   413.330         *         *         *         *         *         *         *         *         *     0.000    16.724     3.000     0.000     0.000     0.000     1.000         *         *         *         *   414.611    57.378   -21.120    16.508    13.453     2.972     0.151     0.240
   256.670   606.670   556.670         *         *    18.000         *    15.000         *         *    -1.000     3.678     5.000     0.000     1.000     0.000     1.000     2.000     3.000     4.000         *   438.240    47.029     7.984    15.636    16.262     1.255     0.134     0.224
   450.000   460.000         *         *         *    14.000    15.000         *         *         *     7.000     8.894     9.000     1.000     0.000     0.000     1.000     2.000         *         *         *   463.704    48.665   -15.111    16.195    14.031     1.215     0.300     0.226
   286.670   228.000   210.000   200.000   186.670    15.000    20.000    22.000    16.000    21.000     6.000     1.912    13.000     1.000     1.000     0.000     1.000     2.000     3.000     4.000     5.000   269.850    46.481   -11.039    12.747    18.196     1.003     0.116     0.209
   483.330   406.670   336.670   300.000   286.670    13.000    14.000    15.000    15.000    15.000     9.000     6.257     8.000     0.000     1.000     0.000     1.000     2.000     3.000     4.000     5.000   437.888    46.481   -24.462    12.747    13.963     1.003     0.154     0.209
         *   210.000   190.000         *         *    10.000     9.000    12.000         *         *         *     6.621     5.000     0.000     1.000     0.000     1.000     2.000     3.000         *         *   256.020    60.436   -12.566    18.213    10.506     1.090     0.155     0.234
   470.000   403.330   354.670   310.000         *    13.000    16.000    15.000    12.000         *    -1.000     3.446     6.000     0.000     1.000     0.000     1.000     2.000     3.000     4.000         *   443.181    46.951   -24.451    14.392    13.980     1.024     0.040     0.218
   516.670   443.330   396.670         *         *    10.000    13.000    13.000         *         *    -5.000     3.667    12.000     0.000     0.000     0.000     1.000     2.000     3.000         *         *   505.406    47.010   -30.702    15.621    11.818     1.081     0.299     0.223
   386.670   310.000   263.330   246.670   196.670    12.000    11.000    12.000    12.000    12.000     1.000     6.641     6.000     0.000     1.000     0.000     1.000     2.000     3.000     4.000     5.000   367.709    46.481   -27.307    12.747    11.798     1.003     0.068     0.209
   320.000   293.330         *   300.000   273.330    14.000    14.000    18.000    15.000    16.000     0.000     2.684    11.000     0.000     1.000     0.000     1.000     2.000     3.000     4.000     5.000   334.778    48.140    -9.801    12.747    15.047     1.003     0.137     0.209
   266.670         *         *         *         *     8.000         *         *         *         *    -7.000     8.387     3.000     1.000     0.000     0.000     1.000         *         *         *         *   311.217    57.281   -21.823    16.283     9.042     1.541     0.274     0.227
   243.330   223.330         *         *         *    13.000    13.000         *         *         *   -17.000     8.992    13.000     1.000     1.000     0.000     1.000     2.000         *         *         *   297.773    48.665   -33.218    16.195    13.702     1.215    -0.096     0.226
   453.330   401.330   360.000   380.000   386.670    15.000    17.000    15.000    15.000    16.000     6.000     6.879     9.000     0.000     1.000     0.000     1.000     2.000     3.000     4.000     5.000   427.597    46.481   -11.386    12.747    15.313     1.003     0.104     0.209
         *   243.330   220.000   236.670   250.000    16.000    18.000    18.000    18.000    19.000         *     5.904     5.000     1.000     1.000     0.000     1.000     2.000     3.000     4.000     5.000   260.681    59.409    -3.989    15.155    17.252     1.015     0.088     0.215
   343.330         *         *         *         *    12.000         *         *         *         *    -5.000     4.116     1.000     1.000     0.000     0.000     1.000         *         *         *         *   363.307    57.281   -16.452    16.283    11.830     1.541     0.252     0.227
   510.000   493.330   480.000         *         *    19.000    14.000    16.000    13.000         *    -4.000     8.010     9.000     0.000     0.000     0.000     1.000     2.000     3.000     4.000         *   527.064    46.970   -26.326    15.529    15.421     1.025     0.047     0.220
   536.670         *         *         *         *    13.000         *         *         *         *    -2.000     3.224     9.000     0.000     1.000     0.000     1.000         *         *         *         *   516.459    57.281   -23.493    16.283    13.570     1.541     0.146     0.227
   260.000   240.000   236.670         *         *    23.000    25.000    22.000    23.000         *     0.000     8.943     9.000     0.000     1.000     1.000     1.000     2.000     3.000     4.000         *   249.014    46.970     5.044    15.529    22.641     1.025    -0.007     0.220
   270.000         *         *         *         *    15.000         *         *         *         *    -5.000     0.672     5.000     0.000     1.000     0.000     1.000         *         *         *         *   303.925    57.281    -6.325    16.283    14.891     1.541     0.068     0.227
   466.670         *         *         *         *    22.000         *         *         *         *     1.000     0.412    13.000     0.000     1.000     0.000     1.000         *         *         *         *   456.900    57.281    -9.297    16.283    20.624     1.541    -0.014     0.227
   480.000   493.330   500.000         *         *    21.000    20.000    18.000         *         *    -7.000     0.637     5.000     0.000     1.000     0.000     1.000     2.000     3.000         *         *   496.647    47.010   -11.843    15.621    19.261     1.081    -0.046     0.223
   193.330         *         *         *         *    19.000         *         *         *         *    -4.000     8.056    10.000     1.000     1.000     0.000     1.000         *         *         *         *   245.197    57.281    -8.971    16.283    18.214     1.541    -0.094     0.227
   300.000         *         *         *         *    17.000         *         *         *         *    -1.000     9.113     9.000     0.000     1.000     0.000     1.000         *         *         *         *   327.156    57.281   -10.555    16.283    16.732     1.541    -0.017     0.227
   541.330   510.000   500.000         *         *    17.000    16.000    16.000         *         *     8.000     9.154     8.000     0.000     1.000     0.000     1.000     2.000     3.000         *         *   524.117    47.010   -13.088    15.621    16.024     1.081     0.116     0.223
   273.330         *         *         *         *    12.000         *         *         *         *     6.000     9.860     3.000     0.000     0.000     0.000     1.000         *         *         *         *   304.284    57.281    -3.423    16.283    12.066     1.541     0.301     0.227
   406.670   410.000   470.670         *         *    15.000    15.000    15.000         *         *    -2.000     0.965     7.000     0.000     0.000     0.000     1.000     2.000     3.000         *         *   438.217    47.010    -7.856    15.621    14.430     1.081     0.282     0.223
   266.670         *         *         *         *    16.000    16.000    16.000         *         *     4.000     5.107    13.000     0.000     0.000     0.000     1.000     2.000     3.000         *         *   310.515    57.277    -4.272    16.131    15.586     1.082     0.224     0.226
   243.330   256.670   310.000         *         *    20.000    20.000    16.000         *         *     6.000     0.804     9.000     0.000     1.000     0.000     1.000     2.000     3.000         *         *   268.605    47.010     7.970    15.621    18.337     1.081     0.026     0.223
   380.000   384.670   380.000         *         *    24.000    25.000    25.000         *         *     1.000     2.454    11.000     1.000     1.000     0.000     1.000     2.000     3.000         *         *   385.303    47.010    -2.597    15.621    23.810     1.081    -0.077     0.223
   360.000   354.670         *         *         *    15.000    15.000         *         *         *    -1.000    15.665    10.000     0.000     1.000     0.000     1.000     2.000         *         *         *   384.394    48.665   -20.837    16.195    15.222     1.215    -0.021     0.226
   240.000   236.670   196.670         *         *    14.000    12.000    14.000         *         *     5.000     6.422     5.000     0.000     1.000     0.000     1.000     2.000     3.000         *         *   250.360    47.010    -4.132    15.621    13.256     1.081     0.115     0.223
   226.670   246.670   250.000         *         *    13.000    14.000    14.000         *         *   -21.000     8.094     7.000     0.000     1.000     0.000     1.000     2.000     3.000         *         *   298.931    47.010   -25.900    15.621    14.096     1.081    -0.103     0.223
   448.670         *         *         *         *    16.000    16.000         *         *         *     5.000     4.565     3.000     1.000     0.000     0.000     1.000     2.000         *         *         *   437.618    57.277    -9.508    16.213    15.098     1.215     0.266     0.227
   263.330         *         *         *         *    10.000         *         *         *         *     4.000     8.423     5.000     1.000     1.000     1.000     1.000         *         *         *         *   284.917    57.281    -1.681    16.283    10.730     1.541     0.384     0.227
   336.670   310.000         *         *         *    25.000    17.000    18.000         *         *     0.000     0.724     7.000     0.000     1.000     1.000     1.000     2.000     3.000         *         *   322.611    48.659     4.111    16.114    19.432     1.081     0.063     0.225
   230.000   236.670         *         *         *    24.000    20.000         *         *         *    -7.000     3.060     8.000     0.000     1.000     1.000     1.000     2.000         *         *         *   246.860    48.665     3.838    16.195    21.082     1.215    -0.009     0.226
   280.000   286.670         *         *         *    19.000    17.000    15.000         *         *     8.000     4.010     7.000     1.000     1.000     0.000     1.000     2.000     3.000         *         *   294.659    48.659     0.624    16.114    16.670     1.081     0.051     0.225
   310.000   310.000   300.000         *         *    25.000    23.000    18.000         *         *    -7.000     1.578    11.000     0.000     1.000     0.000     1.000     2.000     3.000         *         *   332.284    47.010    -9.492    15.621    21.905     1.081    -0.238     0.223
   316.670   310.670   300.000         *         *    19.000    19.000    16.000         *         *    13.000     2.802     8.000     0.000     0.000     0.000     1.000     2.000     3.000         *         *   311.542    47.010     5.779    15.621    17.208     1.081     0.225     0.223
   453.330   443.330   433.330         *         *     9.000     9.000    11.000         *         *     2.000     4.913    -2.000     0.000     0.000     0.000     1.000     2.000     3.000         *         *   457.606    47.010   -12.422    15.621     9.109     1.081     0.426     0.223
   196.670   203.330         *         *         *    20.000    16.000         *         *         *    -1.000     6.101     6.000     0.000     1.000     0.000     1.000     2.000         *         *         *   227.132    48.665    -0.681    16.195    17.677     1.215    -0.066     0.226
   283.330   283.330   286.670         *         *    18.000    21.000    20.000         *         *     3.000     2.630     9.000     1.000     1.000     0.000     1.000     2.000     3.000         *         *   296.259    47.010    -0.611    15.621    19.055     1.081     0.047     0.223
   380.000   386.670   343.330         *         *    13.000    13.000    11.000         *         *     3.000     4.609    -1.000     1.000     1.000     0.000     1.000     2.000     3.000         *         *   386.079    47.010   -10.368    15.621    12.072     1.081     0.156     0.223
   420.000   450.000         *         *         *    15.000    14.000    15.000         *         *     5.000    15.290    12.000     0.000     0.000     0.000     1.000     2.000     3.000         *         *   452.188    48.659   -19.274    16.114    14.420     1.081     0.201     0.225
   296.670   300.000         *         *         *    17.000    17.000         *         *         *    -4.000     3.826     9.000     0.000     1.000     0.000     1.000     2.000         *         *         *   323.809    48.665    -9.511    16.195    16.833     1.215    -0.001     0.226
   333.330         *         *         *         *    15.000         *         *         *         *    -1.000     9.830    11.000     0.000     1.000     0.000     1.000         *         *         *         *   357.699    57.281   -15.621    16.283    15.356     1.541     0.025     0.227
   276.670         *         *         *         *    12.000         *         *         *         *     1.000     3.467    11.000     1.000     0.000     0.000     1.000         *         *         *         *   321.272    57.281   -11.453    16.283    12.461     1.541     0.307     0.227
   496.670         *         *         *         *    11.000         *         *         *         *     5.000     6.353     4.000     1.000     1.000     1.000     1.000         *         *         *         *   463.569    57.281   -10.558    16.283    11.311     1.541     0.416     0.227
   196.670         *         *         *         *    19.000         *         *         *         *     6.000    10.523     5.000     0.000     0.000     0.000     1.000         *         *         *         *   240.365    57.281     4.894    16.283    17.551     1.541     0.124     0.227
   340.000         *         *         *         *    15.000         *         *         *         *    -5.000     5.578     9.000     0.000     0.000     0.000     1.000         *         *         *         *   368.914    57.281   -16.261    16.283    14.864     1.541     0.163     0.227
   203.330   200.000         *         *         *    12.000    12.000         *         *         *    -9.000     1.357     5.000     0.000     1.000     0.000     1.000     2.000         *         *         *   243.656    48.665   -10.726    16.195    12.345     1.215     0.076     0.226
   316.670   306.670         *         *         *    16.000    16.000         *         *         *     9.000     4.946     9.000     0.000     0.000     0.000     1.000     2.000         *         *         *   326.828    48.665     0.611    16.195    15.424     1.215     0.278     0.226
   286.670   300.000         *         *         *    22.000    22.000         *         *         *     6.000     0.634     9.000     0.000     1.000     0.000     1.000     2.000         *         *         *   297.548    48.665     8.630    16.195    21.015     1.215     0.006     0.226
   383.330         *         *         *         *    18.000         *         *         *         *     2.000    11.802     1.000     0.000     1.000     0.000     1.000         *         *         *         *   377.815    57.281    -8.820    16.283    16.887     1.541    -0.021     0.227
   256.670         *         *         *         *    12.000         *         *         *         *     7.000     1.600     5.000     0.000     1.000     0.000     1.000         *         *         *         *   288.663    57.281     3.855    16.283    12.448     1.541     0.251     0.227
   260.000   266.670         *         *         *    16.000    17.000         *         *         *    -1.000     0.946     5.000     0.000     1.000     0.000     1.000     2.000         *         *         *   282.188    48.665    -0.428    16.195    16.123     1.215     0.071     0.226
   376.670         *         *         *         *    16.000    18.000         *         *         *    -2.000    13.097     6.000     0.000     1.000     0.000     1.000     2.000         *         *         *   384.584    57.277   -16.428    16.213    16.755     1.215    -0.040     0.227
   316.670   300.000         *         *         *    18.000    14.000         *         *         *   -10.000     0.760     9.000     1.000     0.000     0.000     1.000     2.000         *         *         *   347.461    48.665   -19.395    16.195    15.663     1.215     0.095     0.226
   446.670   420.000         *         *         *    18.000    20.000         *         *         *     2.000     3.670     9.000     0.000     1.000     0.000     1.000     2.000         *         *         *   437.545    48.665    -8.991    16.195    18.408     1.215     0.048     0.226
   563.330   560.000         *         *         *    14.000    10.000         *         *         *     8.000     1.570    13.000     0.000     0.000     0.000     1.000     2.000         *         *         *   564.182    48.665   -17.511    16.195    12.030     1.215     0.411     0.226
   210.000         *         *         *         *    20.000         *         *         *         *    -8.000     7.703     9.000     1.000     0.000     0.000     1.000         *         *         *         *   264.111    57.281   -12.766    16.283    18.599     1.541    -0.016     0.227
   150.000   136.670         *         *         *    15.000    13.000         *         *         *   -14.000    12.081     2.000     0.000     1.000     1.000     1.000     2.000         *         *         *   183.303    48.665   -10.009    16.195    14.039     1.215     0.033     0.226
   233.330   250.000         *         *         *    19.000    16.000         *         *         *    -2.000     4.078     7.000     1.000     1.000     0.000     1.000     2.000         *         *         *   268.225    48.665    -5.808    16.195    17.133     1.215    -0.026     0.226
   263.330         *         *         *         *    16.000         *         *         *         *   -14.000     7.958    11.000     1.000     1.000     0.000     1.000         *         *         *         *   310.458    57.281   -26.191    16.283    16.139     1.541    -0.121     0.227
   263.330   270.000         *         *         *    17.000    20.000         *         *         *     7.000     3.224     5.000     0.000     1.000     0.000     1.000     2.000         *         *         *   273.453    48.665     8.260    16.195    17.742     1.215     0.098     0.226
   463.330         *         *         *         *    12.000         *         *         *         *     8.000     3.147     8.000     0.000     0.000     0.000     1.000     2.000         *         *         *   458.276    57.281    -9.513    16.283    12.253     1.541     0.403     0.227
   123.330         *         *         *         *    18.000         *         *         *         *     0.000    12.579     7.000     0.000     1.000     1.000     1.000         *         *         *         *   173.412    57.281     7.146    16.283    17.265     1.541     0.102     0.227
   300.000         *         *         *         *    14.000         *         *         *         *    -5.000     3.467     8.000     0.000     0.000     0.000     1.000         *         *         *         *   337.687    57.281   -12.778    16.283    14.018     1.541     0.203     0.227
   323.330         *         *         *         *    11.000         *         *         *         *     3.000     1.658     9.000     1.000     0.000     0.000     1.000         *         *         *         *   354.732    57.281   -10.312    16.283    11.493     1.541     0.374     0.227
   300.000         *         *         *         *    20.000         *         *         *         *    10.000     7.500    11.000     0.000     1.000     0.000     1.000         *         *         *         *   319.948    57.281     3.507    16.283    18.964     1.541     0.041     0.227
   176.670         *         *         *         *    12.000         *         *         *         *    -5.000     4.070     9.000     0.000     1.000     0.000     1.000         *         *         *         *   239.403    57.281    -8.314    16.283    12.968     1.541     0.093     0.227
   293.330         *         *         *         *    14.000         *         *         *         *    -2.000     6.676    11.000     0.000     0.000     0.000     1.000         *         *         *         *   334.276    57.281   -13.264    16.283    14.229     1.541     0.200     0.227
   256.670         *         *         *         *    12.000         *         *         *         *    10.000    13.080     5.000     0.000     0.000     0.000     1.000         *         *         *         *   291.096    57.281    -1.779    16.283    12.193     1.541     0.309     0.227
   326.670         *         *         *         *    14.000         *         *         *         *   -10.000     4.333     5.000     0.000     1.000     1.000     1.000         *         *         *         *   340.179    57.281   -10.565    16.283    14.077     1.541     0.192     0.227
   300.000         *         *         *         *    13.000         *         *         *         *     8.000     6.427     5.000     1.000     1.000     0.000     1.000         *         *         *         *   319.704    57.281    -3.215    16.283    13.072     1.541     0.197     0.227
   463.330         *         *         *         *    17.000         *         *         *         *    10.000     6.266     8.000     0.000     1.000     0.000     1.000         *         *         *         *   445.978    57.281    -5.355    16.283    16.412     1.541     0.141     0.227
   346.670         *         *         *         *    19.000         *         *         *         *     8.000     2.066     8.000     0.000     0.000     1.000     1.000         *         *         *         *   349.107    57.281    10.989    16.283    17.424     1.541     0.421     0.227
   523.330         *         *         *         *    10.000         *         *         *         *     0.000     2.975     5.000     0.000     0.000     0.000     1.000         *         *         *         *   508.037    57.281   -21.055    16.283    10.624     1.541     0.376     0.227
   203.330         *         *         *         *    14.000         *         *         *         *   -18.000    12.491    17.000     1.000     1.000     0.000     1.000         *         *         *         *   276.041    57.281   -35.310    16.283    15.183     1.541    -0.169     0.227
   370.000         *         *         *         *    13.000         *         *         *         *     0.000     1.784     3.000     0.000     1.000     1.000     1.000         *         *         *         *   365.949    57.281    -0.316    16.283    12.980     1.541     0.348     0.227
   366.670         *         *         *         *    18.000         *         *         *         *     3.000    13.641    13.000     0.000     1.000     1.000     1.000         *         *         *         *   368.709    57.281    -7.103    16.283    17.592     1.541     0.144     0.227
   193.330         *         *         *         *    12.000         *         *         *         *     0.000     4.146     9.000     1.000     1.000     0.000     1.000         *         *         *         *   248.649    57.281    -7.038    16.283    12.720     1.541     0.146     0.227
   560.000         *         *         *         *    18.000         *         *         *         *    -5.000     4.513     7.000     0.000     1.000     0.000     1.000         *         *         *         *   528.702    57.281   -23.723    16.283    17.278     1.541    -0.009     0.227
   436.670         *         *         *         *    10.000         *         *         *         *     0.000     2.241    13.000     0.000     1.000     1.000     1.000         *         *         *         *   434.325    57.281   -12.170    16.283    11.401     1.541     0.414     0.227
   323.330         *         *         *         *    16.000         *         *         *         *    -2.000     3.700     5.000     1.000     1.000     0.000     1.000         *         *         *         *   341.648    57.281   -10.521    16.283    15.460     1.541     0.053     0.227
   236.670         *         *         *         *     9.000         *         *         *         *    -7.000     2.014     9.000     1.000     1.000     0.000     1.000         *         *         *         *   290.107    57.281   -17.610    16.283    10.510     1.541     0.168     0.227
   266.670         *         *         *         *    11.000         *         *         *         *    -5.000     2.249     5.000     0.000     0.000     0.000     1.000         *         *         *         *   310.812    57.281   -10.858    16.283    11.522     1.541     0.282     0.227
   476.670         *         *         *         *    14.000         *         *         *         *     5.000     2.682    10.000     0.000     1.000     0.000     1.000         *         *         *         *   465.701    57.281   -12.199    16.283    14.304     1.541     0.193     0.227
   236.670         *         *         *         *    13.000         *         *         *         *    -2.000     2.980    13.000     0.000     0.000     0.000     1.000         *         *         *         *   294.358    57.281    -9.323    16.283    13.581     1.541     0.252     0.227
   336.670         *         *         *         *    19.000         *         *         *         *     8.000     4.730     5.000     0.000     1.000     0.000     1.000         *         *         *         *   342.898    57.281     3.886    16.283    17.763     1.541     0.078     0.227
   226.670         *         *         *         *    11.000         *         *         *         *     4.000     6.370     4.000     1.000     1.000     1.000     1.000         *         *         *         *   254.291    57.281     3.200    16.283    11.402     1.541     0.377     0.227
   280.000         *         *         *         *    17.000         *         *         *         *    15.000     6.567     5.000     1.000     1.000     1.000     1.000         *         *         *         *   283.997    57.281    15.977    16.283    15.848     1.541     0.355     0.227
   400.000         *         *         *         *    12.000         *         *         *         *     0.000     3.960     5.000     1.000     1.000     0.000     1.000         *         *         *         *   403.912    57.281   -16.074    16.283    12.375     1.541     0.172     0.227
