         *         *         *   353.330   400.000    13.000    13.000    15.000    11.000    12.000         *     7.547     5.000     0.000     0.000     0.000     1.000     2.000     3.000     4.000     5.000   406.051    82.028    -7.603    17.231    12.617     0.557     0.035     0.061
         *         *         *         *   416.670    15.000    15.000    15.000    15.000    15.000         *     2.742     7.000     1.000     1.000     1.000     1.000     2.000     3.000     4.000     5.000   385.683    90.194     3.268    17.281    14.097     0.560     0.242     0.065
         *         *         *         *   350.000    14.000    14.000    14.000    15.000    14.000         *     4.270     7.000     1.000     1.000     0.000     1.000     2.000     3.000     4.000     5.000   391.083    90.194    -9.201    17.281    13.566     0.560     0.170     0.065
         *         *         *         *   293.330    10.000     9.000     7.000    10.000         *         *     0.604     6.000     0.000     0.000     1.000     1.000     2.000     3.000     4.000     5.000   349.386    90.216    -9.137    17.281     8.997     0.608     0.121     0.066
         *   446.670   423.330   453.330   396.670     8.000     7.000    11.000     7.000    11.000         *    15.692     5.000     1.000     1.000     1.000     1.000     2.000     3.000     4.000     5.000   456.225    59.232   -12.181    15.100     9.156     0.555    -0.010     0.059
         *         *         *         *   346.670         *    13.000    14.000    13.000    13.000         *     2.860     8.000     0.000     0.000     0.000     1.000     2.000     3.000     4.000     5.000   408.205    90.266   -11.370    17.287    12.770     0.620     0.111     0.065
         *         *         *         *   533.330         *    15.000    12.000    12.000    15.000         *     1.321    13.000     0.000     0.000     0.000     1.000     2.000     3.000     4.000     5.000   504.416    90.266    -3.800    17.287    12.813     0.620     0.203     0.065
         *         *         *         *   363.330    14.000    15.000         *    15.000    14.000         *     3.634     5.000     0.000     1.000     1.000     1.000     2.000     3.000     4.000     5.000   360.130    90.194     1.753    17.284    14.230     0.613     0.020     0.065
         *         *         *         *   456.670    13.000    11.000    10.000         *         *         *     4.177     0.000     0.000     1.000     1.000     1.000     2.000     3.000     4.000     5.000   388.823    90.247     6.396    17.283    11.356     0.680     0.050     0.066
         *         *   458.330   506.670   466.670     9.000     9.000     8.000    10.000    10.000         *    10.334     2.000     0.000     0.000     0.000     1.000     2.000     3.000     4.000     5.000   491.253    71.555    -8.871    16.548     9.297     0.555     0.048     0.060
         *         *         *         *   313.330    15.000    15.000    13.000    14.000    14.000         *     5.751     5.000     0.000     1.000     0.000     1.000     2.000     3.000     4.000     5.000   366.841    90.194    -9.296    17.281    14.226     0.560    -0.064     0.065
         *         *         *         *   403.330    15.000    14.000    15.000    14.000    15.000         *     3.826     7.000     1.000     1.000     0.000     1.000     2.000     3.000     4.000     5.000   412.681    90.194    -5.839    17.281    13.849     0.560     0.202     0.065
         *         *         *         *   366.670    13.000    12.000    15.000    13.000    13.000         *     3.180    13.000     0.000     0.000     0.000     1.000     2.000     3.000     4.000     5.000   431.713    90.194   -13.226    17.281    12.912     0.560     0.090     0.065
         *         *         *         *   201.670    13.000     8.000    13.000    10.000    10.000         *    12.631     1.000     0.000     1.000     0.000     1.000     2.000     3.000     4.000     5.000   309.790    90.194   -18.177    17.281    11.610     0.560    -0.258     0.065
         *         *         *   466.670   430.000    15.000    15.000    15.000    15.000    15.000         *    18.361     5.000     0.000     0.000     0.000     1.000     2.000     3.000     4.000     5.000   464.699    82.028    -8.277    17.231    15.084     0.557    -0.118     0.061
         *         *         *         *   460.000    15.000    14.000    13.000    15.000    15.000         *     4.861     7.000     0.000     1.000     0.000     1.000     2.000     3.000     4.000     5.000   442.354    90.194    -2.382    17.281    14.224     0.560     0.022     0.065
         *         *         *         *   343.330    13.000    12.000    13.000    13.000    13.000         *     8.642     2.000     0.000     1.000     1.000     1.000     2.000     3.000     4.000     5.000   346.068    90.194    -0.747    17.281    12.979     0.560    -0.083     0.065
         *         *         *         *   283.330    15.000    15.000    15.000    14.000    15.000         *    12.464     9.000     0.000     1.000     0.000     1.000     2.000     3.000     4.000     5.000   366.310    90.194   -14.449    17.281    15.272     0.560    -0.223     0.065
         *         *         *         *   298.330     7.000    10.000     8.000    11.000    10.000         *     6.972    -4.000     1.000     1.000     0.000     1.000     2.000     3.000     4.000     5.000   350.764    90.194   -11.965    17.281     8.997     0.560     0.129     0.065
         *         *         *         *   356.670    12.000    10.000    10.000    12.000    13.000         *     7.090     5.000     1.000     1.000     0.000     1.000     2.000     3.000     4.000     5.000   394.053    90.194   -11.688    17.281    11.158     0.560     0.113     0.065
         *         *         *         *   460.000    15.000    15.000    13.000    14.000    14.000         *     4.368     6.000     0.000     0.000     0.000     1.000     2.000     3.000     4.000     5.000   448.886    90.194    -3.313    17.281    13.618     0.560     0.141     0.065
         *         *         *         *    96.670     5.000     6.000     7.000     7.000     3.000         *    17.337     7.000     0.000     1.000     1.000     1.000     2.000     3.000     4.000     5.000   255.513    90.194   -25.960    17.281     7.467     0.560    -0.453     0.065
         *         *         *         *   280.000     9.000    11.000    12.000    10.000    10.000         *    11.517     5.000     0.000     1.000     0.000     1.000     2.000     3.000     4.000     5.000   362.224    90.194   -16.633    17.281    11.177     0.560    -0.210     0.065
         *         *         *   166.670   383.330    14.000    15.000    14.000    14.000    13.000         *     4.157     5.000     0.000     1.000     0.000     1.000     2.000     3.000     4.000     5.000   297.986    82.028    -1.659    17.231    14.033     0.557    -0.061     0.061
         *         *         *         *   416.670    13.000    14.000    14.000    13.000    14.000         *     3.287     5.000     0.000     1.000     0.000     1.000     2.000     3.000     4.000     5.000   418.352    90.194    -3.968    17.281    13.414     0.560     0.038     0.065
         *         *         *         *   296.670     9.000     8.000     9.000    11.000     6.000         *     8.289    -2.000     1.000     1.000     0.000     1.000     2.000     3.000     4.000     5.000   347.300    90.194   -13.233    17.281     8.646     0.560     0.065     0.065
         *         *         *   323.330   450.000    13.000    13.000    15.000    13.000    14.000         *     2.463     5.000     0.000     0.000     0.000     1.000     2.000     3.000     4.000     5.000   396.279    82.028    -1.909    17.231    13.006     0.557     0.158     0.061
         *         *         *         *   213.330    11.000    14.000    14.000    10.000    13.000         *     4.615     9.000     1.000     1.000     0.000     1.000     2.000     3.000     4.000     5.000   334.633    90.194   -19.708    17.281    12.186     0.560     0.074     0.065
         *         *         *         *   476.670    14.000    15.000    14.000    14.000    15.000         *     3.095     9.000     0.000     0.000     1.000     1.000     2.000     3.000     4.000     5.000   435.434    90.194     3.765    17.281    13.729     0.560     0.179     0.065
         *         *         *         *   353.330    14.000    15.000    14.000    12.000    15.000         *     8.431     7.000     0.000     1.000     0.000     1.000     2.000     3.000     4.000     5.000   392.041    90.194    -9.429    17.281    14.201     0.560    -0.107     0.065
         *         *         *         *   413.330    15.000    13.000    14.000    13.000    14.000         *     4.251     7.000     0.000     1.000     0.000     1.000     2.000     3.000     4.000     5.000   418.488    90.194    -5.167    17.281    13.722     0.560     0.001     0.065
         *         *         *         *   366.670     9.000    12.000    12.000    10.000    10.000         *     4.034     5.000     0.000     1.000     0.000     1.000     2.000     3.000     4.000     5.000   399.160    90.194    -9.754    17.281    10.838     0.560    -0.022     0.065
         *         *         *         *   150.000    15.000    13.000    13.000    15.000    14.000         *     6.071     9.000     0.000     1.000     0.000     1.000     2.000     3.000     4.000     5.000   307.731    90.194   -20.825    17.281    14.325     0.560    -0.159     0.065
         *         *         *         *   366.670    12.000    15.000    15.000    13.000    15.000         *     0.793    13.000     0.000     0.000     0.000     1.000     2.000     3.000     4.000     5.000   432.978    90.194   -12.088    17.281    13.472     0.560     0.150     0.065
         *         *         *         *   245.000    10.000    10.000    12.000     9.000    11.000         *     3.248    11.000     0.000     1.000     1.000     1.000     2.000     3.000     4.000     5.000   327.498    90.194   -12.296    17.281    10.865     0.560    -0.084     0.065
         *         *         *         *   183.330    13.000    12.000    13.000    15.000    12.000         *     8.530     5.000     1.000     1.000     0.000     1.000     2.000     3.000     4.000     5.000   313.242    90.194   -19.268    17.281    12.866     0.560     0.011     0.065
         *         *         *         *   310.000    15.000    14.000    14.000    15.000    13.000         *     8.741     6.000     0.000     1.000     1.000     1.000     2.000     3.000     4.000     5.000   336.656    90.194    -3.036    17.281    14.395     0.560    -0.121     0.065
         *         *         *         *   326.670     5.000     7.000     8.000     7.000    10.000         *     4.270     2.000     1.000     1.000     0.000     1.000     2.000     3.000     4.000     5.000   383.225    90.194   -15.384    17.281     7.345     0.560     0.159     0.065
         *         *         *         *   283.330    11.000    12.000    12.000         *    11.000         *     0.886     5.000     1.000     1.000     1.000     1.000     2.000     3.000     4.000     5.000   324.220    90.212    -5.742    17.283    11.018     0.609     0.205     0.066
         *         *         *         *   363.330    15.000    13.000    15.000    15.000    15.000         *    13.795    12.000     0.000     1.000     0.000     1.000     2.000     3.000     4.000     5.000   414.539    90.194   -12.554    17.281    15.143     0.560    -0.222     0.065
         *         *         *         *   206.670    13.000    15.000    12.000         *    11.000         *     9.455     3.000     0.000     1.000     1.000     1.000     2.000     3.000     4.000     5.000   279.646    90.212    -8.419    17.283    13.132     0.609    -0.186     0.066
         *         *         *         *   630.000    15.000     9.000    14.000         *    15.000         *     2.304     6.000     0.000     1.000     0.000     1.000     2.000     3.000     4.000     5.000   520.612    90.212     6.571    17.283    12.867     0.609     0.156     0.066
         *         *         *   303.330         *     9.000    15.000    12.000    11.000    13.000         *    11.128     7.000     0.000     1.000     0.000     1.000     2.000     3.000     4.000     5.000   372.024    82.754   -15.111    18.033    12.605     0.559    -0.189     0.065
         *         *         *   326.670         *    14.000    13.000    14.000    14.000    15.000         *     5.858     5.000     0.000     0.000     0.000     1.000     2.000     3.000     4.000     5.000   383.209    82.754    -9.965    18.033    13.618     0.559     0.065     0.065
         *         *         *   220.000         *    14.000    15.000    15.000    14.000    14.000         *     7.331     7.000     0.000     0.000     0.000     1.000     2.000     3.000     4.000     5.000   323.444    82.754   -14.508    18.033    14.259     0.559    -0.034     0.065
         *         *   346.670         *         *    14.000    14.000    14.000         *         *         *     3.251     9.000     0.000     1.000     1.000     1.000     2.000     3.000         *         *   356.326    73.942    -0.640    18.380    13.873     0.678    -0.007     0.068
         *         *         *   275.000   396.670    15.000    15.000    15.000    15.000    15.000         *     6.843     9.000     0.000     1.000     0.000     1.000     2.000     3.000     4.000     5.000   362.250    82.028    -4.748    17.231    15.083     0.557    -0.088     0.061
         *         *         *   373.330         *    15.000    14.000    15.000    15.000    15.000         *     1.797    14.000     1.000     0.000     0.000     1.000     2.000     3.000     4.000     5.000   425.980    82.754   -13.192    18.033    13.734     0.559     0.307     0.065
         *         *         *   573.330   590.000    14.000    14.000    15.000    13.000    15.000         *     3.667     7.000     0.000     1.000     0.000     1.000     2.000     3.000     4.000     5.000   528.065    82.028     3.751    17.231    13.797     0.557     0.119     0.061
         *         *         *   486.670         *    14.000    13.000    14.000    11.000    13.000         *     1.504    11.000     1.000     1.000     0.000     1.000     2.000     3.000     4.000     5.000   475.141    82.754    -9.108    18.033    12.322     0.559     0.244     0.065
         *         *         *   257.330   300.000     9.000    12.000    13.000    14.000    14.000         *     8.535     5.000     0.000     1.000     0.000     1.000     2.000     3.000     4.000     5.000   345.347    82.028   -12.273    17.231    12.757     0.557    -0.121     0.061
         *         *         *   366.670         *    13.000    14.000    13.000    11.000     9.000         *     7.752     3.000     0.000     1.000     0.000     1.000     2.000     3.000     4.000     5.000   383.834    82.754   -10.288    18.033    12.325     0.559    -0.109     0.065
         *         *         *   608.330   573.330    15.000    12.000    14.000    15.000    14.000         *     9.535    11.000     0.000     1.000     0.000     1.000     2.000     3.000     4.000     5.000   553.796    82.028    -1.754    17.231    14.044     0.557    -0.014     0.061
         *         *         *   338.330   413.330    14.000    14.000    14.000    15.000    13.000         *    10.687     5.000     0.000     0.000     1.000     1.000     2.000     3.000     4.000     5.000   366.310    82.028     1.632    17.231    13.829     0.557    -0.006     0.061
         *         *         *   331.000   283.330    14.000    14.000    14.000    15.000    14.000         *     9.600     5.000     1.000     0.000     0.000     1.000     2.000     3.000     4.000     5.000   378.235    82.028   -15.047    17.231    13.483     0.557     0.163     0.061
         *         *         *   290.000   293.330    14.000    13.000    15.000    13.000    14.000         *     3.541     5.000     1.000     1.000     0.000     1.000     2.000     3.000     4.000     5.000   348.596    82.028   -10.996    17.231    13.199     0.557     0.157     0.061
         *         *   483.330   236.670   390.000    11.000    13.000     9.000    13.000    14.000         *     3.930     9.000     1.000     1.000     1.000     1.000     2.000     3.000     4.000     5.000   414.101    71.555   -12.044    16.548    11.539     0.555     0.183     0.060
         *         *         *   505.000   553.330    15.000    15.000    13.000         *    15.000         *     0.864     9.000     0.000     1.000     0.000     1.000     2.000     3.000     4.000     5.000   490.656    82.033     2.635    17.235    14.055     0.608     0.133     0.061
         *         *         *   238.330   386.670    15.000    12.000    14.000    11.000    15.000         *     3.139     5.000     0.000     1.000     0.000     1.000     2.000     3.000     4.000     5.000   337.295    82.028    -3.596    17.231    13.373     0.557    -0.018     0.061
         *         *         *   233.330   240.000     7.000     5.000     7.000    11.000     4.000         *     7.582     9.000     0.000     0.000     0.000     1.000     2.000     3.000     4.000     5.000   349.701    82.028   -24.257    17.231     7.523     0.557    -0.093     0.061
         *         *         *   326.000   390.000    10.000     8.000    11.000     9.000    13.000         *     1.483     6.000     0.000     0.000     0.000     1.000     2.000     3.000     4.000     5.000   404.276    82.028   -10.378    17.231     9.942     0.557     0.147     0.061
         *         *         *   353.330   330.000    12.000    13.000         *    10.000    12.000         *     4.713     9.000     0.000     0.000     0.000     1.000     2.000     3.000     4.000     5.000   408.308    82.028   -14.951    17.234    11.668     0.610     0.047     0.061
   126.670         *         *         *         *     9.000     6.000         *         *         *   -12.000     2.271     9.000     0.000     0.000     1.000     1.000     2.000         *         *         *   196.893    57.029   -10.362    15.879     8.375     0.797    -0.028     0.073
   223.330   276.670         *         *         *    12.000    12.000         *         *         *     3.500     2.687    11.000     1.000     1.000     0.000     1.000     2.000         *         *         *   276.092    48.361    -3.890    15.863    12.017     0.797     0.101     0.068
   593.330   523.330   300.000   560.000   380.000    14.000    12.000    12.000    12.000    14.000     1.000    10.712     9.000     0.000     0.000     0.000     1.000     2.000     3.000     4.000     5.000   541.708    46.234   -26.800    12.647    12.758     0.554     0.001     0.058
   296.670         *         *         *         *    12.000         *         *         *         *     0.000     7.996     5.000     1.000     1.000     0.000     1.000         *         *         *         *   322.334    57.051   -12.677    15.949    11.970     1.030     0.040     0.073
   343.330   370.000   366.670   230.000   260.000    11.000    12.000    14.000    13.000    14.000    -8.000     6.238     5.000     0.000     0.000     0.000     1.000     2.000     3.000     4.000     5.000   391.004    46.234   -24.241    12.647    12.595     0.554     0.034     0.058
   223.330         *         *         *         *    11.000         *         *         *         *   -11.000    14.715     5.000     0.000     0.000     0.000     1.000         *         *         *         *   279.132    57.051   -23.731    15.949    11.374     1.030    -0.230     0.073
   233.330   363.330         *         *         *    15.000    14.000         *         *         *    -1.000    15.259    13.000     1.000     0.000     1.000     1.000     2.000         *         *         *   312.710    48.361    -5.807    15.863    14.092     0.797    -0.001     0.068
   260.000   273.330         *   433.330   140.000     7.000     6.000     8.000     6.000     5.000     6.000     0.856     6.000     0.000     0.000     0.000     1.000     2.000     3.000     4.000     5.000   315.581    47.892   -10.737    12.648     6.724     0.554     0.048     0.059
   445.000   443.330   303.330   680.000   583.330    15.000    14.000    14.000    15.000    15.000    -8.000    13.819    13.000     0.000     0.000     0.000     1.000     2.000     3.000     4.000     5.000   454.522    46.234     7.105    12.647    14.573     0.554    -0.017     0.058
   303.330   466.670         *   363.330   303.330    12.000    12.000    12.000    14.000    13.000    -1.000    11.769     7.000     0.000     1.000     1.000     1.000     2.000     3.000     4.000     5.000   384.376    47.892    -9.177    12.648    13.075     0.554    -0.161     0.059
   643.330   670.000   523.330   566.670   486.670    11.000    13.000    15.000    14.000    15.000    10.000     2.605    11.000     1.000     0.000     0.000     1.000     2.000     3.000     4.000     5.000   632.841    46.234   -22.662    12.647    12.303     0.554     0.423     0.058
   225.000         *         *         *         *    14.000    13.000    15.000    14.000    15.000     4.000    16.453     9.000     1.000     0.000     1.000     1.000     2.000     3.000     4.000     5.000   263.340    56.929     1.217    15.726    14.042     0.561    -0.015     0.070
   390.000         *   440.000   320.000   313.330    14.000    14.000    15.000    15.000    15.000     0.000     7.265     6.000     1.000     1.000     1.000     1.000     2.000     3.000     4.000     5.000   399.335    51.225   -11.005    13.031    14.008     0.554     0.134     0.059
   513.330   453.330         *   456.670   446.670    13.000    13.000    14.000    12.000    13.000    -2.000     1.272     9.000     0.000     1.000     0.000     1.000     2.000     3.000     4.000     5.000   496.401    47.892   -13.497    12.648    12.788     0.554     0.082     0.059
   430.000   380.000         *   403.330         *    14.000    14.000    14.000    14.000    12.000     3.000     9.091    10.000     0.000     1.000     1.000     1.000     2.000     3.000     4.000     5.000   408.045    47.987    -5.102    14.265    13.883     0.555    -0.112     0.062
   473.330         *         *         *         *     9.000         *         *         *         *    -3.000    11.728    11.000     0.000     1.000     1.000     1.000         *         *         *         *   458.758    57.051   -24.077    15.949    10.576     1.030    -0.189     0.073
   286.670   243.330   306.670   276.670         *    14.000    13.000    10.000    15.000    15.000    14.000     1.737    13.000     0.000     1.000     0.000     1.000     2.000     3.000     4.000     5.000   281.682    46.618     5.524    14.187    13.573     0.555    -0.057     0.060
         *         *   383.330         *         *    13.000    11.000    11.000         *         *         *    12.231     3.000     1.000     1.000     0.000     1.000     2.000     3.000         *         *   403.489    73.942   -16.428    18.380    11.689     0.678     0.008     0.068
   300.000   333.330         *   356.670         *    12.000    11.000    11.000    12.000         *     4.000     5.789     4.000     1.000     1.000     0.000     1.000     2.000     3.000     4.000         *   335.994    47.987    -3.022    14.290    11.288     0.603     0.120     0.062
   413.330   433.330   533.330   297.670   443.330    13.000    12.000    14.000    12.000    14.000    -5.000    15.065     5.000     1.000     1.000     0.000     1.000     2.000     3.000     4.000     5.000   462.810    46.234   -17.079    12.647    12.938     0.554     0.007     0.058
   390.000   366.670   600.000   486.670   316.670    12.000    13.000    14.000    13.000    12.000     1.000    10.156     5.000     0.000     1.000     1.000     1.000     2.000     3.000     4.000     5.000   435.235    46.234    -3.895    12.647    13.011     0.554    -0.076     0.058
   256.670   296.670         *         *         *    14.000    15.000    15.000         *         *     8.000    15.634    13.000     0.000     1.000     0.000     1.000     2.000     3.000         *         *   298.692    48.359    -3.628    15.814    15.150     0.677    -0.337     0.068
   540.000   400.000   516.670   530.000   486.670    11.000    12.000    12.000    13.000    14.000    10.000     2.643     5.000     1.000     1.000     0.000     1.000     2.000     3.000     4.000     5.000   489.516    46.234    -1.588    12.647    11.585     0.554     0.296     0.058
         *   590.000         *         *         *    15.000    14.000         *         *         *   -15.000    14.652     9.000     1.000     0.000     1.000     1.000     2.000         *         *         *   570.252    64.130   -33.965    16.594    13.787     0.797     0.155     0.070
         *   316.670   186.670   280.000   226.670    15.000    14.000    13.000    15.000    14.000    -2.000    16.352    10.000     0.000     1.000     0.000     1.000     2.000     3.000     4.000     5.000   324.231    57.636   -18.610    14.351    15.072     0.554    -0.346     0.059
         *   303.330   636.670   563.330   483.330    13.000     8.000     9.000    13.000    11.000     8.000     3.621     4.000     0.000     0.000     0.000     1.000     2.000     3.000     4.000     5.000   454.954    57.636     8.601    14.351    10.388     0.554     0.191     0.059
         *   400.000   443.330   440.000   416.670    14.000    14.000    12.000    14.000    14.000     0.000     4.374     6.000     1.000     1.000     1.000     1.000     2.000     3.000     4.000     5.000   418.392    57.636    -0.795    14.351    12.867     0.554     0.224     0.059
   523.330   326.670   340.000   286.670   254.000    12.000    13.000    14.000    11.000    12.000     6.000     9.663     7.000     0.000     1.000     0.000     1.000     2.000     3.000     4.000     5.000   437.885    46.234   -30.283    12.647    12.899     0.554    -0.177     0.058
   403.330         *         *         *         *    14.000         *         *         *         *    -2.000     5.209    13.000     0.000     1.000     0.000     1.000         *         *         *         *   414.404    57.051   -16.431    15.949    13.923     1.030    -0.079     0.073
   403.330         *         *         *         *    12.000    14.000         *         *         *   -11.000    17.493     5.000     0.000     0.000     0.000     1.000     2.000         *         *         *   419.318    57.029   -31.830    15.879    13.008     0.797    -0.198     0.073
   243.330         *   406.670   220.000   203.330    13.000    14.000    15.000    14.000    13.000     3.000    13.277     7.000     1.000     1.000     0.000     1.000     2.000     3.000     4.000     5.000   318.551    51.225   -13.793    13.031    13.878     0.554    -0.075     0.059
   416.670   300.000   290.000   326.670   303.330    11.000    11.000    11.000    12.000    10.000    -3.000    11.749     5.000     0.000     0.000     0.000     1.000     2.000     3.000     4.000     5.000   387.106    46.234   -20.245    12.647    11.322     0.554    -0.093     0.058
   453.330   386.670   376.670   310.000         *    14.000    15.000    11.000    11.000    13.000    -5.000     4.897     7.000     0.000     0.000     0.000     1.000     2.000     3.000     4.000     5.000   440.268    46.618   -24.903    14.187    12.556     0.555     0.053     0.060
   396.670   250.000   346.670         *   306.670    14.000    12.000    15.000    14.000    13.000    -3.000     1.488     7.000     1.000     1.000     1.000     1.000     2.000     3.000     4.000     5.000   347.025    46.380    -7.355    12.971    12.890     0.554     0.207     0.060
   416.670   450.000   403.330   370.000         *     8.000    10.000    11.000     7.000         *     1.000     8.308    13.000     0.000     0.000     1.000     1.000     2.000     3.000     4.000         *   444.747    46.618   -16.693    14.210     9.460     0.603    -0.022     0.061
   316.670         *         *         *         *    11.000         *         *         *         *    11.000    10.983     4.000     0.000     1.000     0.000     1.000         *         *         *         *   331.280    57.051    -2.982    15.949    11.670     1.030    -0.191     0.073
   440.000   440.000   493.330   420.000   360.000    13.000    13.000    13.000    14.000    11.000     0.000     1.907     7.000     0.000     1.000     0.000     1.000     2.000     3.000     4.000     5.000   465.579    46.234   -13.979    12.647    12.662     0.554     0.049     0.058
   413.330   423.330   526.670   476.670   436.670    14.000    15.000    15.000    15.000    15.000     4.000    14.309    13.000     0.000     0.000     0.000     1.000     2.000     3.000     4.000     5.000   459.978    46.234    -3.955    12.647    14.868     0.554    -0.070     0.058
   193.330         *         *         *         *    11.000    11.000         *         *         *     1.000     2.895     1.000     0.000     0.000     0.000     1.000     2.000         *         *         *   245.223    57.029     0.767    15.879    10.937     0.797     0.058     0.073
   330.000         *   306.670   276.670         *    15.000    14.000    14.000    15.000    14.000    13.000     7.837    12.000     0.000     1.000     0.000     1.000     2.000     3.000     4.000     5.000   326.325    51.320    -3.211    14.376    14.776     0.555    -0.166     0.061
   223.330         *         *         *         *    15.000         *         *         *         *   -17.000    21.244    11.000     0.000     0.000     0.000     1.000         *         *         *         *   284.977    57.051   -31.913    15.949    14.465     1.030    -0.393     0.073
   566.670         *         *         *         *     9.000         *         *         *         *   -18.000    21.685     5.000     0.000     0.000     0.000     1.000         *         *         *         *   550.119    57.051   -57.095    15.949    10.099     1.030    -0.264     0.073
   233.330         *         *         *         *     9.000     8.000         *         *         *    -4.000    18.507     1.000     1.000     1.000     0.000     1.000     2.000         *         *         *   271.527    57.029   -25.183    15.879     9.375     0.797    -0.227     0.073
   556.670         *         *         *         *    13.000         *         *         *         *   -17.000    10.693     5.000     0.000     1.000     0.000     1.000         *         *         *         *   534.041    57.051   -42.242    15.949    12.914     1.030    -0.118     0.073
   173.330   293.330         *         *         *    10.000     9.000         *         *         *   -11.000    22.222     1.000     1.000     1.000     0.000     1.000     2.000         *         *         *   277.752    48.361   -29.087    15.863    10.283     0.797    -0.294     0.068
   450.000   366.670   533.330   490.000   433.330    10.000    10.000    11.000    12.000     9.000     3.000     7.613    13.000     0.000     0.000     0.000     1.000     2.000     3.000     4.000     5.000   466.501    46.234    -7.083    12.647    10.562     0.554     0.031     0.058
   343.330         *         *         *         *    13.000    12.000         *         *         *     2.000    16.683    11.000     1.000     1.000     1.000     1.000     2.000         *         *         *   348.756    57.029   -13.510    15.879    12.763     0.797    -0.139     0.073
   493.330   483.330   506.670         *   433.330    12.000    14.000    12.000    13.000    14.000     5.000     4.423     5.000     0.000     1.000     0.000     1.000     2.000     3.000     4.000     5.000   496.784    46.380   -10.239    12.971    12.838     0.554     0.051     0.060
   293.330         *         *         *         *    14.000    13.000         *         *         *    -5.000     9.567     5.000     1.000     1.000     0.000     1.000     2.000         *         *         *   320.523    57.029   -16.463    15.879    13.191     0.797     0.007     0.073
   433.330         *         *         *         *    14.000         *         *         *         *     6.000     2.323    13.000     0.000     1.000     0.000     1.000         *         *         *         *   432.830    57.051    -7.543    15.949    13.882     1.030     0.007     0.073
   293.330   340.000   303.330   293.330   243.330    13.000    11.000    11.000     8.000    10.000   -13.000    14.597     7.000     0.000     1.000     1.000     1.000     2.000     3.000     4.000     5.000   348.640    46.234   -19.881    12.647    11.591     0.554    -0.289     0.058
   496.670   500.000         *         *         *    13.000    14.000         *         *         *     1.000     1.729     7.000     0.000     1.000     0.000     1.000     2.000         *         *         *   497.935    48.361   -13.182    15.863    13.266     0.797     0.088     0.068
   523.330   483.330         *         *         *    13.000    14.000         *         *         *    -4.000    15.224     9.000     1.000     1.000     0.000     1.000     2.000         *         *         *   521.142    48.361   -33.063    15.863    13.390     0.797    -0.028     0.068
   433.330         *   433.330   450.000   440.670    15.000    15.000    15.000    15.000    15.000     6.000    11.626     9.000     0.000     1.000     0.000     1.000     2.000     3.000     4.000     5.000   441.618    51.225    -3.154    13.031    15.214     0.554    -0.125     0.059
   243.330   360.000   313.330         *         *    12.000    11.000    11.000    10.000    10.000     3.000    14.701     1.000     0.000     0.000     0.000     1.000     2.000     3.000     4.000     5.000   320.106    46.645    -7.281    15.273    11.274     0.556    -0.154     0.063
   570.000   563.330   643.330   603.330         *    15.000    13.000    15.000    15.000    15.000    14.000     1.847    12.000     1.000     1.000     1.000     1.000     2.000     3.000     4.000     5.000   554.886    46.618     7.701    14.187    13.523     0.555     0.352     0.060
   470.000         *   533.330         *         *    14.000    13.000    12.000    14.000    14.000     8.000     7.216     9.000     0.000     0.000     0.000     1.000     2.000     3.000     4.000     5.000   491.115    51.805    -4.457    15.304    13.071     0.557     0.094     0.065
   306.670   316.670   383.330   353.330   296.670    14.000    12.000    14.000    14.000    14.000    -1.000    18.036    14.000     0.000     1.000     1.000     1.000     2.000     3.000     4.000     5.000   351.556    46.234    -6.894    12.647    14.566     0.554    -0.334     0.058
   426.670         *   433.330   396.670   350.000    14.000    15.000    14.000    15.000    14.000    -2.000     8.352     7.000     1.000     1.000     1.000     1.000     2.000     3.000     4.000     5.000   430.593    51.225   -11.353    13.031    13.870     0.554     0.126     0.059
         *   383.330   410.000   373.330   350.000    14.000    13.000    15.000    13.000    14.000         *     3.098     9.000     0.000     1.000     0.000     1.000     2.000     3.000     4.000     5.000   414.807    59.232   -10.590    15.100    13.738     0.555    -0.001     0.059
   300.000         *         *         *         *    14.000         *         *         *         *    10.000    10.438    11.000     0.000     0.000     0.000     1.000         *         *         *         *   329.239    57.051    -1.180    15.949    13.636     1.030    -0.093     0.073
   533.330         *         *         *         *    14.000    11.000    13.000    13.000         *    -6.000    14.277     4.000     1.000     1.000     0.000     1.000     2.000     3.000     4.000         *   504.354    56.971   -34.212    15.779    12.666     0.606     0.000     0.071
   196.670         *         *         *   206.670         *     5.000     6.000     7.000     7.000     0.000    13.918    13.000     1.000     0.000     1.000     1.000     2.000     3.000     4.000     5.000   252.398    56.030   -13.084    13.250     7.114     0.617    -0.071     0.062
   350.000         *         *         *         *    12.000         *         *         *         *     3.000    16.557     7.000     0.000     0.000     0.000     1.000         *         *         *         *   369.119    57.051   -16.729    15.949    12.206     1.030    -0.206     0.073
   803.330   430.000   593.330   520.000         *    10.000    13.000    10.000    12.000    12.000    -3.000    11.440     4.000     0.000     1.000     0.000     1.000     2.000     3.000     4.000     5.000   656.045    46.618   -38.211    14.187    11.632     0.555    -0.044     0.060
   446.670         *         *         *         *    15.000         *         *         *         *     6.000     3.358    10.000     0.000     1.000     0.000     1.000         *         *         *         *   438.763    57.051    -6.403    15.949    14.431     1.030     0.013     0.073
   200.000         *         *         *         *    10.000    11.000         *         *         *     1.000     9.874    13.000     0.000     1.000     1.000     1.000     2.000         *         *         *   246.493    57.029    -3.419    15.879    11.426     0.797    -0.259     0.073
         *   396.670   476.670   560.000   493.330    14.000    13.000    15.000    11.000    13.000         *    14.638     7.000     0.000     1.000     0.000     1.000     2.000     3.000     4.000     5.000   450.862    59.232     4.046    15.100    13.674     0.555    -0.160     0.059
   276.670         *   286.670   250.000   290.000    11.000    13.000    14.000    13.000    13.000     3.000     7.520     8.000     0.000     0.000     0.000     1.000     2.000     3.000     4.000     5.000   308.249    51.225    -6.427    13.031    12.833     0.554    -0.034     0.059
   466.670   403.330   253.330         *   226.670    14.000    14.000    14.000    15.000    11.000    -4.000    15.585    11.000     0.000     0.000     0.000     1.000     2.000     3.000     4.000     5.000   443.536    46.380   -38.404    12.971    14.055     0.554    -0.207     0.060
   313.330   280.000   310.000         *         *    12.000    11.000     9.000         *         *     6.000     5.855     2.000     1.000     1.000     1.000     1.000     2.000     3.000         *         *   302.072    46.645     0.725    15.347    10.590     0.676     0.114     0.064
   150.000         *         *         *         *     7.000         *         *         *         *     2.000     8.420     4.000     0.000     1.000     0.000     1.000         *         *         *         *   212.298    57.051    -7.063    15.949     8.929     1.030    -0.238     0.073
   546.670         *         *         *         *    15.000         *         *         *         *     6.000     7.202     5.000     1.000     1.000     1.000     1.000         *         *         *         *   496.896    57.051    -7.020    15.949    13.917     1.030     0.210     0.073
   266.670         *   150.000         *         *    12.000    10.000    12.000         *         *   -11.000    12.245     9.000     1.000     1.000     0.000     1.000     2.000     3.000         *         *   286.758    51.810   -31.969    15.373    11.706     0.677    -0.137     0.066
   533.330         *   540.000   370.000   456.670    15.000    14.000         *    15.000    15.000     4.000     2.953    13.000     1.000     1.000     1.000     1.000     2.000     3.000     4.000     5.000   504.928    51.233   -12.637    13.035    13.931     0.608     0.241     0.059
   503.330   186.670   606.670   506.670   466.670    15.000    13.000    14.000    15.000    13.000     6.000    11.892    13.000     0.000     0.000     0.000     1.000     2.000     3.000     4.000     5.000   435.001    46.234     3.704    12.647    14.037     0.554    -0.033     0.058
         *         *   416.670   423.330   154.670    11.000    10.000     9.000    11.000    13.000         *    11.862     1.000     0.000     0.000     0.000     1.000     2.000     3.000     4.000     5.000   457.770    71.555   -32.457    16.548    10.966     0.555    -0.052     0.060
   470.000         *   453.330   406.670   496.670    14.000    12.000    15.000    14.000    14.000    14.000    11.147     6.000     0.000     1.000     1.000     1.000     2.000     3.000     4.000     5.000   430.292    51.225     5.722    13.031    13.970     0.554    -0.085     0.059
   436.670         *         *         *         *    13.000    11.000    12.000         *         *   -25.000     7.131     5.000     0.000     1.000     1.000     1.000     2.000     3.000         *         *   433.185    57.003   -35.010    15.828    12.176     0.677    -0.084     0.072
   120.000         *         *         *         *    11.000         *         *         *         *         *     8.385     5.000     1.000     1.000     0.000     1.000         *         *         *         *   187.251    57.245    -5.994    17.680    11.336     1.031    -0.047     0.074
   166.670   250.000   153.330   140.000         *    12.000    11.000    10.000     7.000         *   -10.000    14.920     3.000     0.000     0.000     0.000     1.000     2.000     3.000     4.000         *   245.068    46.618   -23.614    14.210    10.730     0.603    -0.265     0.061
   370.000   433.330   316.670         *         *    15.000    10.000    14.000    13.000         *    11.000    12.768     9.000     0.000     1.000     0.000     1.000     2.000     3.000     4.000         *   390.522    46.645    -8.860    15.311    13.531     0.603    -0.221     0.064
   476.670   456.670   383.330   323.330         *    13.000    15.000    14.000    11.000         *     4.000     9.844    15.000     0.000     1.000     0.000     1.000     2.000     3.000     4.000         *   470.276    46.618   -26.141    14.210    13.730     0.603    -0.185     0.061
   456.670   400.000   350.000   346.670   376.670    10.000    13.000     7.000     9.000    12.000    -4.000     8.500    11.000     0.000     1.000     0.000     1.000     2.000     3.000     4.000     5.000   449.221    46.234   -23.335    12.647    10.870     0.554    -0.139     0.058
   483.330   673.330   726.670   516.670         *    12.000    14.000    15.000    15.000    13.000     9.000    -0.379     6.000     0.000     1.000     0.000     1.000     2.000     3.000     4.000     5.000   576.646    46.618     0.862    14.187    13.116     0.555     0.226     0.060
   300.000   253.330   343.330         *         *    15.000    15.000    15.000    14.000    15.000    -6.000    10.348    11.000     0.000     0.000     0.000     1.000     2.000     3.000     4.000     5.000   330.065    46.645   -11.535    15.273    14.853     0.556    -0.091     0.063
   433.330   436.670   450.000   396.670   333.330    13.000    12.000    14.000    11.000    13.000     8.000    15.290    11.000     0.000     0.000     0.000     1.000     2.000     3.000     4.000     5.000   459.758    46.234   -18.018    12.647    13.007     0.554    -0.142     0.058
   300.000         *         *         *         *    10.000         *         *         *         *    -9.000    18.665     4.000     0.000     1.000     0.000     1.000         *         *         *         *   331.208    57.051   -30.000    15.949    11.102     1.030    -0.400     0.073
   216.670   276.670         *         *         *    13.000    13.000         *         *         *    13.000     5.899     3.000     0.000     1.000     1.000     1.000     2.000     3.000         *         *   237.942    48.361    19.539    15.863    12.972     0.797    -0.074     0.068
   466.670         *         *         *         *    15.000    14.000         *         *         *     7.000     3.224    11.000     0.000     0.000     0.000     1.000     2.000         *         *         *   459.608    57.029    -6.690    15.879    13.957     0.797     0.134     0.073
   323.330   183.330   246.670   206.670   180.000    12.000    11.000    11.000    11.000    13.000    -3.000     9.255    -1.000     0.000     0.000     0.000     1.000     2.000     3.000     4.000     5.000   294.352    46.234   -18.898    12.647    11.701     0.554    -0.067     0.058
   483.330   303.330         *   300.000         *    15.000    14.000    14.000    12.000         *     1.000     9.069     5.000     1.000     1.000     0.000     1.000     2.000     3.000     4.000         *   412.767    47.987   -23.552    14.290    13.436     0.603     0.048     0.062
   233.330         *         *         *         *     8.000    11.000         *         *         *     7.000     4.842    -1.000     0.000     1.000     0.000     1.000     2.000         *         *         *   269.359    57.029     1.570    15.879    10.035     0.797    -0.073     0.073
   283.330         *   230.000   226.670         *    12.000    13.000    11.000    15.000    11.000     8.000    12.396    13.000     0.000     0.000     0.000     1.000     2.000     3.000     4.000     5.000   297.893    51.320   -12.468    14.376    12.970     0.555    -0.196     0.061
   443.330         *         *         *         *    11.000         *         *         *         *     2.000    10.345     7.000     0.000     0.000     0.000     1.000         *         *         *         *   443.646    57.051   -19.415    15.949    11.378     1.030    -0.037     0.073
   203.330   276.670   206.670   203.330   160.000    12.000    14.000    15.000     9.000     9.000     1.000    13.789     7.000     0.000     0.000     0.000     1.000     2.000     3.000     4.000     5.000   264.282    46.234   -15.484    12.647    12.452     0.554    -0.237     0.058
   166.670         *         *         *         *    15.000         *         *         *         *   -10.000     2.917     5.000     0.000     1.000     1.000     1.000         *         *         *         *   214.935    57.051     2.141    15.949    14.154     1.030    -0.060     0.073
   583.330   626.670   696.670   623.330   573.330    15.000    12.000    13.000    11.000    14.000    11.000     4.831     9.000     0.000     1.000     0.000     1.000     2.000     3.000     4.000     5.000   611.052    46.234    -3.977    12.647    12.772     0.554     0.103     0.058
   480.000         *         *         *         *    15.000         *         *         *         *     4.000     8.292    17.000     0.000     0.000     0.000     1.000         *         *         *         *   478.188    57.051   -16.472    15.949    14.491     1.030    -0.008     0.073
   466.670   546.670   476.670   476.670         *    14.000    14.000    15.000    14.000    14.000     6.000     6.047     9.000     0.000     0.000     0.000     1.000     2.000     3.000     4.000     5.000   500.502    46.618    -7.606    14.187    13.724     0.555     0.118     0.060
   183.330   260.000         *         *         *    14.000    13.000         *         *         *    -4.000    16.092     7.000     0.000     1.000     0.000     1.000     2.000         *         *         *   256.070    48.361   -12.205    15.863    13.840     0.797    -0.364     0.068
   310.000   356.670   316.670   243.330   220.000    11.000    12.000    13.000    10.000    14.000    -4.000    17.181     7.000     1.000     0.000     0.000     1.000     2.000     3.000     4.000     5.000   372.773    46.234   -27.478    12.647    12.049     0.554    -0.032     0.058
   250.000         *         *         *         *    14.000         *         *         *         *     1.000    13.168     3.000     0.000     1.000     0.000     1.000         *         *         *         *   281.923    57.051    -6.978    15.949    13.661     1.030    -0.257     0.073
   516.670         *         *         *         *    15.000         *         *         *         *     3.000     5.351     7.000     0.000     1.000     0.000     1.000         *         *         *         *   491.258    57.051   -13.455    15.949    14.309     1.030     0.010     0.073
   350.000   383.330   418.670   350.000   296.670    14.000    14.000    14.000    14.000    15.000     4.000     6.758    13.000     0.000     1.000     0.000     1.000     2.000     3.000     4.000     5.000   396.495    46.234   -11.546    12.647    14.450     0.554    -0.108     0.058
   346.670         *         *         *         *    13.000         *         *         *         *    11.000    10.402     5.000     0.000     1.000     0.000     1.000         *         *         *         *   353.751    57.051    -1.826    15.949    13.042     1.030    -0.161     0.073
   333.330         *         *         *         *    15.000         *         *         *         *    -6.000    15.147     4.000     0.000     0.000     1.000     1.000         *         *         *         *   343.884    57.051   -10.849    15.949    13.993     1.030    -0.134     0.073
   206.670   230.000   263.330   172.000         *    11.000    10.000    11.000    13.000         *    -5.000     8.886    13.000     0.000     1.000     0.000     1.000     2.000     3.000     4.000         *   272.994    46.618   -17.073    14.210    12.068     0.603    -0.254     0.061
   366.670   383.330         *   343.330   300.000    13.000    12.000    15.000    13.000    14.000    -5.000     9.619    13.000     0.000     0.000     1.000     1.000     2.000     3.000     4.000     5.000   395.836    47.892   -15.082    12.648    13.461     0.554    -0.043     0.059
   393.330   390.000         *         *         *     9.000    10.000         *         *         *    12.000     3.369     4.000     1.000     1.000     1.000     1.000     2.000         *         *         *   381.876    48.361     2.281    15.863     9.715     0.797     0.212     0.068
   336.670   270.000   169.330   170.000         *    14.000    13.000    11.000     9.000         *    -5.000    18.821     9.000     0.000     1.000     0.000     1.000     2.000     3.000     4.000         *   326.877    46.618   -34.721    14.210    12.909     0.603    -0.460     0.061
   313.330   363.330   420.000   376.670         *    13.000    14.000    14.000    15.000         *    11.000     6.931     5.000     0.000     0.000     0.000     1.000     2.000     3.000     4.000         *   352.518    46.618     7.972    14.210    13.647     0.603     0.061     0.061
         *   553.330   480.000         *         *    15.000    14.000    14.000    15.000         *         *     6.205    11.000     1.000     1.000     0.000     1.000     2.000     3.000     4.000         *   532.684    59.985   -17.889    17.903    13.921     0.604     0.185     0.064
   210.000   346.670   270.000   240.000   203.330    15.000    13.000    15.000    15.000    15.000     2.000    10.170     9.000     1.000     0.000     0.000     1.000     2.000     3.000     4.000     5.000   298.986    46.234   -11.933    12.647    14.105     0.554     0.085     0.058
   326.670         *   210.000         *         *    15.000    11.000    10.000         *         *    -6.000    21.209    13.000     0.000     0.000     1.000     1.000     2.000     3.000         *         *   325.235    51.810   -26.162    15.373    12.756     0.677    -0.376     0.066
   416.670   530.000   463.330   463.330   406.670    14.000    14.000    14.000    13.000    13.000     2.000     8.218    13.000     0.000     1.000     0.000     1.000     2.000     3.000     4.000     5.000   482.823    46.234   -12.142    12.647    13.860     0.554    -0.085     0.058
         *   313.330   296.670   253.330   210.000    14.000    14.000    14.000    10.000    11.000         *    19.558     7.000     0.000     1.000     0.000     1.000     2.000     3.000     4.000     5.000   350.609    59.232   -23.660    15.100    13.764     0.555    -0.414     0.059
   300.000   203.330   200.000   170.000         *    11.000    11.000    13.000    11.000         *    -3.000    10.118     5.000     1.000     0.000     0.000     1.000     2.000     3.000     4.000         *   288.876    46.618   -23.626    14.210    11.308     0.603     0.056     0.061
   426.670   370.000   276.670   270.000   263.330    14.000    13.000    12.000    13.000    13.000     1.000     3.533     9.000     1.000     1.000     0.000     1.000     2.000     3.000     4.000     5.000   399.831    46.234   -25.659    12.647    12.600     0.554     0.119     0.058
   396.670         *         *         *         *     9.000         *         *         *         *    -9.000    11.473    13.000     0.000     1.000     0.000     1.000         *         *         *         *   417.709    57.051   -34.859    15.949    10.682     1.030    -0.259     0.073
   106.670         *         *         *         *    13.000    11.000         *         *         *    -1.000    26.621     4.000     0.000     1.000     0.000     1.000     2.000         *         *         *   171.680    57.029   -14.327    15.879    12.915     0.797    -0.634     0.073
         *   316.670         *         *         *    14.000    11.000         *         *         *         *     9.518     5.000     1.000     1.000     0.000     1.000     2.000         *         *         *   350.690    64.891   -15.077    18.239    12.380     0.797     0.022     0.071
         *   176.670   186.670   166.670   140.000    14.000    13.000    15.000    14.000         *    10.000     8.620     7.000     1.000     1.000     0.000     1.000     2.000     3.000     4.000     5.000   212.572    57.638    -6.939    14.353    13.891     0.603    -0.050     0.059
   360.000         *   316.670   326.670   280.000    15.000    14.000    15.000    11.000    15.000     2.000     3.081    11.000     0.000     1.000     0.000     1.000     2.000     3.000     4.000     5.000   365.215    51.225   -12.135    13.031    14.085     0.554    -0.058     0.059
   366.670   353.330   366.670   380.000   316.670    15.000    15.000    15.000    15.000    15.000    -5.000     5.756     9.000     1.000     1.000     0.000     1.000     2.000     3.000     4.000     5.000   391.858    46.234   -12.623    12.647    14.426     0.554     0.132     0.058
   323.330   233.330   223.330   333.330   310.000    12.000    12.000    11.000    13.000    10.000     8.000    14.101    13.000     1.000     1.000     0.000     1.000     2.000     3.000     4.000     5.000   303.016    46.234    -5.481    12.647    12.120     0.554    -0.131     0.058
   366.670   570.000         *   516.670   350.000    14.000    13.000    11.000     8.000    13.000     9.000    13.365     5.000     0.000     0.000     0.000     1.000     2.000     3.000     4.000     5.000   465.341    47.892    -9.183    12.648    11.984     0.554    -0.059     0.059
   276.670   483.330   490.000         *   446.670     8.000     9.000    11.000    11.000     7.000     9.000     7.175     7.000     1.000     1.000     0.000     1.000     2.000     3.000     4.000     5.000   399.944    46.380     4.567    12.971     9.174     0.554     0.127     0.060
         *   333.330   480.000   463.330   346.670    14.000    15.000    14.000    15.000    15.000         *     5.116     7.000     0.000     1.000     0.000     1.000     2.000     3.000     4.000     5.000   416.018    59.232    -3.934    15.100    14.467     0.555    -0.003     0.059
         *   336.670   250.000   346.670   320.000    14.000    14.000    13.000    14.000    14.000         *    15.982     7.000     0.000     1.000     1.000     1.000     2.000     3.000     4.000     5.000   324.635    59.232    -2.821    15.100    14.478     0.555    -0.270     0.059
   176.670         *         *         *         *    14.000         *         *         *         *         *     3.593     9.000     0.000     1.000     0.000     1.000         *         *         *         *   234.023    57.245    -0.069    17.680    13.743     1.031    -0.112     0.074
         *   223.330   236.670   213.330   193.330    11.000     8.000     6.000     8.000     9.000         *    13.869     5.000     1.000     1.000     1.000     1.000     2.000     3.000     4.000     5.000   274.436    59.232   -15.441    15.100     9.069     0.555    -0.130     0.059
         *   273.330         *         *   223.330     8.000    10.000     9.000    10.000     8.000         *     3.506    10.000     0.000     1.000     0.000     1.000     2.000     3.000     4.000     5.000   325.405    64.671   -18.658    15.348     9.686     0.556    -0.121     0.062
   160.000         *         *         *         *    14.000    10.000         *         *         *    -5.000    30.427     1.000     0.000     1.000     0.000     1.000     2.000         *         *         *   209.282    57.029   -22.891    15.879    12.908     0.797    -0.688     0.073
   376.670   321.330   250.000   243.330   203.330    15.000    13.000    15.000    13.000    14.000   -16.000     9.379     2.000     0.000     1.000     1.000     1.000     2.000     3.000     4.000     5.000   361.538    46.234   -27.158    12.647    14.193     0.554    -0.142     0.058
   336.670         *         *         *         *    13.000         *         *         *         *    -2.000     4.541     7.000     0.000     1.000     0.000     1.000         *         *         *         *   357.288    57.051   -11.259    15.949    12.965     1.030    -0.064     0.073
   643.330   440.000   434.000   376.670   374.000    13.000    12.000    12.000    13.000    15.000    -3.000     3.958     9.000     1.000     0.000     0.000     1.000     2.000     3.000     4.000     5.000   557.769    46.234   -37.325    12.647    11.988     0.554     0.318     0.058
   516.670   406.670   373.330   310.000   300.000    15.000    11.000    14.000    14.000    14.000   -14.000     3.695     8.000     0.000     0.000     0.000     1.000     2.000     3.000     4.000     5.000   489.659    46.234   -37.244    12.647    13.163     0.554     0.099     0.058
         *   456.670   406.670   340.000   280.000    14.000    13.000    14.000    14.000    12.000         *    10.613    13.000     0.000     1.000     0.000     1.000     2.000     3.000     4.000     5.000   468.142    59.232   -29.238    15.100    13.937     0.555    -0.190     0.059
   333.330   280.000   253.330   213.330   200.000    13.000    14.000    15.000    14.000    13.000     4.000     9.264     3.000     0.000     1.000     0.000     1.000     2.000     3.000     4.000     5.000   316.632    46.234   -17.093    12.647    14.144     0.554    -0.182     0.058
   466.670         *         *         *         *    13.000         *         *         *         *     5.000    12.579    11.000     1.000     1.000     0.000     1.000         *         *         *         *   455.659    57.051   -21.044    15.949    13.013     1.030    -0.013     0.073
   336.670         *         *         *         *    12.000         *         *         *         *     1.000     6.903     8.000     0.000     1.000     0.000     1.000         *         *         *         *   357.120    57.051   -11.691    15.949    12.403     1.030    -0.123     0.073
   410.000   370.000   303.330   263.330   254.670     9.000     7.000    12.000    10.000     9.000     4.000    10.731    13.000     0.000     0.000     0.000     1.000     2.000     3.000     4.000     5.000   412.433    46.234   -29.667    12.647    10.063     0.554    -0.136     0.058
   420.000   330.000   370.000   343.330         *    13.000    12.000    12.000    14.000    14.000    -6.000     3.328     3.000     0.000     0.000     0.000     1.000     2.000     3.000     4.000     5.000   405.728    46.618   -15.478    14.187    12.496     0.555     0.130     0.060
   386.670         *         *         *         *    12.000         *         *         *         *     1.000     5.477    13.000     0.000     1.000     0.000     1.000         *         *         *         *   401.464    57.051   -15.360    15.949    12.600     1.030    -0.100     0.073
   450.000   396.670   310.000         *         *    13.000    12.000    15.000         *         *    -4.000    11.040     7.000     0.000     1.000     1.000     1.000     2.000     3.000         *         *   418.546    46.645   -19.073    15.347    13.519     0.676    -0.152     0.064
   343.330   260.000   250.000   223.330   198.000    15.000    13.000    14.000    14.000    14.000    -9.000     4.423    11.000     0.000     0.000     0.000     1.000     2.000     3.000     4.000     5.000   339.183    46.234   -25.155    12.647    13.862     0.554    -0.012     0.058
   306.670   200.000   203.330         *         *    13.000     8.000    10.000    10.000     9.000     0.000    17.899    11.000     0.000     0.000     0.000     1.000     2.000     3.000     4.000     5.000   299.102    46.645   -25.813    15.273    11.154     0.556    -0.341     0.063
   480.000   230.000         *   206.670   180.000    13.000    13.000    14.000    12.000    12.000    -5.000    12.908     5.000     0.000     1.000     0.000     1.000     2.000     3.000     4.000     5.000   392.012    47.892   -37.812    12.648    13.484     0.554    -0.268     0.059
   326.670         *         *         *         *    15.000         *         *         *         *     4.000    12.943     8.000     0.000     1.000     0.000     1.000         *         *         *         *   343.865    57.051    -8.475    15.949    14.561     1.030    -0.240     0.073
   360.000   280.000         *         *         *    12.000    12.000         *         *         *    -4.000    22.991    11.000     0.000     0.000     0.000     1.000     2.000         *         *         *   368.178    48.361   -31.212    15.863    12.614     0.797    -0.388     0.068
   326.670   270.000   226.670   220.000         *    13.000    10.000    10.000     7.000         *    -2.000    14.107    11.000     0.000     0.000     0.000     1.000     2.000     3.000     4.000         *   333.097    46.618   -27.423    14.210    10.822     0.603    -0.254     0.061
   276.670   260.000         *         *         *    13.000    15.000         *         *         *    -8.000    15.298     5.000     0.000     0.000     0.000     1.000     2.000         *         *         *   309.158    48.361   -18.951    15.863    13.800     0.797    -0.197     0.068
   383.330         *         *         *         *    10.000         *         *         *         *     1.000     6.342    11.000     0.000     1.000     1.000     1.000         *         *         *         *   386.327    57.051    -9.769    15.949    11.158     1.030    -0.096     0.073
   463.330   383.330   306.670   260.000         *    12.000    11.000    11.000    12.000         *    -5.000     8.691     0.000     1.000     1.000     1.000     1.000     2.000     3.000     4.000         *   416.791    46.618   -27.384    14.210    11.246     0.603     0.090     0.061
   530.000         *   293.330   261.330   243.330    10.000    11.000    15.000    11.000    10.000    -3.000     1.187    10.000     0.000     1.000     0.000     1.000     2.000     3.000     4.000     5.000   461.996    51.225   -39.600    13.031    11.588     0.554    -0.029     0.059
   366.670   350.000   280.000   150.000   140.000    12.000    13.000    13.000    14.000    13.000    -4.000     6.704    11.000     0.000     0.000     0.000     1.000     2.000     3.000     4.000     5.000   383.319    46.234   -38.489    12.647    13.093     0.554    -0.068     0.058
   170.000   153.330         *         *         *    15.000    15.000         *         *         *    -1.000     5.896     5.000     0.000     1.000     1.000     1.000     2.000         *         *         *   181.209    48.361     9.225    15.863    14.652     0.797    -0.132     0.068
   510.000   456.670   420.000   404.000   323.330     5.000     8.000     6.000     5.000     6.000     8.000     1.959     8.000     0.000     0.000     0.000     1.000     2.000     3.000     4.000     5.000   499.005    46.234   -27.543    12.647     6.250     0.554     0.098     0.058
   596.670   486.670   433.330   387.330   386.670    12.000    14.000    13.000    12.000    11.000     1.000     6.865     2.000     0.000     1.000     0.000     1.000     2.000     3.000     4.000     5.000   534.006    46.234   -28.949    12.647    12.421     0.554    -0.020     0.058
   443.330   403.330   323.330   310.000   283.330    12.000    10.000    12.000    11.000    13.000    15.000     1.529     8.000     1.000     1.000     0.000     1.000     2.000     3.000     4.000     5.000   410.535    46.234   -17.987    12.647    11.159     0.554     0.176     0.058
   406.670         *         *         *         *    11.000    12.000    12.000     9.000         *    -5.000    19.300     9.000     0.000     1.000     0.000     1.000     2.000     3.000     4.000         *   414.564    56.971   -33.058    15.779    12.124     0.606    -0.393     0.071
   313.330   310.000         *         *         *    11.000    11.000         *         *         *    14.000     6.011     6.000     0.000     1.000     0.000     1.000     2.000         *         *         *   319.872    48.361     2.532    15.863    11.478     0.797    -0.101     0.068
   543.330   543.330   520.000   430.000         *    13.000    14.000    12.000    13.000         *   -11.000     9.912     5.000     0.000     0.000     0.000     1.000     2.000     3.000     4.000         *   568.285    46.618   -31.423    14.210    12.740     0.603     0.059     0.061
   716.670   386.670   260.000   263.330   236.670    12.000    12.000    13.000    11.000    12.000     1.000    10.361    11.000     0.000     0.000     0.000     1.000     2.000     3.000     4.000     5.000   545.165    46.234   -57.668    12.647    12.261     0.554    -0.100     0.058
   360.000   301.330   268.000   296.670   300.000    14.000    15.000    15.000    14.000    15.000     0.000     1.800     5.000     1.000     1.000     0.000     1.000     2.000     3.000     4.000     5.000   337.973    46.234    -9.466    12.647    13.824     0.554     0.192     0.058
   110.000         *         *         *         *    12.000         *         *         *         *    -7.000    19.522     9.000     0.000     1.000     1.000     1.000     2.000         *         *         *   174.377    57.051    -9.937    15.949    12.716     1.030    -0.486     0.073
   466.670   420.000         *         *         *    15.000    14.000    15.000         *         *    23.000     4.450    11.000     0.000     0.000     0.000     1.000     2.000     3.000         *         *   431.396    48.359     9.057    15.814    14.198     0.677     0.117     0.068
   233.330   350.000   333.330         *         *    15.000    15.000    14.000         *         *    18.000     6.211    12.000     1.000     1.000     0.000     1.000     2.000     3.000         *         *   290.763    46.645    12.699    15.347    14.333     0.676     0.074     0.064
   413.330         *         *         *         *     9.000         *         *         *         *     0.000    16.724     3.000     0.000     0.000     0.000     1.000         *         *         *         *   418.431    57.051   -25.734    15.949     9.985     1.030    -0.182     0.073
   256.670   606.670   556.670         *         *    10.000    13.000    10.000    12.000         *    -1.000     3.678     5.000     0.000     1.000     0.000     1.000     2.000     3.000     4.000         *   447.243    46.645     3.389    15.311    11.288     0.603     0.070     0.064
   450.000   460.000         *         *         *    10.000     7.000         *         *         *     7.000     8.894     9.000     1.000     0.000     0.000     1.000     2.000         *         *         *   469.242    48.361   -21.042    15.863     8.937     0.797     0.173     0.068
   286.670   228.000   210.000   200.000   186.670    10.000    15.000    12.000    12.000    11.000     6.000     1.912    13.000     1.000     1.000     0.000     1.000     2.000     3.000     4.000     5.000   279.138    46.234   -14.993    12.647    11.882     0.554     0.064     0.058
   483.330   406.670   336.670   300.000   286.670    13.000    11.000     9.000    13.000    11.000     9.000     6.257     8.000     0.000     1.000     0.000     1.000     2.000     3.000     4.000     5.000   439.628    46.234   -25.488    12.647    11.816     0.554    -0.110     0.058
         *   210.000   190.000         *         *    14.000    13.000    13.000         *         *         *     6.621     5.000     0.000     1.000     0.000     1.000     2.000     3.000         *         *   249.025    59.985    -8.694    17.935    13.484     0.677    -0.166     0.065
   470.000   403.330   354.670   310.000         *    15.000    13.000    12.000    13.000         *    -1.000     3.446     6.000     0.000     1.000     0.000     1.000     2.000     3.000     4.000         *   438.525    46.618   -22.703    14.210    13.200     0.603    -0.019     0.061
   516.670   443.330   396.670         *         *    14.000    14.000    15.000         *         *    -5.000     3.667    12.000     0.000     0.000     0.000     1.000     2.000     3.000         *         *   494.771    46.645   -24.601    15.347    13.886     0.676     0.111     0.064
   386.670   310.000   263.330   246.670   196.670    13.000    10.000    10.000    13.000     9.000     1.000     6.641     6.000     0.000     1.000     0.000     1.000     2.000     3.000     4.000     5.000   364.276    46.234   -26.594    12.647    11.554     0.554    -0.160     0.058
   320.000   293.330         *   300.000   273.330    13.000    12.000    10.000    11.000    13.000     0.000     2.684    11.000     0.000     1.000     0.000     1.000     2.000     3.000     4.000     5.000   335.146    47.892   -11.244    12.648    12.124     0.554    -0.073     0.059
   266.670         *         *         *         *    10.000         *         *         *         *    -7.000     8.387     3.000     1.000     0.000     0.000     1.000         *         *         *         *   308.553    57.051   -20.155    15.949    10.156     1.030     0.127     0.073
   243.330   223.330         *         *         *     6.000     6.000         *         *         *   -17.000     8.992    13.000     1.000     1.000     0.000     1.000     2.000         *         *         *   306.464    48.361   -41.640    15.863     7.466     0.797    -0.117     0.068
   453.330   401.330   360.000   380.000   386.670    15.000    14.000    14.000    14.000    15.000     6.000     6.879     9.000     0.000     1.000     0.000     1.000     2.000     3.000     4.000     5.000   424.673    46.234    -9.913    12.647    14.482     0.554    -0.069     0.058
         *   243.330   220.000   236.670   250.000    15.000    15.000    14.000    15.000    15.000         *     5.904     5.000     1.000     1.000     0.000     1.000     2.000     3.000     4.000     5.000   271.256    59.232    -6.590    15.100    14.337     0.555     0.075     0.059
   343.330         *         *         *         *     9.000         *         *         *         *    -5.000     4.116     1.000     1.000     0.000     0.000     1.000         *         *         *         *   365.822    57.051   -19.458    15.949     9.290     1.030     0.261     0.073
   510.000   493.330   480.000         *         *    12.000    13.000    14.000    15.000         *    -4.000     8.010     9.000     0.000     0.000     0.000     1.000     2.000     3.000     4.000         *   524.036    46.645   -21.407    15.311    13.213     0.603     0.076     0.064
   536.670         *         *         *         *    11.000         *         *         *         *    -2.000     3.224     9.000     0.000     1.000     0.000     1.000         *         *         *         *   516.192    57.051   -24.408    15.949    11.653     1.030     0.024     0.073
   260.000   240.000   236.670         *         *    15.000    15.000    15.000    15.000         *     0.000     8.943     9.000     0.000     1.000     1.000     1.000     2.000     3.000     4.000         *   259.275    46.645     0.849    15.311    15.185     0.603    -0.178     0.064
   270.000         *         *         *         *    14.000         *         *         *         *    -5.000     0.672     5.000     0.000     1.000     0.000     1.000         *         *         *         *   304.994    57.051    -5.758    15.949    13.457     1.030     0.008     0.073
   466.670         *         *         *         *    12.000         *         *         *         *     1.000     0.412    13.000     0.000     1.000     0.000     1.000         *         *         *         *   463.951    57.051   -15.798    15.949    12.474     1.030     0.045     0.073
   480.000   493.330   500.000         *         *    13.000    11.000    13.000         *         *    -7.000     0.637     5.000     0.000     1.000     0.000     1.000     2.000     3.000         *         *   507.268    46.645   -17.355    15.347    12.157     0.676     0.121     0.064
   193.330         *         *         *         *    14.000         *         *         *         *    -4.000     8.056    10.000     1.000     1.000     0.000     1.000         *         *         *         *   248.598    57.051   -10.785    15.949    13.555     1.030    -0.025     0.073
   300.000         *         *         *         *     8.000         *         *         *         *    -1.000     9.113     9.000     0.000     1.000     0.000     1.000         *         *         *         *   334.672    57.051   -19.357    15.949     9.815     1.030    -0.218     0.073
   541.330   510.000   500.000         *         *    12.000    10.000     5.000         *         *     8.000     9.154     8.000     0.000     1.000     0.000     1.000     2.000     3.000         *         *   533.307    46.645   -20.688    15.347     9.754     0.676    -0.100     0.064
   273.330         *         *         *         *    11.000         *         *         *         *     6.000     9.860     3.000     0.000     0.000     0.000     1.000         *         *         *         *   305.293    57.051    -4.235    15.949    11.222     1.030    -0.068     0.073
   406.670   410.000   470.670         *         *    13.000    14.000    13.000         *         *    -2.000     0.965     7.000     0.000     0.000     0.000     1.000     2.000     3.000         *         *   436.899    46.645    -6.851    15.347    12.813     0.676     0.193     0.064
   266.670         *         *         *         *     7.000     9.000     7.000         *         *     4.000     5.107    13.000     0.000     0.000     0.000     1.000     2.000     3.000         *         *   314.938    57.003   -13.424    15.828     8.467     0.677    -0.059     0.072
   243.330   256.670   310.000         *         *    14.000    14.000    15.000         *         *     6.000     0.804     9.000     0.000     1.000     0.000     1.000     2.000     3.000         *         *   271.697    46.645     7.375    15.347    14.173     0.676    -0.010     0.064
   380.000   384.670   380.000         *         *    14.000    15.000    15.000         *         *     1.000     2.454    11.000     1.000     1.000     0.000     1.000     2.000     3.000         *         *   399.362    46.645    -9.454    15.347    14.072     0.676     0.193     0.064
   360.000   354.670         *         *         *    15.000    13.000         *         *         *    -1.000    15.665    10.000     0.000     1.000     0.000     1.000     2.000         *         *         *   381.860    48.361   -19.092    15.863    14.257     0.797    -0.304     0.068
   240.000   236.670   196.670         *         *    14.000    14.000    14.000         *         *     5.000     6.422     5.000     0.000     1.000     0.000     1.000     2.000     3.000         *         *   246.093    46.645    -1.146    15.347    14.036     0.676    -0.146     0.064
   226.670   246.670   250.000         *         *    10.000    11.000     8.000         *         *   -21.000     8.094     7.000     0.000     1.000     0.000     1.000     2.000     3.000         *         *   305.239    46.645   -30.283    15.347    10.452     0.676    -0.217     0.064
   448.670         *         *         *         *    11.000    11.000         *         *         *     5.000     4.565     3.000     1.000     0.000     0.000     1.000     2.000         *         *         *   440.746    57.029   -13.412    15.879    10.606     0.797     0.305     0.073
   263.330         *         *         *         *    14.000         *         *         *         *     4.000     8.423     5.000     1.000     1.000     1.000     1.000         *         *         *         *   279.898    57.051     3.599    15.949    13.317     1.030     0.059     0.073
   336.670   310.000         *         *         *    15.000    15.000    15.000         *         *     0.000     0.724     7.000     0.000     1.000     1.000     1.000     2.000     3.000         *         *   326.179    48.359     4.861    15.814    14.585     0.677     0.052     0.068
   230.000   236.670         *         *         *    11.000    12.000         *         *         *    -7.000     3.060     8.000     0.000     1.000     1.000     1.000     2.000         *         *         *   259.959    48.361    -4.653    15.863    11.831     0.797    -0.078     0.068
   280.000   286.670         *         *         *    14.000    15.000    14.000         *         *     8.000     4.010     7.000     1.000     1.000     0.000     1.000     2.000     3.000         *         *   295.858    48.359     2.143    15.814    13.821     0.677     0.130     0.068
   310.000   310.000   300.000         *         *    15.000    14.000    15.000         *         *    -7.000     1.578    11.000     0.000     1.000     0.000     1.000     2.000     3.000         *         *   338.551    46.645   -11.848    15.347    14.505     0.676    -0.028     0.064
   316.670   310.670   300.000         *         *    13.000    13.000    11.000         *         *    13.000     2.802     8.000     0.000     0.000     0.000     1.000     2.000     3.000         *         *   316.330    46.645     3.061    15.347    12.181     0.676     0.064     0.064
   453.330   443.330   433.330         *         *     6.000     7.000    11.000         *         *     2.000     4.913    -2.000     0.000     0.000     0.000     1.000     2.000     3.000         *         *   464.266    46.645   -15.599    15.347     8.155     0.676     0.141     0.064
   196.670   203.330         *         *         *    15.000    12.000         *         *         *    -1.000     6.101     6.000     0.000     1.000     0.000     1.000     2.000         *         *         *   231.052    48.361    -2.993    15.863    13.513     0.797    -0.159     0.068
   283.330   283.330   286.670         *         *    15.000    15.000    15.000         *         *     3.000     2.630     9.000     1.000     1.000     0.000     1.000     2.000     3.000         *         *   300.779    46.645    -2.462    15.347    14.391     0.676     0.146     0.064
   380.000   386.670   343.330         *         *    11.000    13.000    12.000         *         *     3.000     4.609    -1.000     1.000     1.000     0.000     1.000     2.000     3.000         *         *   385.731    46.645    -9.714    15.347    11.557     0.676     0.191     0.064
   420.000   450.000         *         *         *    12.000    12.000    11.000         *         *     5.000    15.290    12.000     0.000     0.000     0.000     1.000     2.000     3.000         *         *   451.113    48.359   -19.725    15.814    12.121     0.677    -0.161     0.068
   296.670   300.000         *         *         *     8.000     8.000         *         *         *    -4.000     3.826     9.000     0.000     1.000     0.000     1.000     2.000         *         *         *   336.462    48.361   -19.603    15.863     9.101     0.797    -0.113     0.068
   333.330         *         *         *         *    11.000         *         *         *         *    -1.000     9.830    11.000     0.000     1.000     0.000     1.000         *         *         *         *   359.708    57.051   -18.403    15.949    11.932     1.030    -0.215     0.073
   276.670         *         *         *         *     9.000         *         *         *         *     1.000     3.467    11.000     1.000     0.000     0.000     1.000         *         *         *         *   321.526    57.051   -13.400    15.949     9.782     1.030     0.199     0.073
   496.670         *         *         *         *    11.000         *         *         *         *     5.000     6.353     4.000     1.000     1.000     1.000     1.000         *         *         *         *   461.678    57.051    -9.816    15.949    11.173     1.030     0.189     0.073
   196.670         *         *         *         *    13.000         *         *         *         *     6.000    10.523     5.000     0.000     0.000     0.000     1.000         *         *         *         *   246.241    57.051     1.209    15.949    12.687     1.030    -0.114     0.073
   340.000         *         *         *         *    14.000         *         *         *         *    -5.000     5.578     9.000     0.000     0.000     0.000     1.000         *         *         *         *   368.189    57.051   -14.409    15.949    13.375     1.030     0.022     0.073
   203.330   200.000         *         *         *    10.000    10.000         *         *         *    -9.000     1.357     5.000     0.000     1.000     0.000     1.000     2.000         *         *         *   246.625    48.361   -13.256    15.863    10.529     0.797    -0.077     0.068
   316.670   306.670         *         *         *    13.000    13.000         *         *         *     9.000     4.946     9.000     0.000     0.000     0.000     1.000     2.000         *         *         *   327.956    48.361     0.298    15.863    12.820     0.797     0.029     0.068
   286.670   300.000         *         *         *    15.000    15.000         *         *         *     6.000     0.634     9.000     0.000     1.000     0.000     1.000     2.000         *         *         *   304.845    48.361     4.833    15.863    14.604     0.797     0.009     0.068
   383.330         *         *         *         *     7.000         *         *         *         *     2.000    11.802     1.000     0.000     1.000     0.000     1.000         *         *         *         *   388.983    57.051   -20.669    15.949     8.819     1.030    -0.200     0.073
   256.670         *         *         *         *    12.000         *         *         *         *     7.000     1.600     5.000     0.000     1.000     0.000     1.000         *         *         *         *   288.774    57.051     3.997    15.949    12.180     1.030    -0.014     0.073
   260.000   266.670         *         *         *    13.000    14.000         *         *         *    -1.000     0.946     5.000     0.000     1.000     0.000     1.000     2.000         *         *         *   285.639    48.361    -1.823    15.863    13.289     0.797    -0.005     0.068
   376.670         *         *         *         *    13.000    13.000         *         *         *    -2.000    13.097     6.000     0.000     1.000     0.000     1.000     2.000         *         *         *   386.406    57.029   -19.027    15.879    13.242     0.797    -0.229     0.073
   316.670   300.000         *         *         *    12.000    13.000         *         *         *   -10.000     0.760     9.000     1.000     0.000     0.000     1.000     2.000         *         *         *   348.502    48.361   -19.416    15.863    11.927     0.797     0.289     0.068
   446.670   420.000         *         *         *    15.000    15.000         *         *         *     2.000     3.670     9.000     0.000     1.000     0.000     1.000     2.000         *         *         *   439.988    48.361    -9.839    15.863    14.620     0.797     0.009     0.068
   563.330   560.000         *         *         *    15.000    13.000         *         *         *     8.000     1.570    13.000     0.000     0.000     0.000     1.000     2.000         *         *         *   554.397    48.361   -10.958    15.863    13.525     0.797     0.209     0.068
   210.000         *         *         *         *    13.000         *         *         *         *    -8.000     7.703     9.000     1.000     0.000     0.000     1.000         *         *         *         *   269.222    57.051   -16.109    15.949    12.445     1.030     0.101     0.073
   150.000   136.670         *         *         *    12.000    14.000         *         *         *   -14.000    12.081     2.000     0.000     1.000     1.000     1.000     2.000         *         *         *   184.109    48.361    -9.197    15.863    13.138     0.797    -0.278     0.068
   233.330   250.000         *         *         *    10.000    10.000         *         *         *    -2.000     4.078     7.000     1.000     1.000     0.000     1.000     2.000         *         *         *   277.779    48.361   -12.775    15.863    10.326     0.797     0.070     0.068
   263.330         *         *         *         *    11.000         *         *         *         *   -14.000     7.958    11.000     1.000     1.000     0.000     1.000         *         *         *         *   313.095    57.051   -29.313    15.949    11.540     1.030    -0.031     0.073
   263.330   270.000         *         *         *    14.000    14.000         *         *         *     7.000     3.224     5.000     0.000     1.000     0.000     1.000     2.000         *         *         *   279.036    48.361     5.304    15.863    13.767     0.797    -0.043     0.068
   463.330         *         *         *         *     9.000     4.000         *         *         *     8.000     3.147     8.000     0.000     0.000     0.000     1.000     2.000         *         *         *   453.090    57.029   -17.602    15.879     7.483     0.797     0.083     0.073
   123.330         *         *         *         *    15.000         *         *         *         *     0.000    12.579     7.000     0.000     1.000     1.000     1.000         *         *         *         *   176.010    57.051     6.757    15.949    14.503     1.030    -0.289     0.073
   300.000         *         *         *         *     8.000         *         *         *         *    -5.000     3.467     8.000     0.000     0.000     0.000     1.000         *         *         *         *   342.117    57.051   -18.477    15.949     9.263     1.030     0.024     0.073
   323.330         *         *         *         *     9.000         *         *         *         *     3.000     1.658     9.000     1.000     0.000     0.000     1.000         *         *         *         *   354.344    57.051   -11.596    15.949     9.646     1.030     0.272     0.073
   300.000         *         *         *         *    14.000         *         *         *         *    10.000     7.500    11.000     0.000     1.000     0.000     1.000         *         *         *         *   324.327    57.051     0.624    15.949    13.938     1.030    -0.145     0.073
   176.670         *         *         *         *     8.000         *         *         *         *    -5.000     4.070     9.000     0.000     1.000     0.000     1.000         *         *         *         *   242.507    57.051   -13.222    15.949     9.712     1.030    -0.163     0.073
   293.330         *         *         *         *    15.000         *         *         *         *    -2.000     6.676    11.000     0.000     0.000     0.000     1.000         *         *         *         *   331.297    57.051    -9.121    15.949    14.184     1.030    -0.022     0.073
   256.670         *         *         *         *     6.000         *         *         *         *    10.000    13.080     5.000     0.000     0.000     0.000     1.000         *         *         *         *   296.393    57.051    -9.261    15.949     8.049     1.030    -0.181     0.073
   326.670         *         *         *         *    13.000         *         *         *         *   -10.000     4.333     5.000     0.000     1.000     1.000     1.000         *         *         *         *   340.368    57.051   -10.101    15.949    12.815     1.030    -0.038     0.073
   300.000         *         *         *         *    13.000         *         *         *         *     8.000     6.427     5.000     1.000     1.000     0.000     1.000         *         *         *         *   319.026    57.051    -2.002    15.949    12.634     1.030     0.093     0.073
   463.330         *         *         *         *    12.000         *         *         *         *    10.000     6.266     8.000     0.000     1.000     0.000     1.000         *         *         *         *   449.362    57.051    -8.554    15.949    12.398     1.030    -0.046     0.073
   346.670         *         *         *         *    13.000         *         *         *         *     8.000     2.066     8.000     0.000     0.000     1.000     1.000         *         *         *         *   353.154    57.051     8.384    15.949    12.599     1.030     0.145     0.073
   523.330         *         *         *         *    15.000         *         *         *         *     0.000     2.975     5.000     0.000     0.000     0.000     1.000         *         *         *         *   501.703    57.051   -13.915    15.949    13.784     1.030     0.190     0.073
   203.330         *         *         *         *    13.000         *         *         *         *   -18.000    12.491    17.000     1.000     1.000     0.000     1.000         *         *         *         *   273.412    57.051   -33.478    15.949    13.263     1.030    -0.183     0.073
   370.000         *         *         *         *    10.000         *         *         *         *     0.000     1.784     3.000     0.000     1.000     1.000     1.000         *         *         *         *   368.420    57.051    -3.343    15.949    10.678     1.030     0.044     0.073
   366.670         *         *         *         *    14.000         *         *         *         *     3.000    13.641    13.000     0.000     1.000     1.000     1.000         *         *         *         *   369.660    57.051    -7.657    15.949    14.107     1.030    -0.250     0.073
   193.330         *         *         *         *    14.000         *         *         *         *     0.000     4.146     9.000     1.000     1.000     0.000     1.000         *         *         *         *   245.419    57.051    -3.283    15.949    13.435     1.030     0.072     0.073
   560.000         *         *         *         *    13.000         *         *         *         *    -5.000     4.513     7.000     0.000     1.000     0.000     1.000         *         *         *         *   531.893    57.051   -26.160    15.949    12.914     1.030     0.024     0.073
   436.670         *         *         *         *    11.000         *         *         *         *     0.000     2.241    13.000     0.000     1.000     1.000     1.000         *         *         *         *   429.975    57.051   -10.033    15.949    11.821     1.030     0.010     0.073
   323.330         *         *         *         *    14.000         *         *         *         *    -2.000     3.700     5.000     1.000     1.000     0.000     1.000         *         *         *         *   342.867    57.051   -10.224    15.949    13.206     1.030     0.155     0.073
   236.670         *         *         *         *    13.000         *         *         *         *    -7.000     2.014     9.000     1.000     1.000     0.000     1.000         *         *         *         *   284.633    57.051   -12.616    15.949    12.686     1.030     0.122     0.073
   266.670         *         *         *         *    12.000         *         *         *         *    -5.000     2.249     5.000     0.000     0.000     0.000     1.000         *         *         *         *   309.399    57.051    -9.094    15.949    11.784     1.030     0.077     0.073
   476.670         *         *         *         *    14.000         *         *         *         *     5.000     2.682    10.000     0.000     1.000     0.000     1.000         *         *         *         *   463.633    57.051    -9.885    15.949    13.736     1.030     0.033     0.073
   236.670         *         *         *         *    13.000         *         *         *         *    -2.000     2.980    13.000     0.000     0.000     0.000     1.000         *         *         *         *   292.049    57.051    -6.924    15.949    12.866     1.030     0.013     0.073
   336.670         *         *         *         *    15.000         *         *         *         *     8.000     4.730     5.000     0.000     1.000     0.000     1.000         *         *         *         *   346.752    57.051     2.557    15.949    14.250     1.030    -0.032     0.073
   226.670         *         *         *         *    10.000         *         *         *         *     4.000     6.370     4.000     1.000     1.000     1.000     1.000         *         *         *         *   254.503    57.051     2.039    15.949    10.547     1.030     0.072     0.073
   280.000         *         *         *         *    12.000         *         *         *         *    15.000     6.567     5.000     1.000     1.000     1.000     1.000         *         *         *         *   287.863    57.051    12.813    15.949    11.969     1.030     0.110     0.073
   400.000         *         *         *         *    14.000         *         *         *         *     0.000     3.960     5.000     1.000     1.000     0.000     1.000         *         *         *         *   400.834    57.051   -12.392    15.949    13.205     1.030     0.183     0.073
