         *         *         *   353.330   400.000    51.000    51.000    56.000    48.000    42.000         *     7.547     5.000     0.000     0.000     0.000     1.000     2.000     3.000     4.000     5.000   389.592    81.374    -3.640    17.067    50.179     3.495    -0.387     0.673
         *         *         *         *   416.670    63.000    59.000    34.000    44.000    54.000         *     2.742     7.000     1.000     1.000     1.000     1.000     2.000     3.000     4.000     5.000   374.401    89.630     5.638    17.112    53.483     3.496    -1.073     0.673
         *         *         *         *   350.000    53.000    39.000    54.000    56.000    46.000         *     4.270     7.000     1.000     1.000     0.000     1.000     2.000     3.000     4.000     5.000   391.439    89.630   -10.316    17.112    49.776     3.496    -0.204     0.673
         *         *         *         *   293.330    33.000    36.000    27.000    22.000    30.000         *     0.604     6.000     0.000     0.000     1.000     1.000     2.000     3.000     4.000     5.000   342.000    89.630    -6.134    17.112    31.206     3.496     0.148     0.673
         *   446.670   423.330   453.330   396.670    63.000    48.000    36.000    30.000    46.000         *    15.692     5.000     1.000     1.000     1.000     1.000     2.000     3.000     4.000     5.000   428.089    58.979    -3.366    15.020    50.619     3.465    -2.021     0.656
         *         *         *         *   346.670    45.000    45.000    57.000    46.000    64.000         *     2.860     8.000     0.000     0.000     0.000     1.000     2.000     3.000     4.000     5.000   425.888    89.630   -16.102    17.112    48.963     3.496     0.681     0.673
         *         *         *         *   533.330    63.000    69.000    63.000    58.000    48.000         *     1.321    13.000     0.000     0.000     0.000     1.000     2.000     3.000     4.000     5.000   480.635    89.630     3.189    17.112    61.560     3.496    -0.465     0.673
         *         *         *         *   363.330    57.000    51.000    52.000    54.000    54.000         *     3.634     5.000     0.000     1.000     1.000     1.000     2.000     3.000     4.000     5.000   355.456    89.630     2.070    17.112    54.438     3.496    -0.701     0.673
         *         *         *         *   456.670    30.000    21.000    27.000    14.000    20.000         *     4.177     0.000     0.000     1.000     1.000     1.000     2.000     3.000     4.000     5.000   381.653    89.630     8.182    17.112    26.877     3.496    -0.812     0.673
         *         *   458.330   506.670   466.670    30.000    20.000    22.000    16.000    10.000         *    10.334     2.000     0.000     0.000     0.000     1.000     2.000     3.000     4.000     5.000   469.095    71.062    -3.312    16.417    24.452     3.488    -0.608     0.668
         *         *         *         *   313.330    45.000    54.000    54.000    54.000    46.000         *     5.751     5.000     0.000     1.000     0.000     1.000     2.000     3.000     4.000     5.000   364.228    89.630    -9.098    17.112    50.408     3.496    -0.208     0.673
         *         *         *         *   403.330    69.000    51.000    54.000    58.000    58.000         *     3.826     7.000     1.000     1.000     0.000     1.000     2.000     3.000     4.000     5.000   402.304    89.630    -2.902    17.112    58.294     3.496    -0.579     0.673
         *         *         *         *   366.670    57.000    63.000    57.000    62.000    58.000         *     3.180    13.000     0.000     0.000     0.000     1.000     2.000     3.000     4.000     5.000   428.271    89.630   -12.558    17.112    58.610     3.496     0.175     0.673
         *         *         *         *   201.670    33.000    45.000    51.000    42.000    24.000         *    12.631     1.000     0.000     1.000     0.000     1.000     2.000     3.000     4.000     5.000   291.883    89.630   -13.293    17.112    40.630     3.496    -0.611     0.673
         *         *         *   466.670   430.000    39.000    44.000    42.000    30.000    42.000         *    18.361     5.000     0.000     0.000     0.000     1.000     2.000     3.000     4.000     5.000   471.684    81.374   -11.821    17.067    43.175     3.495    -0.964     0.673
         *         *         *         *   460.000    58.000    53.000    58.000    52.000    46.000         *     4.861     7.000     0.000     1.000     0.000     1.000     2.000     3.000     4.000     5.000   423.182    89.630     1.737    17.112    55.095     3.496    -0.727     0.673
         *         *         *         *   343.330    42.000    60.000    36.000    50.000    48.000         *     8.642     2.000     0.000     1.000     1.000     1.000     2.000     3.000     4.000     5.000   342.682    89.630    -0.297    17.112    48.868     3.496    -0.916     0.673
         *         *         *         *   283.330    70.000    55.000    64.000    54.000    52.000         *    12.464     9.000     0.000     1.000     0.000     1.000     2.000     3.000     4.000     5.000   342.162    89.630    -9.447    17.112    61.308     3.496    -1.104     0.673
         *         *         *         *   298.330     9.000    33.000    12.000    20.000    18.000         *     6.972    -4.000     1.000     1.000     0.000     1.000     2.000     3.000     4.000     5.000   343.161    89.630   -11.097    17.112    19.666     3.496     0.015     0.673
         *         *         *         *   356.670    18.000    39.000    24.000    38.000    32.000         *     7.090     5.000     1.000     1.000     0.000     1.000     2.000     3.000     4.000     5.000   411.155    89.630   -16.773    17.112    31.687     3.496     0.069     0.673
         *         *         *         *   460.000    54.000    36.000    60.000    60.000    56.000         *     4.368     6.000     0.000     0.000     0.000     1.000     2.000     3.000     4.000     5.000   464.043    89.630    -6.964    17.112    51.744     3.496     0.192     0.673
         *         *         *         *    96.670    21.000    15.000    16.000    26.000    17.000         *    17.337     7.000     0.000     1.000     1.000     1.000     2.000     3.000     4.000     5.000   264.072    89.630   -27.341    17.112    24.286     3.496    -0.609     0.673
         *         *         *         *   280.000    51.000    42.000    36.000    38.000    38.000         *    11.517     5.000     0.000     1.000     0.000     1.000     2.000     3.000     4.000     5.000   337.917    89.630   -10.457    17.112    43.812     3.496    -0.762     0.673
         *         *         *   166.670   383.330    54.000    44.000    46.000    40.000    40.000         *     4.157     5.000     0.000     1.000     0.000     1.000     2.000     3.000     4.000     5.000   280.043    81.374     2.244    17.067    46.267     3.495    -0.478     0.673
         *         *         *         *   416.670    54.000    57.000    46.000    58.000    44.000         *     3.287     5.000     0.000     1.000     0.000     1.000     2.000     3.000     4.000     5.000   398.886    89.630     0.614    17.112    52.422     3.496    -0.469     0.673
         *         *         *         *   296.670    39.000    51.000    24.000    30.000    28.000         *     8.289    -2.000     1.000     1.000     0.000     1.000     2.000     3.000     4.000     5.000   315.665    89.630    -3.204    17.112    36.426     3.496    -0.769     0.673
         *         *         *   323.330   450.000    39.000    48.000    46.000    54.000    56.000         *     2.463     5.000     0.000     0.000     0.000     1.000     2.000     3.000     4.000     5.000   413.648    81.374    -6.876    17.067    46.402     3.495     0.538     0.673
         *         *         *         *   213.330    42.000    39.000    42.000    38.000    33.000         *     4.615     9.000     1.000     1.000     0.000     1.000     2.000     3.000     4.000     5.000   328.264    89.630   -18.620    17.112    40.186     3.496    -0.023     0.673
         *         *         *         *   476.670    48.000    60.000    48.000    60.000    54.000         *     3.095     9.000     0.000     0.000     1.000     1.000     2.000     3.000     4.000     5.000   445.817    89.630     0.489    17.112    54.633     3.496    -0.345     0.673
         *         *         *         *   353.330    60.000    60.000    60.000    48.000    52.000         *     8.431     7.000     0.000     1.000     0.000     1.000     2.000     3.000     4.000     5.000   372.247    89.630    -4.298    17.112    57.557     3.496    -0.841     0.673
         *         *         *         *   413.330    54.000    55.000    46.000    48.000    44.000         *     4.251     7.000     0.000     1.000     0.000     1.000     2.000     3.000     4.000     5.000   402.145    89.630    -1.051    17.112    51.070     3.496    -0.560     0.673
         *         *         *         *   366.670    30.000    39.000    30.000    17.000    28.000         *     4.034     5.000     0.000     1.000     0.000     1.000     2.000     3.000     4.000     5.000   383.523    89.630    -6.111    17.112    31.632     3.496    -0.191     0.673
         *         *         *         *   150.000    62.000    60.000    62.000    56.000    56.000         *     6.071     9.000     0.000     1.000     0.000     1.000     2.000     3.000     4.000     5.000   289.360    89.630   -17.063    17.112    58.424     3.496    -0.170     0.673
         *         *         *         *   366.670    55.000    70.000    64.000    62.000    62.000         *     0.793    13.000     0.000     0.000     0.000     1.000     2.000     3.000     4.000     5.000   428.619    89.630   -11.686    17.112    60.822     3.496     0.355     0.673
         *         *         *         *   245.000    60.000    56.000    44.000    58.000    52.000         *     3.248    11.000     0.000     1.000     1.000     1.000     2.000     3.000     4.000     5.000   316.393    89.630    -7.791    17.112    55.318     3.496    -0.493     0.673
         *         *         *         *   183.330    30.000    55.000    53.000    66.000    46.000         *     8.530     5.000     1.000     1.000     0.000     1.000     2.000     3.000     4.000     5.000   329.996    89.630   -24.740    17.112    48.128     3.496     0.208     0.673
         *         *         *         *   310.000    60.000    48.000    38.000    46.000    42.000         *     8.741     6.000     0.000     1.000     1.000     1.000     2.000     3.000     4.000     5.000   319.858    89.630    -0.025    17.112    50.367     3.496    -1.224     0.673
         *         *         *         *   326.670    21.000    36.000    14.000    32.000    28.000         *     4.270     2.000     1.000     1.000     0.000     1.000     2.000     3.000     4.000     5.000   377.164    89.630   -12.986    17.112    27.270     3.496     0.170     0.673
         *         *         *         *   283.330    30.000    39.000    24.000    26.000    34.000         *     0.886     5.000     1.000     1.000     1.000     1.000     2.000     3.000     4.000     5.000   329.278    89.630    -7.268    17.112    32.497     3.496    -0.138     0.673
         *         *         *         *   363.330    47.000    36.000    50.000    60.000    54.000         *    13.795    12.000     0.000     1.000     0.000     1.000     2.000     3.000     4.000     5.000   438.466    89.630   -21.176    17.112    51.478     3.496    -0.408     0.673
         *         *         *         *   206.670    60.000    64.000    56.000    66.000    56.000         *     9.455     3.000     0.000     1.000     1.000     1.000     2.000     3.000     4.000     5.000   271.987    89.630    -4.878    17.112    60.460     3.496    -0.956     0.673
         *         *         *         *   630.000    48.000    54.000    58.000    52.000    42.000         *     2.304     6.000     0.000     1.000     0.000     1.000     2.000     3.000     4.000     5.000   504.831    89.630    10.506    17.112    52.859     3.496    -0.737     0.673
         *         *         *   303.330         *    54.000    63.000    56.000    50.000    50.000         *    11.128     7.000     0.000     1.000     0.000     1.000     2.000     3.000     4.000     5.000   347.485    82.212    -9.166    17.858    56.248     3.537    -0.840     0.690
         *         *         *   326.670         *    51.000    54.000    54.000    44.000    50.000         *     5.858     5.000     0.000     0.000     0.000     1.000     2.000     3.000     4.000     5.000   369.415    82.212    -8.100    17.858    49.921     3.537    -0.051     0.690
         *         *         *   220.000         *    58.000    64.000    50.000    62.000    58.000         *     7.331     7.000     0.000     0.000     0.000     1.000     2.000     3.000     4.000     5.000   317.255    82.212   -13.716    17.858    56.694     3.537     0.032     0.690
         *         *   346.670         *         *    52.000    58.000    66.000         *         *         *     3.251     9.000     0.000     1.000     1.000     1.000     2.000     3.000         *         *   359.451    73.847    -1.588    18.367    58.241     3.873    -0.585     0.724
         *         *         *   275.000   396.670    70.000    67.000    64.000    58.000    56.000         *     6.843     9.000     0.000     1.000     0.000     1.000     2.000     3.000     4.000     5.000   336.205    81.374     1.386    17.067    64.421     3.495    -0.960     0.673
         *         *         *   373.330         *    67.000    64.000    66.000    66.000    60.000         *     1.797    14.000     1.000     0.000     0.000     1.000     2.000     3.000     4.000     5.000   421.384    82.212   -11.727    17.858    63.617     3.537     0.010     0.690
         *         *         *   573.330   590.000    51.000    51.000    62.000    56.000    46.000         *     3.667     7.000     0.000     1.000     0.000     1.000     2.000     3.000     4.000     5.000   520.572    81.374     5.313    17.067    54.969     3.495    -0.691     0.673
         *         *         *   486.670         *    60.000    58.000    60.000    46.000    58.000         *     1.504    11.000     1.000     1.000     0.000     1.000     2.000     3.000     4.000     5.000   465.882    82.212    -4.766    17.858    57.444     3.537    -0.440     0.690
         *         *         *   257.330   300.000    33.000    45.000    56.000    40.000    44.000         *     8.535     5.000     0.000     1.000     0.000     1.000     2.000     3.000     4.000     5.000   344.276    81.374   -13.592    17.067    44.012     3.495    -0.122     0.673
         *         *         *   366.670         *    45.000    51.000    14.000    32.000    34.000         *     7.752     3.000     0.000     1.000     0.000     1.000     2.000     3.000     4.000     5.000   368.179    82.212    -3.330    17.858    38.295     3.537    -0.697     0.690
         *         *         *   608.330   573.330    57.000    60.000    62.000    64.000    60.000         *     9.535    11.000     0.000     1.000     0.000     1.000     2.000     3.000     4.000     5.000   559.035    81.374    -2.738    17.067    63.094     3.495    -0.983     0.673
         *         *         *   338.330   413.330    51.000    54.000    30.000    40.000    34.000         *    10.687     5.000     0.000     0.000     1.000     1.000     2.000     3.000     4.000     5.000   350.713    81.374     4.686    17.067    46.028     3.495    -1.266     0.673
         *         *         *   331.000   283.330    48.000    52.000    44.000    32.000    40.000         *     9.600     5.000     1.000     0.000     0.000     1.000     2.000     3.000     4.000     5.000   363.445    81.374   -12.378    17.067    44.560     3.495    -0.465     0.673
         *         *         *   290.000   293.330    36.000    45.000    40.000    24.000    40.000         *     3.541     5.000     1.000     1.000     0.000     1.000     2.000     3.000     4.000     5.000   344.945    81.374   -11.224    17.067    37.963     3.495    -0.062     0.673
         *         *   483.330   236.670   390.000    57.000    48.000    50.000    38.000    50.000         *     3.930     9.000     1.000     1.000     1.000     1.000     2.000     3.000     4.000     5.000   397.734    71.062    -8.079    16.417    50.961     3.488    -0.766     0.668
         *         *         *   505.000   553.330    67.000    70.000    60.000    64.000    66.000         *     0.864     9.000     0.000     1.000     0.000     1.000     2.000     3.000     4.000     5.000   477.801    81.374     6.546    17.067    65.569     3.495    -0.585     0.673
         *         *         *   238.330   386.670    64.000    44.000    40.000    50.000    46.000         *     3.139     5.000     0.000     1.000     0.000     1.000     2.000     3.000     4.000     5.000   312.749    81.374     2.316    17.067    49.695     3.495    -0.455     0.673
         *         *         *   233.330   240.000    42.000    46.000    42.000    48.000    48.000         *     7.582     9.000     0.000     0.000     0.000     1.000     2.000     3.000     4.000     5.000   347.535    81.374   -21.496    17.067    44.573     3.495     0.394     0.673
         *         *         *   326.000   390.000    54.000    31.000    48.000    48.000    52.000         *     1.483     6.000     0.000     0.000     0.000     1.000     2.000     3.000     4.000     5.000   394.775    81.374    -7.774    17.067    45.083     3.495     0.475     0.673
         *         *         *   353.330   330.000    58.000    46.000    66.000    50.000    52.000         *     4.713     9.000     0.000     0.000     0.000     1.000     2.000     3.000     4.000     5.000   395.825    81.374   -11.336    17.067    53.733     3.495     0.063     0.673
   126.670         *         *         *         *    30.000    44.000         *         *         *   -12.000     2.271     9.000     0.000     0.000     1.000     1.000     2.000         *         *         *   201.758    57.111    -9.111    15.917    39.260     4.330     0.473     0.697
   223.330   276.670         *         *         *    50.000    46.000         *         *         *     3.500     2.687    11.000     1.000     1.000     0.000     1.000     2.000         *         *         *   276.282    48.455    -4.194    15.898    49.357     4.323    -0.152     0.695
   593.330   523.330   300.000   560.000   380.000    56.000    60.000    54.000    54.000    64.000     1.000    10.712     9.000     0.000     0.000     0.000     1.000     2.000     3.000     4.000     5.000   540.707    46.243   -26.286    12.654    57.019     3.422    -0.097     0.630
   296.670         *         *         *         *    54.000         *         *         *         *     0.000     7.996     5.000     1.000     1.000     0.000     1.000         *         *         *         *   318.735    57.116    -8.021    15.963    50.258     5.318    -0.591     0.699
   343.330   370.000   366.670   230.000   260.000    28.000    46.000    36.000    46.000    34.000    -8.000     6.238     5.000     0.000     0.000     0.000     1.000     2.000     3.000     4.000     5.000   393.109    46.243   -26.257    12.654    36.744     3.422     0.669     0.630
   223.330         *         *         *         *    32.000         *         *         *         *   -11.000    14.715     5.000     0.000     0.000     0.000     1.000         *         *         *         *   279.656    57.116   -26.081    15.963    36.590     5.318     0.126     0.699
   233.330   363.330         *         *         *    64.000    62.000         *         *         *    -1.000    15.259    13.000     1.000     0.000     1.000     1.000     2.000         *         *         *   315.721    48.455    -7.538    15.898    63.390     4.323    -1.386     0.695
   260.000   273.330         *   433.330   140.000    34.000    20.000    32.000    26.000    42.000     6.000     0.856     6.000     0.000     0.000     0.000     1.000     2.000     3.000     4.000     5.000   313.915    47.897    -9.074    12.654    30.091     3.423     0.835     0.631
   445.000   443.330   303.330   680.000   583.330    62.000    66.000    62.000    62.000    64.000    -8.000    13.819    13.000     0.000     0.000     0.000     1.000     2.000     3.000     4.000     5.000   455.647    46.243     6.538    12.654    66.660     3.422    -1.215     0.630
   303.330   466.670         *   363.330   303.330    34.000    36.000    38.000    46.000    48.000    -1.000    11.769     7.000     0.000     1.000     1.000     1.000     2.000     3.000     4.000     5.000   394.622    47.897   -13.897    12.654    42.999     3.423    -0.585     0.631
   643.330   670.000   523.330   566.670   486.670    58.000    64.000    58.000    46.000    54.000    10.000     2.605    11.000     1.000     0.000     0.000     1.000     2.000     3.000     4.000     5.000   625.084    46.243   -20.429    12.654    55.972     3.422    -0.095     0.630
   225.000         *         *         *         *    56.000    58.000    62.000    58.000    50.000     4.000    16.453     9.000     1.000     0.000     1.000     1.000     2.000     3.000     4.000     5.000   261.124    57.041    -2.455    15.826    59.930     3.545    -1.459     0.679
   390.000         *   440.000   320.000   313.330    52.000    62.000    54.000    60.000    58.000     0.000     7.265     6.000     1.000     1.000     1.000     1.000     2.000     3.000     4.000     5.000   401.805    51.202   -12.016    13.029    57.561     3.427    -0.740     0.633
   513.330   453.330         *   456.670   446.670    60.000    52.000    54.000    54.000    58.000    -2.000     1.272     9.000     0.000     1.000     0.000     1.000     2.000     3.000     4.000     5.000   491.506    47.897   -11.431    12.654    55.263     3.423    -0.024     0.631
   430.000   380.000         *   403.330         *    54.000    58.000    48.000    42.000    56.000     3.000     9.091    10.000     0.000     1.000     1.000     1.000     2.000     3.000     4.000     5.000   409.641    47.985    -5.309    14.294    55.047     3.476    -1.104     0.652
   473.330         *         *         *         *    60.000         *         *         *         *    -3.000    11.728    11.000     0.000     1.000     1.000     1.000         *         *         *         *   453.267    57.116   -16.337    15.963    59.669     5.318    -1.129     0.699
   286.670   243.330   306.670   276.670         *    54.000    52.000    52.000    54.000    46.000    14.000     1.737    13.000     0.000     1.000     0.000     1.000     2.000     3.000     4.000     5.000   279.928    46.619     4.951    14.209    53.395     3.470    -0.377     0.650
         *         *   383.330         *         *    46.000    34.000    32.000         *         *         *    12.231     3.000     1.000     1.000     0.000     1.000     2.000     3.000         *         *   395.694    73.847   -13.509    18.367    39.689     3.873    -0.786     0.724
   300.000   333.330         *   356.670         *    36.000    30.000    28.000    20.000         *     4.000     5.789     4.000     1.000     1.000     0.000     1.000     2.000     3.000     4.000         *   334.774    48.064    -2.866    14.345    31.859     3.580    -0.449     0.664
   413.330   433.330   533.330   297.670   443.330    54.000    60.000    44.000    50.000    28.000    -5.000    15.065     5.000     1.000     1.000     0.000     1.000     2.000     3.000     4.000     5.000   448.600    46.243   -12.251    12.654    51.565     3.422    -1.510     0.630
   390.000   366.670   600.000   486.670   316.670    30.000    29.000    28.000    34.000    38.000     1.000    10.156     5.000     0.000     1.000     1.000     1.000     2.000     3.000     4.000     5.000   446.271    46.243    -8.496    12.654    35.625     3.422    -0.694     0.630
   256.670   296.670         *         *         *    58.000    58.000    60.000         *         *     8.000    15.634    13.000     0.000     1.000     0.000     1.000     2.000     3.000         *         *   299.556    48.454    -6.129    15.898    61.017     3.860    -1.222     0.694
   540.000   400.000   516.670   530.000   486.670    20.000    24.000    28.000    30.000    34.000    10.000     2.643     5.000     1.000     1.000     0.000     1.000     2.000     3.000     4.000     5.000   500.562    46.243    -6.538    12.654    29.103     3.422     0.116     0.630
         *   590.000         *         *         *    60.000    60.000         *         *         *   -15.000    14.652     9.000     1.000     0.000     1.000     1.000     2.000         *         *         *   568.957    64.179   -34.005    16.618    58.844     4.326    -0.815     0.699
         *   316.670   186.670   280.000   226.670    62.000    56.000    60.000    66.000    42.000    -2.000    16.352    10.000     0.000     1.000     0.000     1.000     2.000     3.000     4.000     5.000   314.937    57.531   -16.344    14.331    59.997     3.451    -1.141     0.645
         *   303.330   636.670   563.330   483.330    42.000    34.000    38.000    42.000    46.000     8.000     3.621     4.000     0.000     0.000     0.000     1.000     2.000     3.000     4.000     5.000   450.249    57.531     9.864    14.331    41.430     3.451    -0.146     0.645
         *   400.000   443.330   440.000   416.670    44.000    52.000    48.000    44.000    42.000     0.000     4.374     6.000     1.000     1.000     1.000     1.000     2.000     3.000     4.000     5.000   418.612    57.531    -0.880    14.331    48.528     3.451    -0.876     0.645
   523.330   326.670   340.000   286.670   254.000    40.000    56.000    44.000    44.000    42.000     6.000     9.663     7.000     0.000     1.000     0.000     1.000     2.000     3.000     4.000     5.000   435.735    46.243   -29.647    12.654    45.740     3.422    -0.135     0.630
   403.330         *         *         *         *    52.000         *         *         *         *    -2.000     5.209    13.000     0.000     1.000     0.000     1.000         *         *         *         *   415.050    57.116   -18.382    15.963    54.508     5.318    -0.043     0.699
   403.330         *         *         *         *    42.000    40.000         *         *         *   -11.000    17.493     5.000     0.000     0.000     0.000     1.000     2.000         *         *         *   416.360    57.111   -34.370    15.917    42.195     4.330    -0.161     0.697
   243.330         *   406.670   220.000   203.330    34.000    42.000    50.000    32.000    36.000     3.000    13.277     7.000     1.000     1.000     0.000     1.000     2.000     3.000     4.000     5.000   324.125    51.202   -16.541    13.029    41.710     3.427    -0.672     0.633
   416.670   300.000   290.000   326.670   303.330    56.000    44.000    40.000    64.000    54.000    -3.000    11.749     5.000     0.000     0.000     0.000     1.000     2.000     3.000     4.000     5.000   384.330    46.243   -18.861    12.654    50.725     3.422    -0.060     0.630
   453.330   386.670   376.670   310.000         *    50.000    48.000    52.000    34.000    44.000    -5.000     4.897     7.000     0.000     0.000     0.000     1.000     2.000     3.000     4.000     5.000   436.104    46.619   -22.510    14.209    45.104     3.470     0.265     0.650
   396.670   250.000   346.670         *   306.670    46.000    42.000    42.000    40.000    40.000    -3.000     1.488     7.000     1.000     1.000     1.000     1.000     2.000     3.000     4.000     5.000   349.317    46.390    -8.477    12.983    43.493     3.435    -0.348     0.635
   416.670   450.000   403.330   370.000         *    44.000    44.000    38.000    36.000         *     1.000     8.308    13.000     0.000     0.000     1.000     1.000     2.000     3.000     4.000         *   442.562    46.707   -15.548    14.259    44.274     3.575    -0.434     0.662
   316.670         *         *         *         *    44.000         *         *         *         *    11.000    10.983     4.000     0.000     1.000     0.000     1.000         *         *         *         *   327.729    57.116     0.442    15.963    45.109     5.318    -0.865     0.699
   440.000   440.000   493.330   420.000   360.000    40.000    42.000    52.000    42.000    34.000     0.000     1.907     7.000     0.000     1.000     0.000     1.000     2.000     3.000     4.000     5.000   463.844    46.243   -13.232    12.654    42.760     3.422     0.055     0.630
   413.330   423.330   526.670   476.670   436.670    60.000    66.000    62.000    58.000    60.000     4.000    14.309    13.000     0.000     0.000     0.000     1.000     2.000     3.000     4.000     5.000   460.832    46.243    -4.767    12.654    64.089     3.422    -1.050     0.630
   193.330         *         *         *         *    48.000    36.000         *         *         *     1.000     2.895     1.000     0.000     0.000     0.000     1.000     2.000         *         *         *   241.173    57.111     5.460    15.917    40.510     4.330     0.111     0.697
   330.000         *   306.670   276.670         *    62.000    62.000    52.000    58.000    56.000    13.000     7.837    12.000     0.000     1.000     0.000     1.000     2.000     3.000     4.000     5.000   324.645    51.290    -2.907    14.388    59.926     3.471    -0.777     0.651
   223.330         *         *         *         *    62.000         *         *         *         *   -17.000    21.244    11.000     0.000     0.000     0.000     1.000         *         *         *         *   285.102    57.116   -31.819    15.963    59.453     5.318    -0.647     0.699
   566.670         *         *         *         *    38.000         *         *         *         *   -18.000    21.685     5.000     0.000     0.000     0.000     1.000         *         *         *         *   547.025    57.116   -54.329    15.963    41.060     5.318    -0.064     0.699
   233.330         *         *         *         *    36.000    30.000         *         *         *    -4.000    18.507     1.000     1.000     1.000     0.000     1.000     2.000         *         *         *   269.904    57.111   -20.664    15.917    35.292     4.330    -0.820     0.697
   556.670         *         *         *         *    46.000         *         *         *         *   -17.000    10.693     5.000     0.000     1.000     0.000     1.000         *         *         *         *   531.462    57.116   -40.623    15.963    45.659     5.318     0.098     0.699
   173.330   293.330         *         *         *    34.000    32.000         *         *         *   -11.000    22.222     1.000     1.000     1.000     0.000     1.000     2.000         *         *         *   274.420    48.455   -26.597    15.898    35.647     4.323    -0.939     0.695
   450.000   366.670   533.330   490.000   433.330    40.000    52.000    58.000    48.000    40.000     3.000     7.613    13.000     0.000     0.000     0.000     1.000     2.000     3.000     4.000     5.000   464.061    46.243    -5.990    12.654    50.139     3.422    -0.332     0.630
   343.330         *         *         *         *         *    46.000         *         *         *     2.000    16.683    11.000     1.000     1.000     1.000     1.000     2.000         *         *         *   352.035    57.129   -15.866    16.095    51.925     5.504    -1.454     0.713
   493.330   483.330   506.670         *   433.330    44.000    50.000    64.000    42.000    54.000     5.000     4.423     5.000     0.000     1.000     0.000     1.000     2.000     3.000     4.000     5.000   494.149    46.390    -9.303    12.983    50.642     3.435    -0.185     0.635
   293.330         *         *         *         *    52.000    40.000         *         *         *    -5.000     9.567     5.000     1.000     1.000     0.000     1.000     2.000         *         *         *   320.319    57.111   -16.071    15.917    45.942     4.330    -0.442     0.697
   433.330         *         *         *         *    50.000         *         *         *         *     6.000     2.323    13.000     0.000     1.000     0.000     1.000         *         *         *         *   433.954    57.116   -10.294    15.963    53.405     5.318    -0.039     0.699
   293.330   340.000   303.330   293.330   243.330    44.000    34.000    32.000    42.000    28.000   -13.000    14.597     7.000     0.000     1.000     1.000     1.000     2.000     3.000     4.000     5.000   347.884    46.243   -19.069    12.654    40.624     3.422    -1.006     0.630
   496.670   500.000         *         *         *    53.000    64.000         *         *         *     1.000     1.729     7.000     0.000     1.000     0.000     1.000     2.000         *         *         *   492.545    48.455    -9.139    15.898    56.155     4.323    -0.137     0.695
   523.330   483.330         *         *         *    52.000    50.000         *         *         *    -4.000    15.224     9.000     1.000     1.000     0.000     1.000     2.000         *         *         *   521.210    48.455   -33.691    15.898    52.149     4.323    -0.710     0.695
   433.330         *   433.330   450.000   440.670    54.000    54.000    52.000    66.000    58.000     6.000    11.626     9.000     0.000     1.000     0.000     1.000     2.000     3.000     4.000     5.000   447.897    51.202    -5.609    13.029    58.666     3.427    -0.833     0.633
   243.330   360.000   313.330         *         *    32.000    42.000    34.000    44.000    32.000     3.000    14.701     1.000     0.000     0.000     0.000     1.000     2.000     3.000     4.000     5.000   319.871    46.646    -6.034    15.328    38.482     3.512    -0.519     0.667
   570.000   563.330   643.330   603.330         *    56.000    62.000    60.000    66.000    60.000    14.000     1.847    12.000     1.000     1.000     1.000     1.000     2.000     3.000     4.000     5.000   560.208    46.619     5.930    14.209    63.225     3.470    -1.044     0.650
   470.000         *   533.330         *         *    64.000    46.000    56.000    64.000    50.000     8.000     7.216     9.000     0.000     0.000     0.000     1.000     2.000     3.000     4.000     5.000   488.001    51.790    -2.897    15.352    57.045     3.512    -0.511     0.667
   306.670   316.670   383.330   353.330   296.670    62.000    44.000    56.000    44.000    42.000    -1.000    18.036    14.000     0.000     1.000     1.000     1.000     2.000     3.000     4.000     5.000   349.660    46.243    -7.241    12.654    56.692     3.422    -1.910     0.630
   426.670         *   433.330   396.670   350.000    60.000    58.000    58.000    56.000    54.000    -2.000     8.352     7.000     1.000     1.000     1.000     1.000     2.000     3.000     4.000     5.000   428.008    51.202   -10.460    13.029    58.943     3.427    -1.074     0.633
         *   383.330   410.000   373.330   350.000    60.000    62.000    50.000    46.000    54.000         *     3.098     9.000     0.000     1.000     0.000     1.000     2.000     3.000     4.000     5.000   401.716    58.979    -6.740    15.020    55.216     3.465    -0.381     0.656
   300.000         *         *         *         *    62.000         *         *         *         *    10.000    10.438    11.000     0.000     0.000     0.000     1.000         *         *         *         *   328.505    57.116     0.084    15.963    59.781     5.318    -0.732     0.699
   533.330         *         *         *         *    62.000    64.000         *         *         *    -6.000    14.277     4.000     1.000     1.000     0.000     1.000     2.000     3.000     4.000         *   500.238    57.111   -25.906    15.917    59.178     4.330    -0.962     0.697
   196.670         *         *         *   206.670    60.000    50.000    42.000    46.000    58.000     0.000    13.918    13.000     1.000     0.000     1.000     1.000     2.000     3.000     4.000     5.000   250.307    55.931    -8.881    13.247    54.575     3.438    -1.015     0.637
   350.000         *         *         *         *    58.000         *         *         *         *     3.000    16.557     7.000     0.000     0.000     0.000     1.000         *         *         *         *   365.729    57.116   -12.119    15.963    55.117     5.318    -0.883     0.699
   803.330   430.000   593.330   520.000         *    40.000    44.000    32.000    34.000    34.000    -3.000    11.440     4.000     0.000     1.000     0.000     1.000     2.000     3.000     4.000     5.000   647.318    46.619   -35.340    14.209    38.961     3.470    -0.349     0.650
   446.670         *         *         *         *    60.000         *         *         *         *     6.000     3.358    10.000     0.000     1.000     0.000     1.000         *         *         *         *   437.358    57.116    -5.274    15.963    57.851     5.318    -0.386     0.699
   200.000         *         *         *         *         *    58.000         *         *         *     1.000     9.874    13.000     0.000     1.000     1.000     1.000     2.000         *         *         *   243.180    57.129     1.279    16.095    60.231     5.504    -1.211     0.713
         *   396.670   476.670   560.000   493.330    42.000    56.000    52.000    54.000    52.000         *    14.638     7.000     0.000     1.000     0.000     1.000     2.000     3.000     4.000     5.000   459.807    58.979     1.615    15.020    54.740     3.465    -1.226     0.656
   276.670         *   286.670   250.000   290.000    36.000    42.000    38.000    42.000    50.000     3.000     7.520     8.000     0.000     0.000     0.000     1.000     2.000     3.000     4.000     5.000   316.367    51.202   -10.259    13.029    41.631     3.427     0.272     0.633
   466.670   403.330   253.330         *   226.670    62.000    64.000    60.000    58.000    64.000    -4.000    15.585    11.000     0.000     0.000     0.000     1.000     2.000     3.000     4.000     5.000   443.472    46.390   -38.314    12.983    60.977     3.435    -0.193     0.635
   313.330   280.000   310.000         *         *    26.000    36.000    38.000         *         *     6.000     5.855     2.000     1.000     1.000     1.000     1.000     2.000     3.000         *         *   306.294    46.759    -0.736    15.411    35.282     3.840    -0.594     0.684
   150.000         *         *         *         *    14.000         *         *         *         *     2.000     8.420     4.000     0.000     1.000     0.000     1.000         *         *         *         *   211.672    57.116    -9.133    15.963    25.514     5.318     0.151     0.699
   546.670         *         *         *         *    50.000         *         *         *         *     6.000     7.202     5.000     1.000     1.000     1.000     1.000         *         *         *         *   497.949    57.116    -8.887    15.963    48.957     5.318    -1.019     0.699
   266.670         *   150.000         *         *    41.000    52.000         *         *         *   -11.000    12.245     9.000     1.000     1.000     0.000     1.000     2.000     3.000         *         *   288.084    51.904   -32.002    15.436    47.067     4.307    -0.104     0.685
   533.330         *   540.000   370.000   456.670    64.000    60.000    60.000    64.000    58.000     4.000     2.953    13.000     1.000     1.000     1.000     1.000     2.000     3.000     4.000     5.000   507.217    51.202   -13.141    13.029    62.593     3.427    -0.710     0.633
   503.330   186.670   606.670   506.670   466.670    64.000    62.000    66.000    54.000    52.000     6.000    11.892    13.000     0.000     0.000     0.000     1.000     2.000     3.000     4.000     5.000   430.945    46.243     5.259    12.654    63.391     3.422    -1.247     0.630
         *         *   416.670   423.330   154.670    52.000    52.000    50.000    52.000    48.000         *    11.862     1.000     0.000     0.000     0.000     1.000     2.000     3.000     4.000     5.000   433.820    71.062   -26.001    16.417    49.219     3.488    -0.086     0.668
   470.000         *   453.330   406.670   496.670    58.000    50.000    50.000    54.000    42.000    14.000    11.147     6.000     0.000     1.000     1.000     1.000     2.000     3.000     4.000     5.000   426.681    51.202     6.877    13.029    55.399     3.427    -1.718     0.633
   436.670         *         *         *         *    42.000    26.000    48.000         *         *   -25.000     7.131     5.000     0.000     1.000     1.000     1.000     2.000     3.000         *         *   436.432    57.109   -36.800    15.917    39.284     3.866     0.231     0.696
   120.000         *         *         *         *    36.000         *         *         *         *         *     8.385     5.000     1.000     1.000     0.000     1.000         *         *         *         *   187.054    57.298    -6.837    17.634    38.881     5.333    -0.274     0.733
   166.670   250.000   153.330   140.000         *    38.000    40.000    42.000    46.000         *   -10.000    14.920     3.000     0.000     0.000     0.000     1.000     2.000     3.000     4.000         *   245.135    46.707   -22.319    14.259    41.089     3.575     0.028     0.662
   370.000   433.330   316.670         *         *    66.000    58.000    64.000    58.000         *    11.000    12.768     9.000     0.000     1.000     0.000     1.000     2.000     3.000     4.000         *   382.280    46.731    -4.054    15.391    62.980     3.612    -1.221     0.679
   476.670   456.670   383.330   323.330         *    60.000    56.000    50.000    56.000         *     4.000     9.844    15.000     0.000     1.000     0.000     1.000     2.000     3.000     4.000         *   470.841    46.707   -26.178    14.259    57.411     3.575    -0.427     0.662
   456.670   400.000   350.000   346.670   376.670    56.000    60.000    56.000    64.000         *    -4.000     8.500    11.000     0.000     1.000     0.000     1.000     2.000     3.000     4.000     5.000   440.860    46.313   -19.768    12.682    59.082     3.536    -0.304     0.641
   483.330   673.330   726.670   516.670         *    38.000    32.000    50.000    50.000    44.000     9.000    -0.379     6.000     0.000     1.000     0.000     1.000     2.000     3.000     4.000     5.000   583.441    46.619    -2.263    14.209    43.242     3.470     0.103     0.650
   300.000   253.330   343.330         *         *    64.000    60.000    66.000    58.000    58.000    -6.000    10.348    11.000     0.000     0.000     0.000     1.000     2.000     3.000     4.000     5.000   328.850    46.646   -11.315    15.328    61.515     3.512    -0.414     0.667
   433.330   436.670   450.000   396.670   333.330    62.000    60.000    64.000    58.000    30.000     8.000    15.290    11.000     0.000     0.000     0.000     1.000     2.000     3.000     4.000     5.000   445.996    46.243   -13.164    12.654    58.647     3.422    -1.265     0.630
   300.000         *         *         *         *    28.000         *         *         *         *    -9.000    18.665     4.000     0.000     1.000     0.000     1.000         *         *         *         *   330.185    57.116   -30.946    15.963    34.922     5.318    -0.405     0.699
   216.670   276.670         *         *         *    40.000    48.000         *         *         *    13.000     5.899     3.000     0.000     1.000     1.000     1.000     2.000     3.000         *         *   238.008    48.455    19.242    15.898    45.166     4.323    -1.159     0.695
   466.670         *         *         *         *    66.000    62.000         *         *         *     7.000     3.224    11.000     0.000     0.000     0.000     1.000     2.000         *         *         *   458.693    57.111    -4.478    15.917    61.796     4.330    -0.190     0.697
   323.330   183.330   246.670   206.670   180.000    34.000    38.000    28.000    30.000    46.000    -3.000     9.255    -1.000     0.000     0.000     0.000     1.000     2.000     3.000     4.000     5.000   294.963    46.243   -19.628    12.654    33.518     3.422     0.445     0.630
   483.330   303.330         *   300.000         *    58.000    34.000    44.000    52.000         *     1.000     9.069     5.000     1.000     1.000     0.000     1.000     2.000     3.000     4.000         *   414.246    48.064   -23.624    14.345    47.033     3.580    -0.308     0.664
   233.330         *         *         *         *    21.000    26.000         *         *         *     7.000     4.842    -1.000     0.000     1.000     0.000     1.000     2.000         *         *         *   264.130    57.111     1.580    15.917    26.399     4.330     0.012     0.697
   283.330         *   230.000   226.670         *    56.000    34.000    42.000    58.000    42.000     8.000    12.396    13.000     0.000     0.000     0.000     1.000     2.000     3.000     4.000     5.000   302.250    51.290   -14.819    14.388    48.570     3.471    -0.315     0.651
   443.330         *         *         *         *    48.000         *         *         *         *     2.000    10.345     7.000     0.000     0.000     0.000     1.000         *         *         *         *   441.216    57.116   -16.896    15.963    48.235     5.318    -0.186     0.699
   203.330   276.670   206.670   203.330   160.000    46.000    46.000    40.000    52.000    46.000     1.000    13.789     7.000     0.000     0.000     0.000     1.000     2.000     3.000     4.000     5.000   269.308    46.243   -16.414    12.654    46.585     3.422    -0.209     0.630
   166.670         *         *         *         *    64.000         *         *         *         *   -10.000     2.917     5.000     0.000     1.000     1.000     1.000         *         *         *         *   211.739    57.116     6.483    15.963    56.677     5.318    -0.735     0.699
   583.330   626.670   696.670   623.330   573.330    66.000    50.000    52.000    50.000    64.000    11.000     4.831     9.000     0.000     1.000     0.000     1.000     2.000     3.000     4.000     5.000   607.238    46.243    -1.880    12.654    58.321     3.422    -0.748     0.630
   480.000         *         *         *         *    58.000         *         *         *         *     4.000     8.292    17.000     0.000     0.000     0.000     1.000         *         *         *         *   481.354    57.116   -20.895    15.963    60.701     5.318    -0.101     0.699
   466.670   546.670   476.670   476.670         *    54.000         *         *    50.000    56.000     6.000     6.047     9.000     0.000     0.000     0.000     1.000     2.000     3.000     4.000     5.000   502.538    46.702    -8.582    14.269    53.605     4.164    -0.178     0.658
   183.330   260.000         *         *         *    50.000    46.000         *         *         *    -4.000    16.092     7.000     0.000     1.000     0.000     1.000     2.000         *         *         *   255.748    48.455   -12.361    15.898    49.540     4.323    -0.891     0.695
   310.000   356.670   316.670   243.330   220.000    54.000    48.000    52.000    30.000    44.000    -4.000    17.181     7.000     1.000     0.000     0.000     1.000     2.000     3.000     4.000     5.000   364.792    46.243   -25.227    12.654    47.980     3.422    -0.781     0.630
   250.000         *         *         *         *    60.000         *         *         *         *     1.000    13.168     3.000     0.000     1.000     0.000     1.000         *         *         *         *   277.158    57.116    -1.115    15.963    54.059     5.318    -1.115     0.699
   516.670         *         *         *         *    58.000         *         *         *         *     3.000     5.351     7.000     0.000     1.000     0.000     1.000         *         *         *         *   488.978    57.116   -11.449    15.963    54.836     5.318    -0.408     0.699
   350.000   383.330   418.670   350.000   296.670    62.000    60.000    62.000    66.000    58.000     4.000     6.758    13.000     0.000     1.000     0.000     1.000     2.000     3.000     4.000     5.000   394.647    46.243   -11.248    12.654    62.420     3.422    -0.461     0.630
   346.670         *         *         *         *    44.000         *         *         *         *    11.000    10.402     5.000     0.000     1.000     0.000     1.000         *         *         *         *   352.453    57.116    -1.616    15.963    45.706     5.318    -0.791     0.699
   333.330         *         *         *         *    50.000         *         *         *         *    -6.000    15.147     4.000     0.000     0.000     1.000     1.000         *         *         *         *   344.842    57.116   -12.537    15.963    48.280     5.318    -0.934     0.699
   206.670   230.000   263.330   172.000         *    58.000    50.000    50.000    54.000         *    -5.000     8.886    13.000     0.000     1.000     0.000     1.000     2.000     3.000     4.000         *   266.838    46.707   -15.014    14.259    54.425     3.575    -0.322     0.662
   366.670   383.330         *   343.330   300.000    62.000    52.000    56.000    56.000    58.000    -5.000     9.619    13.000     0.000     0.000     1.000     1.000     2.000     3.000     4.000     5.000   395.774    47.897   -16.045    12.654    58.366     3.423    -0.537     0.631
   393.330   390.000         *         *         *    40.000    48.000         *         *         *    12.000     3.369     4.000     1.000     1.000     1.000     1.000     2.000         *         *         *   376.726    48.455     6.620    15.898    44.790     4.323    -0.889     0.695
   336.670   270.000   169.330   170.000         *    46.000    50.000    44.000    46.000         *    -5.000    18.821     9.000     0.000     1.000     0.000     1.000     2.000     3.000     4.000         *   328.308    46.707   -34.459    14.259    48.503     3.575    -0.596     0.662
   313.330   363.330   420.000   376.670         *    50.000    56.000    48.000    60.000         *    11.000     6.931     5.000     0.000     0.000     0.000     1.000     2.000     3.000     4.000         *   352.662    46.707     7.443    14.259    53.177     3.575    -0.441     0.662
         *   553.330   480.000         *         *    64.000    56.000    50.000    64.000         *         *     6.205    11.000     1.000     1.000     0.000     1.000     2.000     3.000     4.000         *   529.913    59.898   -17.436    17.895    59.087     3.656    -0.512     0.715
   210.000   346.670   270.000   240.000   203.330    60.000    56.000    52.000    54.000    60.000     2.000    10.170     9.000     1.000     0.000     0.000     1.000     2.000     3.000     4.000     5.000   301.508    46.243   -13.199    12.654    56.199     3.422    -0.317     0.630
   326.670         *   210.000         *         *    54.000    48.000    56.000         *         *    -6.000    21.209    13.000     0.000     0.000     1.000     1.000     2.000     3.000         *         *   332.841    51.900   -28.119    15.436    55.492     3.840    -1.046     0.684
   416.670   530.000   463.330   463.330   406.670    54.000    52.000    62.000    60.000    60.000     2.000     8.218    13.000     0.000     1.000     0.000     1.000     2.000     3.000     4.000     5.000   487.850    46.243   -13.705    12.654    58.985     3.422    -0.418     0.630
         *   313.330   296.670   253.330   210.000    44.000    54.000    40.000    38.000    62.000         *    19.558     7.000     0.000     1.000     0.000     1.000     2.000     3.000     4.000     5.000   363.263    58.979   -27.110    15.020    49.598     3.465    -0.710     0.656
   300.000   203.330   200.000   170.000         *    36.000    44.000    48.000    42.000         *    -3.000    10.118     5.000     1.000     0.000     0.000     1.000     2.000     3.000     4.000         *   291.232    46.707   -24.793    14.259    41.487     3.575     0.260     0.662
   426.670   370.000   276.670   270.000   263.330    38.000    34.000    32.000    44.000    36.000     1.000     3.533     9.000     1.000     1.000     0.000     1.000     2.000     3.000     4.000     5.000   407.510    46.243   -28.618    12.654    37.019     3.422     0.427     0.630
   396.670         *         *         *         *    50.000         *         *         *         *    -9.000    11.473    13.000     0.000     1.000     0.000     1.000         *         *         *         *   414.131    57.116   -30.764    15.963    53.584     5.318    -0.190     0.699
   106.670         *         *         *         *    56.000    40.000         *         *         *    -1.000    26.621     4.000     0.000     1.000     0.000     1.000     2.000         *         *         *   169.863    57.111    -9.944    15.917    49.826     4.330    -1.808     0.697
         *   316.670         *         *         *    36.000    34.000         *         *         *         *     9.518     5.000     1.000     1.000     0.000     1.000     2.000         *         *         *   352.192    64.895   -18.236    18.215    37.513     4.343    -0.243     0.731
         *   176.670   186.670   166.670   140.000    54.000    48.000    46.000    40.000    42.000    10.000     8.620     7.000     1.000     1.000     0.000     1.000     2.000     3.000     4.000     5.000   207.355    57.531    -5.941    14.331    47.880     3.451    -0.714     0.645
   360.000         *   316.670   326.670   280.000    62.000    62.000    60.000    58.000    58.000     2.000     3.081    11.000     0.000     1.000     0.000     1.000     2.000     3.000     4.000     5.000   361.069    51.202   -10.451    13.029    59.734     3.427    -0.187     0.633
   366.670   353.330   366.670   380.000   316.670    58.000    60.000    50.000    62.000    50.000    -5.000     5.756     9.000     1.000     1.000     0.000     1.000     2.000     3.000     4.000     5.000   390.800    46.243   -12.300    12.654    56.582     3.422    -0.447     0.630
   323.330   233.330   223.330   333.330   310.000    50.000    56.000    52.000    60.000    56.000     8.000    14.101    13.000     1.000     1.000     0.000     1.000     2.000     3.000     4.000     5.000   307.309    46.243    -6.524    12.654    57.891     3.422    -1.012     0.630
   366.670   570.000         *   516.670   350.000    34.000    22.000    44.000    38.000    42.000     9.000    13.365     5.000     0.000     0.000     0.000     1.000     2.000     3.000     4.000     5.000   477.732    47.897   -13.086    12.654    37.835     3.423    -0.227     0.631
   276.670   483.330   490.000         *   446.670    34.000    46.000    44.000    44.000    36.000     9.000     7.175     7.000     1.000     1.000     0.000     1.000     2.000     3.000     4.000     5.000   395.985    46.390     6.711    12.983    44.263     3.435    -0.835     0.635
         *   333.330   480.000   463.330   346.670    54.000    50.000    48.000    46.000    44.000         *     5.116     7.000     0.000     1.000     0.000     1.000     2.000     3.000     4.000     5.000   409.026    58.979    -2.370    15.020    50.241     3.465    -0.573     0.656
         *   336.670   250.000   346.670   320.000    50.000    48.000    46.000    52.000    56.000         *    15.982     7.000     0.000     1.000     1.000     1.000     2.000     3.000     4.000     5.000   335.656    58.979    -6.699    15.020    53.813     3.465    -1.296     0.656
   176.670         *         *         *         *    62.000         *         *         *         *         *     3.593     9.000     0.000     1.000     0.000     1.000         *         *         *         *   230.939    57.298     3.798    17.634    57.875     5.333    -0.414     0.733
         *   223.330   236.670   213.330   193.330    40.000    50.000    44.000    46.000    42.000         *    13.869     5.000     1.000     1.000     1.000     1.000     2.000     3.000     4.000     5.000   266.329    58.979   -12.188    15.020    47.121     3.465    -1.067     0.656
         *   273.330         *         *   223.330    42.000    38.000    44.000    46.000    44.000         *     3.506    10.000     0.000     1.000     0.000     1.000     2.000     3.000     4.000     5.000   324.277    64.435   -17.352    15.265    42.934     3.474     0.341     0.660
   160.000         *         *         *         *    46.000    56.000         *         *         *    -5.000    30.427     1.000     0.000     1.000     0.000     1.000     2.000         *         *         *   208.629    57.111   -17.126    15.917    50.881     4.330    -1.912     0.697
   376.670   321.330   250.000   243.330   203.330    56.000    36.000    50.000    46.000    48.000   -16.000     9.379     2.000     0.000     1.000     1.000     1.000     2.000     3.000     4.000     5.000   360.607    46.243   -27.017    12.654    46.963     3.422    -0.317     0.630
   336.670         *         *         *         *    52.000         *         *         *         *    -2.000     4.541     7.000     0.000     1.000     0.000     1.000         *         *         *         *   354.575    57.116    -8.738    15.963    50.566     5.318    -0.165     0.699
   643.330   440.000   434.000   376.670   374.000    50.000    44.000    56.000    66.000    56.000    -3.000     3.958     9.000     1.000     0.000     0.000     1.000     2.000     3.000     4.000     5.000   562.216    46.243   -39.065    12.654    51.005     3.422     0.853     0.630
   516.670   406.670   373.330   310.000   300.000    44.000    52.000    30.000    48.000    54.000   -14.000     3.695     8.000     0.000     0.000     0.000     1.000     2.000     3.000     4.000     5.000   494.142    46.243   -39.329    12.654    42.853     3.422     1.058     0.630
         *   456.670   406.670   340.000   280.000    54.000    58.000    46.000    62.000    62.000         *    10.613    13.000     0.000     1.000     0.000     1.000     2.000     3.000     4.000     5.000   476.401    58.979   -31.793    15.020    56.798     3.465    -0.114     0.656
   333.330   280.000   253.330   213.330   200.000    50.000    40.000    56.000    60.000    56.000     4.000     9.264     3.000     0.000     1.000     0.000     1.000     2.000     3.000     4.000     5.000   320.200    46.243   -18.593    12.654    50.547     3.422     0.007     0.630
   466.670         *         *         *         *    60.000         *         *         *         *     5.000    12.579    11.000     1.000     1.000     0.000     1.000         *         *         *         *   454.157    57.116   -18.776    15.963    58.747     5.318    -0.949     0.699
   336.670         *         *         *         *    40.000         *         *         *         *     1.000     6.903     8.000     0.000     1.000     0.000     1.000         *         *         *         *   356.713    57.116   -12.883    15.963    44.169     5.318    -0.117     0.699
   410.000   370.000   303.330   263.330   254.670    48.000    44.000    58.000    60.000    56.000     4.000    10.731    13.000     0.000     0.000     0.000     1.000     2.000     3.000     4.000     5.000   412.519    46.243   -29.690    12.654    52.564     3.422     0.294     0.630
   420.000   330.000   370.000   343.330         *    40.000    40.000    38.000    46.000    42.000    -6.000     3.328     3.000     0.000     0.000     0.000     1.000     2.000     3.000     4.000     5.000   406.698    46.619   -16.940    14.209    39.339     3.470     0.614     0.650
   386.670         *         *         *         *    52.000         *         *         *         *     1.000     5.477    13.000     0.000     1.000     0.000     1.000         *         *         *         *   400.302    57.116   -14.660    15.963    54.686     5.318    -0.159     0.699
   450.000   396.670   310.000         *         *    40.000    24.000    34.000         *         *    -4.000    11.040     7.000     0.000     1.000     1.000     1.000     2.000     3.000         *         *   426.664    46.759   -25.272    15.411    36.629     3.840    -0.485     0.684
   343.330   260.000   250.000   223.330   198.000    52.000    34.000    52.000    50.000    46.000    -9.000     4.423    11.000     0.000     0.000     0.000     1.000     2.000     3.000     4.000     5.000   344.939    46.243   -27.749    12.654    45.382     3.422     0.734     0.630
   306.670   200.000   203.330         *         *    50.000    40.000    40.000    46.000    36.000     0.000    17.899    11.000     0.000     0.000     0.000     1.000     2.000     3.000     4.000     5.000   296.144    46.646   -23.629    15.328    45.538     3.512    -0.584     0.667
   480.000   230.000         *   206.670   180.000    36.000    34.000    34.000    48.000    40.000    -5.000    12.908     5.000     0.000     1.000     0.000     1.000     2.000     3.000     4.000     5.000   398.226    47.897   -40.840    12.654    38.150     3.423     0.260     0.631
   326.670         *         *         *         *    60.000         *         *         *         *     4.000    12.943     8.000     0.000     1.000     0.000     1.000         *         *         *         *   342.064    57.116    -6.590    15.963    57.440     5.318    -1.043     0.699
   360.000   280.000         *         *         *    64.000    66.000         *         *         *    -4.000    22.991    11.000     0.000     0.000     0.000     1.000     2.000         *         *         *   362.006    48.455   -25.847    15.898    64.023     4.323    -1.135     0.695
   326.670   270.000   226.670   220.000         *    52.000    62.000    64.000    50.000         *    -2.000    14.107    11.000     0.000     0.000     0.000     1.000     2.000     3.000     4.000         *   327.444    46.707   -23.101    14.259    57.118     3.575    -0.320     0.662
   276.670   260.000         *         *         *    52.000    52.000         *         *         *    -8.000    15.298     5.000     0.000     0.000     0.000     1.000     2.000         *         *         *   307.493    48.455   -18.517    15.898    50.578     4.323    -0.432     0.695
   383.330         *         *         *         *    42.000         *         *         *         *     1.000     6.342    11.000     0.000     1.000     1.000     1.000         *         *         *         *   385.869    57.116   -10.038    15.963    48.000     5.318    -0.553     0.699
   463.330   383.330   306.670   260.000         *    40.000    46.000    46.000    52.000         *    -5.000     8.691     0.000     1.000     1.000     1.000     1.000     2.000     3.000     4.000         *   414.475    46.707   -25.841    14.259    44.738     3.575    -0.340     0.662
   530.000         *   293.330   261.330   243.330    30.000    38.000    38.000    34.000    42.000    -3.000     1.187    10.000     0.000     1.000     0.000     1.000     2.000     3.000     4.000     5.000   467.542    51.202   -41.838    13.029    34.959     3.427     1.114     0.633
   366.670   350.000   280.000   150.000   140.000    58.000    64.000    50.000    66.000    64.000    -4.000     6.704    11.000     0.000     0.000     0.000     1.000     2.000     3.000     4.000     5.000   382.064    46.243   -38.398    12.654    56.972     3.422     0.721     0.630
   170.000   153.330         *         *         *    38.000    50.000         *         *         *    -1.000     5.896     5.000     0.000     1.000     1.000     1.000     2.000         *         *         *   186.679    48.455     4.346    15.898    44.836     4.323    -0.637     0.695
   510.000   456.670   420.000   404.000   323.330    26.000    18.000    28.000    26.000    26.000     8.000     1.959     8.000     0.000     0.000     0.000     1.000     2.000     3.000     4.000     5.000   495.639    46.243   -25.801    12.654    25.241     3.422     0.901     0.630
   596.670   486.670   433.330   387.330   386.670    38.000    42.000    40.000    36.000    42.000     1.000     6.865     2.000     0.000     1.000     0.000     1.000     2.000     3.000     4.000     5.000   533.111    46.243   -28.359    12.654    39.265     3.422     0.121     0.630
   443.330   403.330   323.330   310.000   283.330    46.000    42.000    64.000    50.000    50.000    15.000     1.529     8.000     1.000     1.000     0.000     1.000     2.000     3.000     4.000     5.000   409.454    46.243   -17.426    12.654    49.074     3.422     0.217     0.630
   406.670         *         *         *         *    56.000    66.000    52.000    56.000         *    -5.000    19.300     9.000     0.000     1.000     0.000     1.000     2.000     3.000     4.000         *   409.996    57.088   -25.656    15.896    59.389     3.641    -1.111     0.691
   313.330   310.000         *         *         *    34.000    36.000         *         *         *    14.000     6.011     6.000     0.000     1.000     0.000     1.000     2.000         *         *         *   320.586    48.455     1.281    15.898    38.556     4.323    -0.337     0.695
   543.330   543.330   520.000   430.000         *    26.000    50.000    52.000    44.000         *   -11.000     9.912     5.000     0.000     0.000     0.000     1.000     2.000     3.000     4.000         *   576.224    46.707   -34.961    14.259    42.108     3.575     0.495     0.662
   716.670   386.670   260.000   263.330   236.670    46.000    46.000    58.000    46.000    44.000     1.000    10.361    11.000     0.000     0.000     0.000     1.000     2.000     3.000     4.000     5.000   544.740    46.243   -57.759    12.654    46.316     3.422     0.701     0.630
   360.000   301.330   268.000   296.670   300.000    26.000    38.000    38.000    46.000    56.000     0.000     1.800     5.000     1.000     1.000     0.000     1.000     2.000     3.000     4.000     5.000   357.306    46.243   -16.824    12.654    38.531     3.422     0.771     0.630
   110.000         *         *         *         *    50.000         *         *         *         *    -7.000    19.522     9.000     0.000     1.000     1.000     1.000     2.000         *         *         *   173.815    57.116    -9.295    15.963    52.492     5.318    -1.515     0.699
   466.670   420.000         *         *         *    52.000    58.000    56.000         *         *    23.000     4.450    11.000     0.000     0.000     0.000     1.000     2.000     3.000         *         *   434.630    48.454     5.903    15.898    55.990     3.860    -0.433     0.694
   233.330   350.000   333.330         *         *    50.000    56.000    48.000         *         *    18.000     6.211    12.000     1.000     1.000     0.000     1.000     2.000     3.000         *         *   297.192    46.759     8.988    15.411    53.889     3.840    -0.923     0.684
   413.330         *         *         *         *         *         *         *         *         *     0.000    16.724     3.000     0.000     0.000     0.000     1.000         *         *         *         *   414.003    57.164   -20.749    16.418    42.575     8.363    -0.503     0.736
   256.670   606.670   556.670         *         *    32.000         *    46.000         *         *    -1.000     3.678     5.000     0.000     1.000     0.000     1.000     2.000     3.000     4.000         *   446.550    46.785     3.421    15.443    41.769     4.413    -0.251     0.687
   450.000   460.000         *         *         *    46.000    42.000         *         *         *     7.000     8.894     9.000     1.000     0.000     0.000     1.000     2.000         *         *         *   465.813    48.455   -17.299    15.898    45.809     4.323    -0.185     0.695
   286.670   228.000   210.000   200.000   186.670    58.000    66.000    60.000    54.000    58.000     6.000     1.912    13.000     1.000     1.000     0.000     1.000     2.000     3.000     4.000     5.000   273.706    46.243   -12.507    12.654    58.684     3.422    -0.076     0.630
   483.330   406.670   336.670   300.000   286.670    42.000    46.000    32.000    46.000    44.000     9.000     6.257     8.000     0.000     1.000     0.000     1.000     2.000     3.000     4.000     5.000   439.582    46.243   -25.446    12.654    42.393     3.422     0.126     0.630
         *   210.000   190.000         *         *    44.000    52.000    26.000         *         *         *     6.621     5.000     0.000     1.000     0.000     1.000     2.000     3.000         *         *   243.770    59.979    -7.465    17.942    41.826     3.872    -0.241     0.722
   470.000   403.330   354.670   310.000         *    50.000    60.000    56.000    58.000         *    -1.000     3.446     6.000     0.000     1.000     0.000     1.000     2.000     3.000     4.000         *   435.258    46.707   -20.518    14.259    53.836     3.575     0.183     0.662
   516.670   443.330   396.670         *         *    38.000    60.000    46.000         *         *    -5.000     3.667    12.000     0.000     0.000     0.000     1.000     2.000     3.000         *         *   503.581    46.759   -30.378    15.411    47.881     3.840     0.747     0.684
   386.670   310.000   263.330   246.670   196.670    28.000    32.000    36.000    34.000    36.000     1.000     6.641     6.000     0.000     1.000     0.000     1.000     2.000     3.000     4.000     5.000   369.866    46.243   -28.509    12.654    33.253     3.422     0.470     0.630
   320.000   293.330         *   300.000   273.330    40.000    62.000    58.000    46.000    42.000     0.000     2.684    11.000     0.000     1.000     0.000     1.000     2.000     3.000     4.000     5.000   331.222    47.897    -9.406    12.654    50.348     3.423    -0.052     0.631
   266.670         *         *         *         *    24.000         *         *         *         *    -7.000     8.387     3.000     1.000     0.000     0.000     1.000         *         *         *         *   310.059    57.116   -23.793    15.963    29.150     5.318     0.529     0.699
   243.330   223.330         *         *         *    25.000    36.000         *         *         *   -17.000     8.992    13.000     1.000     1.000     0.000     1.000     2.000         *         *         *   306.848    48.455   -41.843    15.898    35.781     4.323     0.662     0.695
   453.330   401.330   360.000   380.000   386.670    50.000    44.000    58.000    56.000    56.000     6.000     6.879     9.000     0.000     1.000     0.000     1.000     2.000     3.000     4.000     5.000   430.951    46.243   -12.477    12.654    53.098     3.422    -0.192     0.630
         *   243.330   220.000   236.670   250.000    58.000    52.000    52.000    62.000    56.000         *     5.904     5.000     1.000     1.000     0.000     1.000     2.000     3.000     4.000     5.000   272.539    58.979    -7.160    15.020    54.999     3.465    -0.296     0.656
   343.330         *         *         *         *    34.000         *         *         *         *    -5.000     4.116     1.000     1.000     0.000     0.000     1.000         *         *         *         *   363.100    57.116   -16.872    15.963    33.801     5.318     0.515     0.699
   510.000   493.330   480.000         *         *    52.000    62.000    66.000    60.000         *    -4.000     8.010     9.000     0.000     0.000     0.000     1.000     2.000     3.000     4.000         *   521.418    46.731   -21.422    15.391    58.598     3.612     0.025     0.679
   536.670         *         *         *         *    56.000         *         *         *         *    -2.000     3.224     9.000     0.000     1.000     0.000     1.000         *         *         *         *   511.197    57.116   -18.566    15.963    54.366     5.318    -0.023     0.699
   260.000   240.000   236.670         *         *    56.000    66.000    58.000    56.000         *     0.000     8.943     9.000     0.000     1.000     1.000     1.000     2.000     3.000     4.000         *   259.689    46.731     0.003    15.391    60.334     3.612    -1.104     0.679
   270.000         *         *         *         *    38.000         *         *         *         *    -5.000     0.672     5.000     0.000     1.000     0.000     1.000         *         *         *         *   305.462    57.116    -8.611    15.963    39.929     5.318     0.406     0.699
   466.670         *         *         *         *    64.000         *         *         *         *     1.000     0.412    13.000     0.000     1.000     0.000     1.000         *         *         *         *   459.814    57.116   -10.481    15.963    61.652     5.318    -0.061     0.699
   480.000   493.330   500.000         *         *    50.000    28.000    46.000         *         *    -7.000     0.637     5.000     0.000     1.000     0.000     1.000     2.000     3.000         *         *   504.096    46.759   -15.977    15.411    41.669     3.840     0.316     0.684
   193.330         *         *         *         *    58.000         *         *         *         *    -4.000     8.056    10.000     1.000     1.000     0.000     1.000         *         *         *         *   248.118    57.116    -9.978    15.963    55.601     5.318    -0.508     0.699
   300.000         *         *         *         *    46.000         *         *         *         *    -1.000     9.113     9.000     0.000     1.000     0.000     1.000         *         *         *         *   329.608    57.116   -13.444    15.963    48.638     5.318    -0.329     0.699
   541.330   510.000   500.000         *         *    34.000    30.000    16.000         *         *     8.000     9.154     8.000     0.000     1.000     0.000     1.000     2.000     3.000         *         *   533.561    46.759   -19.754    15.411    32.244     3.840    -0.306     0.684
   273.330         *         *         *         *    20.000         *         *         *         *     6.000     9.860     3.000     0.000     0.000     0.000     1.000         *         *         *         *   307.814    57.116   -10.146    15.963    28.290     5.318     0.172     0.699
   406.670   410.000   470.670         *         *    62.000    52.000    46.000         *         *    -2.000     0.965     7.000     0.000     0.000     0.000     1.000     2.000     3.000         *         *   430.021    46.759    -3.222    15.411    52.297     3.840     0.078     0.684
   266.670         *         *         *         *    64.000    56.000    52.000         *         *     4.000     5.107    13.000     0.000     0.000     0.000     1.000     2.000     3.000         *         *   309.538    57.109    -2.044    15.917    57.739     3.866    -0.216     0.696
   243.330   256.670   310.000         *         *    44.000    60.000    58.000         *         *     6.000     0.804     9.000     0.000     1.000     0.000     1.000     2.000     3.000         *         *   274.336    46.759     5.548    15.411    53.463     3.840    -0.091     0.684
   380.000   384.670   380.000         *         *    60.000    60.000    38.000         *         *     1.000     2.454    11.000     1.000     1.000     0.000     1.000     2.000     3.000         *         *   397.560    46.759    -9.263    15.411    53.572     3.840    -0.342     0.684
   360.000   354.670         *         *         *    58.000    50.000         *         *         *    -1.000    15.665    10.000     0.000     1.000     0.000     1.000     2.000         *         *         *   381.389    48.455   -18.812    15.898    55.480     4.323    -0.933     0.695
   240.000   236.670   196.670         *         *    46.000    50.000    50.000         *         *     5.000     6.422     5.000     0.000     1.000     0.000     1.000     2.000     3.000         *         *   246.175    46.759    -1.547    15.411    48.326     3.840    -0.344     0.684
   226.670   246.670   250.000         *         *    40.000    48.000    56.000         *         *   -21.000     8.094     7.000     0.000     1.000     0.000     1.000     2.000     3.000         *         *   299.713    46.759   -26.232    15.411    47.219     3.840     0.305     0.684
   448.670         *         *         *         *    54.000    58.000         *         *         *     5.000     4.565     3.000     1.000     0.000     0.000     1.000     2.000         *         *         *   435.717    57.111    -5.520    15.917    52.003     4.330    -0.233     0.697
   263.330         *         *         *         *    26.000         *         *         *         *     4.000     8.423     5.000     1.000     1.000     1.000     1.000         *         *         *         *   285.787    57.116    -5.945    15.963    33.788     5.318    -0.649     0.699
   336.670   310.000         *         *         *    66.000    60.000    56.000         *         *     0.000     0.724     7.000     0.000     1.000     1.000     1.000     2.000     3.000         *         *   321.360    48.454     8.187    15.898    59.767     3.860    -0.797     0.694
   230.000   236.670         *         *         *    42.000    38.000         *         *         *    -7.000     3.060     8.000     0.000     1.000     1.000     1.000     2.000         *         *         *   260.683    48.455    -6.018    15.898    42.578     4.323    -0.185     0.695
   280.000   286.670         *         *         *    56.000    64.000    58.000         *         *     8.000     4.010     7.000     1.000     1.000     0.000     1.000     2.000     3.000         *         *   293.330    48.454     4.548    15.898    58.002     3.860    -0.649     0.694
   310.000   310.000   300.000         *         *    66.000    64.000    66.000         *         *    -7.000     1.578    11.000     0.000     1.000     0.000     1.000     2.000     3.000         *         *   333.442    46.759    -8.924    15.411    63.204     3.840    -0.048     0.684
   316.670   310.670   300.000         *         *    60.000    62.000    64.000         *         *    13.000     2.802     8.000     0.000     0.000     0.000     1.000     2.000     3.000         *         *   309.155    46.759     8.198    15.411    59.791     3.840    -0.262     0.684
   453.330   443.330   433.330         *         *    26.000    28.000    22.000         *         *     2.000     4.913    -2.000     0.000     0.000     0.000     1.000     2.000     3.000         *         *   454.954    46.759   -11.753    15.411    26.162     3.840     0.394     0.684
   196.670   203.330         *         *         *    50.000    58.000         *         *         *    -1.000     6.101     6.000     0.000     1.000     0.000     1.000     2.000         *         *         *   228.479    48.455    -0.347    15.898    52.376     4.323    -0.386     0.695
   283.330   283.330   286.670         *         *    56.000    52.000    52.000         *         *     3.000     2.630     9.000     1.000     1.000     0.000     1.000     2.000     3.000         *         *   302.732    46.759    -3.863    15.411    53.030     3.840    -0.271     0.684
   380.000   386.670   343.330         *         *    50.000    40.000    46.000         *         *     3.000     4.609    -1.000     1.000     1.000     0.000     1.000     2.000     3.000         *         *   375.975    46.759    -4.284    15.411    43.809     3.840    -0.396     0.684
   420.000   450.000         *         *         *    56.000    50.000    54.000         *         *     5.000    15.290    12.000     0.000     0.000     0.000     1.000     2.000     3.000         *         *   450.509    48.454   -18.440    15.898    55.347     3.860    -0.672     0.694
   296.670   300.000         *         *         *    58.000    52.000         *         *         *    -4.000     3.826     9.000     0.000     1.000     0.000     1.000     2.000         *         *         *   322.811    48.455    -8.350    15.898    54.176     4.323    -0.141     0.695
   333.330         *         *         *         *    58.000         *         *         *         *    -1.000     9.830    11.000     0.000     1.000     0.000     1.000         *         *         *         *   355.591    57.116   -13.188    15.963    57.480     5.318    -0.581     0.699
   276.670         *         *         *         *    26.000         *         *         *         *     1.000     3.467    11.000     1.000     0.000     0.000     1.000         *         *         *         *   324.923    57.116   -19.135    15.963    35.353     5.318     0.737     0.699
   496.670         *         *         *         *    30.000         *         *         *         *     5.000     6.353     4.000     1.000     1.000     1.000     1.000         *         *         *         *   463.050    57.116   -13.088    15.963    35.690     5.318    -0.537     0.699
   196.670         *         *         *         *    66.000         *         *         *         *     6.000    10.523     5.000     0.000     0.000     0.000     1.000         *         *         *         *   241.238    57.116     8.458    15.963    58.156     5.318    -0.889     0.699
   340.000         *         *         *         *    48.000         *         *         *         *    -5.000     5.578     9.000     0.000     0.000     0.000     1.000         *         *         *         *   369.275    57.116   -16.830    15.963    48.481     5.318     0.319     0.699
   203.330   200.000         *         *         *    32.000    20.000         *         *         *    -9.000     1.357     5.000     0.000     1.000     0.000     1.000     2.000         *         *         *   247.023    48.455   -14.807    15.898    29.450     4.323     0.724     0.695
   316.670   306.670         *         *         *    46.000    54.000         *         *         *     9.000     4.946     9.000     0.000     0.000     0.000     1.000     2.000         *         *         *   329.419    48.455    -1.012    15.898    50.110     4.323    -0.050     0.695
   286.670   300.000         *         *         *    62.000    66.000         *         *         *     6.000     0.634     9.000     0.000     1.000     0.000     1.000     2.000         *         *         *   300.977    48.455     7.891    15.898    61.188     4.323    -0.404     0.695
   383.330         *         *         *         *    34.000         *         *         *         *     2.000    11.802     1.000     0.000     1.000     0.000     1.000         *         *         *         *   382.410    57.116   -13.723    15.963    36.657     5.318    -0.454     0.699
   256.670         *         *         *         *    40.000         *         *         *         *     7.000     1.600     5.000     0.000     1.000     0.000     1.000         *         *         *         *   287.182    57.116     4.343    15.963    41.919     5.318    -0.066     0.699
   260.000   266.670         *         *         *    56.000    44.000         *         *         *    -1.000     0.946     5.000     0.000     1.000     0.000     1.000     2.000         *         *         *   280.799    48.455     1.098    15.898    48.609     4.323    -0.068     0.695
   376.670         *         *         *         *    58.000    40.000         *         *         *    -2.000    13.097     6.000     0.000     1.000     0.000     1.000     2.000         *         *         *   383.021    57.111   -16.211    15.917    49.796     4.330    -0.754     0.697
   316.670   300.000         *         *         *    42.000    52.000         *         *         *   -10.000     0.760     9.000     1.000     0.000     0.000     1.000     2.000         *         *         *   350.986    48.455   -21.621    15.898    45.798     4.323     0.820     0.695
   446.670   420.000         *         *         *    54.000    56.000         *         *         *     2.000     3.670     9.000     0.000     1.000     0.000     1.000     2.000         *         *         *   440.049    48.455   -10.404    15.898    54.452     4.323    -0.197     0.695
   563.330   560.000         *         *         *    56.000    52.000         *         *         *     8.000     1.570    13.000     0.000     0.000     0.000     1.000     2.000         *         *         *   557.259    48.455   -13.177    15.898    54.785     4.323     0.208     0.695
   210.000         *         *         *         *    58.000         *         *         *         *    -8.000     7.703     9.000     1.000     0.000     0.000     1.000         *         *         *         *   268.420    57.116   -14.408    15.963    53.903     5.318    -0.052     0.699
   150.000   136.670         *         *         *    60.000    62.000         *         *         *   -14.000    12.081     2.000     0.000     1.000     1.000     1.000     2.000         *         *         *   174.028    48.455    -1.375    15.898    57.145     4.323    -1.224     0.695
   233.330   250.000         *         *         *    34.000    42.000         *         *         *    -2.000     4.078     7.000     1.000     1.000     0.000     1.000     2.000         *         *         *   277.398    48.455   -12.555    15.898    39.658     4.323     0.155     0.695
   263.330         *         *         *         *    40.000         *         *         *         *   -14.000     7.958    11.000     1.000     1.000     0.000     1.000         *         *         *         *   313.942    57.116   -31.347    15.963    44.555     5.318     0.258     0.699
   263.330   270.000         *         *         *    58.000    58.000         *         *         *     7.000     3.224     5.000     0.000     1.000     0.000     1.000     2.000         *         *         *   273.089    48.455     9.876    15.898    55.371     4.323    -0.582     0.695
   463.330         *         *         *         *    34.000         *         *         *         *     8.000     3.147     8.000     0.000     0.000     0.000     1.000     2.000         *         *         *   458.261    57.116   -12.360    15.963    39.698     5.318     0.436     0.699
   123.330         *         *         *         *    64.000         *         *         *         *     0.000    12.579     7.000     0.000     1.000     1.000     1.000         *         *         *         *   174.211    57.116     9.580    15.963    59.540     5.318    -1.631     0.699
   300.000         *         *         *         *    50.000         *         *         *         *    -5.000     3.467     8.000     0.000     0.000     0.000     1.000         *         *         *         *   336.629    57.116   -11.427    15.963    48.813     5.318     0.367     0.699
   323.330         *         *         *         *    54.000         *         *         *         *     3.000     1.658     9.000     1.000     0.000     0.000     1.000         *         *         *         *   350.522    57.116    -5.903    15.963    51.444     5.318     0.149     0.699
   300.000         *         *         *         *    58.000         *         *         *         *    10.000     7.500    11.000     0.000     1.000     0.000     1.000         *         *         *         *   323.246    57.116     1.576    15.963    57.784     5.318    -0.781     0.699
   176.670         *         *         *         *    40.000         *         *         *         *    -5.000     4.070     9.000     0.000     1.000     0.000     1.000         *         *         *         *   238.715    57.116    -9.394    15.963    43.999     5.318     0.183     0.699
   293.330         *         *         *         *    64.000         *         *         *         *    -2.000     6.676    11.000     0.000     0.000     0.000     1.000         *         *         *         *   330.707    57.116    -8.154    15.963    59.938     5.318    -0.178     0.699
   256.670         *         *         *         *    32.000         *         *         *         *    10.000    13.080     5.000     0.000     0.000     0.000     1.000         *         *         *         *   292.496    57.116    -5.138    15.963    37.584     5.318    -0.386     0.699
   326.670         *         *         *         *    56.000         *         *         *         *   -10.000     4.333     5.000     0.000     1.000     1.000     1.000         *         *         *         *   336.912    57.116    -5.923    15.963    52.019     5.318    -0.564     0.699
   300.000         *         *         *         *    28.000         *         *         *         *     8.000     6.427     5.000     1.000     1.000     0.000     1.000         *         *         *         *   322.343    57.116    -8.427    15.963    34.356     5.318    -0.151     0.699
   463.330         *         *         *         *    48.000         *         *         *         *    10.000     6.266     8.000     0.000     1.000     0.000     1.000         *         *         *         *   447.142    57.116    -6.868    15.963    49.686     5.318    -0.460     0.699
   346.670         *         *         *         *    66.000         *         *         *         *     8.000     2.066     8.000     0.000     0.000     1.000     1.000         *         *         *         *   350.096    57.116    13.323    15.963    60.061     5.318    -0.784     0.699
   523.330         *         *         *         *    32.000         *         *         *         *     0.000     2.975     5.000     0.000     0.000     0.000     1.000         *         *         *         *   505.467    57.116   -21.434    15.963    36.156     5.318     0.698     0.699
   203.330         *         *         *         *    46.000         *         *         *         *   -18.000    12.491    17.000     1.000     1.000     0.000     1.000         *         *         *         *   277.428    57.116   -39.234    15.963    52.323     5.318     0.056     0.699
   370.000         *         *         *         *    26.000         *         *         *         *     0.000     1.784     3.000     0.000     1.000     1.000     1.000         *         *         *         *   368.116    57.116    -5.215    15.963    32.401     5.318    -0.057     0.699
   366.670         *         *         *         *    64.000         *         *         *         *     3.000    13.641    13.000     0.000     1.000     1.000     1.000         *         *         *         *   369.162    57.116    -6.535    15.963    63.863     5.318    -1.533     0.699
   193.330         *         *         *         *    54.000         *         *         *         *     0.000     4.146     9.000     1.000     1.000     0.000     1.000         *         *         *         *   245.381    57.116    -3.407    15.963    52.257     5.318    -0.311     0.699
   560.000         *         *         *         *    56.000         *         *         *         *    -5.000     4.513     7.000     0.000     1.000     0.000     1.000         *         *         *         *   527.921    57.116   -21.960    15.963    53.103     5.318    -0.046     0.699
   436.670         *         *         *         *    58.000         *         *         *         *     0.000     2.241    13.000     0.000     1.000     1.000     1.000         *         *         *         *   427.460    57.116    -6.637    15.963    58.749     5.318    -0.546     0.699
   323.330         *         *         *         *    52.000         *         *         *         *    -2.000     3.700     5.000     1.000     1.000     0.000     1.000         *         *         *         *   341.403    57.116    -8.865    15.963    48.446     5.318    -0.198     0.699
   236.670         *         *         *         *    56.000         *         *         *         *    -7.000     2.014     9.000     1.000     1.000     0.000     1.000         *         *         *         *   282.928    57.116   -10.419    15.963    52.920     5.318     0.013     0.699
   266.670         *         *         *         *    42.000         *         *         *         *    -5.000     2.249     5.000     0.000     0.000     0.000     1.000         *         *         *         *   308.277    57.116    -8.876    15.963    41.768     5.318     0.540     0.699
   476.670         *         *         *         *    66.000         *         *         *         *     5.000     2.682    10.000     0.000     1.000     0.000     1.000         *         *         *         *   459.845    57.116    -5.120    15.963    61.479     5.318    -0.431     0.699
   236.670         *         *         *         *    54.000         *         *         *         *    -2.000     2.980    13.000     0.000     0.000     0.000     1.000         *         *         *         *   292.596    57.116    -7.910    15.963    54.515     5.318     0.294     0.699
   336.670         *         *         *         *    50.000         *         *         *         *     8.000     4.730     5.000     0.000     1.000     0.000     1.000         *         *         *         *   345.768    57.116     2.457    15.963    48.622     5.318    -0.477     0.699
   226.670         *         *         *         *    24.000         *         *         *         *     4.000     6.370     4.000     1.000     1.000     1.000     1.000         *         *         *         *   256.616    57.116    -2.239    15.963    31.643     5.318    -0.514     0.699
   280.000         *         *         *         *    32.000         *         *         *         *    15.000     6.567     5.000     1.000     1.000     1.000     1.000         *         *         *         *   290.639    57.116     8.057    15.963    37.925     5.318    -0.986     0.699
   400.000         *         *         *         *    48.000         *         *         *         *     0.000     3.960     5.000     1.000     1.000     0.000     1.000         *         *         *         *   400.218    57.116   -12.508    15.963    46.173     5.318    -0.146     0.699
