     8.000         *         *         *         *         *         *         *         *         *         *         *     0.000     0.000     0.000    17.816     0.000    -8.000     0.000     3.000     6.000    13.000    16.000    19.000    17.298     4.239    -1.373     0.195     4.529     0.822    -0.049     0.015
    14.000         *         *         *         *         *     5.000         *         *         *         *         *     0.000     1.000     0.000    16.108     0.000    -1.000     0.000     3.000     6.000    13.000    16.000    19.000    22.873     4.216    -1.332     0.195     4.949     0.537    -0.046     0.014
    28.000         *         *         *         *         *     5.000         *         *         *         *         *     0.000     0.000     1.000    16.108     0.000    -2.000     0.000     3.000     6.000    13.000    16.000    19.000    28.159     4.216    -1.218     0.195     4.990     0.537    -0.055     0.014
    40.000    34.000    39.000    45.000    23.000         *     5.000     6.000     5.000     5.000     4.000         *     0.000     1.000     0.000    -8.223     0.000    15.000     0.000     3.000     6.000    13.000    16.000    19.000    43.056     2.489    -0.807     0.163     5.311     0.355    -0.022     0.012
    35.000    50.000    45.000    27.000         *         *     6.000     5.000     5.000     5.000         *         *     0.000     1.000     0.000    -8.223     0.000    17.000     0.000     3.000     6.000    13.000    16.000    19.000    44.865     2.635    -0.865     0.173     5.585     0.377    -0.023     0.012
    50.000    45.000    45.000    46.000         *         *     5.000     7.000     6.000     5.000         *         *     0.000     1.000     0.000    -8.650     0.000    11.000     0.000     3.000     6.000    13.000    16.000    19.000    49.489     2.635    -0.683     0.173     5.772     0.377    -0.008     0.012
    30.000    35.000    33.000         *         *         *     6.000     7.000     6.000         *         *         *     0.000     1.000     0.000    -8.997     0.000     0.000     0.000     3.000     6.000    13.000    16.000    19.000    37.499     2.914    -0.818     0.185     6.079     0.408    -0.019     0.013
    56.000    51.000    42.000    35.000    34.000    46.000     6.000     7.000     8.000     5.000     7.000     7.000     0.000     0.000     0.000   -10.008     0.000     8.000     0.000     3.000     6.000    13.000    16.000    19.000    49.899     2.417    -0.700     0.152     6.602     0.340    -0.012     0.012
    59.000    50.000    48.000    55.000    42.000    43.000     4.000     5.000     5.000     6.000     4.000     7.000     0.000     1.000     0.000   -10.005     0.000     6.000     0.000     3.000     6.000    13.000    16.000    19.000    53.504     2.417    -0.563     0.152     5.083     0.340     0.014     0.012
    12.000         *         *         *         *         *     5.000         *         *         *         *         *     0.000     0.000     0.000    12.623     0.000    -7.000     0.000     3.000     6.000    13.000    16.000    19.000    20.798     4.216    -1.268     0.195     4.852     0.537    -0.044     0.014
    23.000    25.000         *         *         *         *     6.000     4.000         *         *         *         *     0.000     1.000     1.000     7.288     0.000     5.000     0.000     3.000     6.000    13.000    16.000    19.000    29.594     3.390    -1.117     0.190     5.250     0.458    -0.055     0.013
    22.000    29.000    25.000         *         *         *     5.000     4.000     4.000         *         *         *     0.000     0.000     0.000     7.288     2.000    -6.000     0.000     3.000     6.000    13.000    16.000    19.000    29.241     2.914    -1.072     0.185     4.732     0.408    -0.035     0.013
    19.000    26.000         *         *         *         *     3.000     3.000         *         *         *         *     0.000     0.000     0.000     7.122     0.000     1.000     0.000     3.000     6.000    13.000    16.000    19.000    27.069     3.390    -1.123     0.190     3.686     0.458    -0.031     0.013
    32.000    27.000         *         *         *         *     4.000     5.000         *         *         *         *     0.000     0.000     1.000     7.221     0.000    -2.000     0.000     3.000     6.000    13.000    16.000    19.000    31.287     3.390    -1.043     0.190     4.645     0.458    -0.043     0.013
    36.000    25.000    15.000         *         *         *     7.000     6.000     6.000         *         *         *     0.000     0.000     0.000     8.436     3.000     1.000     0.000     3.000     6.000    13.000    16.000    19.000    30.069     2.914    -1.229     0.185     6.436     0.408    -0.059     0.013
    32.000         *         *         *         *         *     7.000         *         *         *         *         *     0.000     0.000     0.000     6.127     3.000     1.000     0.000     3.000     6.000    13.000    16.000    19.000    33.806     4.216    -1.103     0.195     6.582     0.537    -0.051     0.014
    37.000         *         *         *         *         *     5.000         *         *         *         *         *     0.000     0.000     0.000     6.922     3.000     5.000     0.000     3.000     6.000    13.000    16.000    19.000    35.839     4.216    -1.088     0.195     5.535     0.537    -0.045     0.014
    32.000         *         *         *         *         *     7.000         *         *         *         *         *     1.000     0.000     0.000     6.859     3.000     5.000     0.000     3.000     6.000    13.000    16.000    19.000    33.323     4.216    -1.334     0.195     6.375     0.537    -0.034     0.014
    36.000    26.000    28.000         *         *         *     5.000     5.000     4.000         *         *         *     0.000     0.000     0.000     5.583     0.000    -5.000     0.000     3.000     6.000    13.000    16.000    19.000    32.753     2.914    -1.043     0.185     4.849     0.408    -0.024     0.013
    41.000    33.000    30.000         *         *         *     3.000     3.000     4.000         *         *         *     0.000     0.000     1.000     5.581     0.000     2.000     0.000     3.000     6.000    13.000    16.000    19.000    36.208     2.914    -0.966     0.185     3.853     0.408    -0.032     0.013
    42.000    44.000    41.000         *         *         *     4.000     4.000     4.000         *         *         *     0.000     1.000     0.000     7.339     1.000     8.000     0.000     3.000     6.000    13.000    16.000    19.000    43.058     2.914    -0.976     0.185     4.515     0.408    -0.017     0.013
    50.000    30.000         *         *         *         *     5.000     5.000         *         *         *         *     1.000     1.000     1.000     7.339     0.000     2.000     0.000     3.000     6.000    13.000    16.000    19.000    38.558     3.390    -1.203     0.190     4.936     0.458    -0.013     0.013
    30.000    35.000    21.000         *         *         *     4.000     5.000     4.000         *         *         *     0.000     0.000     0.000     5.217     0.000     6.000     0.000     3.000     6.000    13.000    16.000    19.000    32.871     2.914    -1.101     0.185     4.643     0.408    -0.033     0.013
         *    44.000    34.000         *         *         *         *     6.000     6.000         *         *         *     0.000     0.000     0.000     8.511     0.000     6.000     0.000     3.000     6.000    13.000    16.000    19.000    41.059     3.308    -1.059     0.185     5.958     0.499    -0.030     0.013
         *    29.000         *         *         *         *         *     6.000         *         *         *         *     0.000     0.000     1.000     8.511     0.000     8.000     0.000     3.000     6.000    13.000    16.000    19.000    34.141     4.066    -1.114     0.191     5.823     0.600    -0.058     0.014
    49.000    45.000    39.000    22.000    22.000         *     5.000     7.000     4.000     5.000     5.000         *     0.000     1.000     0.000     4.945     1.000    -1.000     0.000     3.000     6.000    13.000    16.000    19.000    41.742     2.489    -1.052     0.163     5.375     0.355    -0.018     0.012
    36.000    36.000    35.000         *         *         *     7.000     7.000     7.000         *         *         *     0.000     1.000     0.000     5.045     2.000    -1.000     0.000     3.000     6.000    13.000    16.000    19.000    38.494     2.914    -1.011     0.185     6.761     0.408    -0.034     0.013
    37.000    45.000    31.000         *         *         *     4.000     5.000     6.000         *         *         *     1.000     1.000     1.000     3.739     1.000     2.000     0.000     3.000     6.000    13.000    16.000    19.000    39.554     2.914    -1.100     0.185     4.901     0.408    -0.011     0.013
    40.000         *         *         *         *         *     5.000         *         *         *         *         *     0.000     1.000     0.000     5.531     0.000    -4.000     0.000     3.000     6.000    13.000    16.000    19.000    37.029     4.216    -1.002     0.195     5.065     0.537    -0.015     0.014
    22.000         *         *         *         *         *     4.000         *         *         *         *         *     0.000     1.000     1.000     5.531     0.000    -3.000     0.000     3.000     6.000    13.000    16.000    19.000    28.249     4.216    -1.037     0.195     4.383     0.537    -0.040     0.014
    37.000         *         *         *         *         *     6.000         *         *         *         *         *     0.000     1.000     0.000     2.030     2.000     9.000     0.000     3.000     6.000    13.000    16.000    19.000    39.120     4.216    -1.014     0.195     6.074     0.537    -0.038     0.014
    32.000    33.000    32.000         *         *         *     5.000     5.000     5.000         *         *         *     0.000     0.000     0.000     2.930     1.000     6.000     0.000     3.000     6.000    13.000    16.000    19.000    35.937     2.914    -1.016     0.185     5.256     0.408    -0.035     0.013
    24.000    25.000    19.000         *         *         *     5.000     5.000     5.000         *         *         *     0.000     1.000     0.000     2.930     0.000     8.000     0.000     3.000     6.000    13.000    16.000    19.000    29.629     2.914    -1.137     0.185     5.181     0.408    -0.040     0.013
    37.000    32.000         *         *         *         *     6.000     6.000         *         *         *         *     0.000     1.000     0.000     2.982     1.000    -2.000     0.000     3.000     6.000    13.000    16.000    19.000    36.328     3.390    -1.002     0.190     5.851     0.458    -0.026     0.013
    46.000    45.000    41.000    27.000         *         *     7.000     6.000     4.000     6.000         *         *     0.000     1.000     0.000     3.127     0.000    -6.000     0.000     3.000     6.000    13.000    16.000    19.000    42.860     2.635    -0.924     0.173     5.787     0.377    -0.009     0.012
    54.000    35.000    43.000    36.000         *         *     5.000     7.000     5.000     6.000         *         *     0.000     0.000     0.000     3.127     0.000     2.000     0.000     3.000     6.000    13.000    16.000    19.000    44.663     2.635    -0.884     0.173     5.709     0.377    -0.014     0.012
    32.000    20.000    20.000         *         *         *     4.000     7.000     6.000         *         *         *     0.000     0.000     0.000     3.597     1.000     1.000     0.000     3.000     6.000    13.000    16.000    19.000    29.373     2.914    -1.122     0.185     5.520     0.408    -0.042     0.013
    35.000         *    17.000         *         *         *     5.000         *     5.000         *         *         *     0.000     1.000     0.000     2.597     0.000    -4.000     0.000     3.000     6.000    13.000    16.000    19.000    31.194     3.367    -1.070     0.187     5.053     0.461    -0.024     0.013
    35.000         *         *         *         *         *     5.000         *         *         *         *         *     0.000     1.000     0.000     1.161     0.000    -2.000     0.000     3.000     6.000    13.000    16.000    19.000    36.117     4.216    -0.957     0.195     5.085     0.537    -0.016     0.014
    47.000    47.000         *         *         *         *     5.000     5.000         *         *         *         *     0.000     1.000     0.000     1.919     0.000    10.000     0.000     3.000     6.000    13.000    16.000    19.000    45.742     3.390    -0.916     0.190     5.286     0.458    -0.015     0.013
    37.000    35.000    37.000    35.000    28.000    22.000     8.000     7.000     8.000     7.000     6.000     6.000     0.000     0.000     0.000     2.048     0.000     7.000     0.000     3.000     6.000    13.000    16.000    19.000    41.202     2.417    -0.935     0.152     7.153     0.340    -0.038     0.012
    44.000    41.000    34.000         *         *         *     6.000     5.000     7.000         *         *         *     0.000     1.000     0.000     2.303     0.000     1.000     0.000     3.000     6.000    13.000    16.000    19.000    41.492     2.914    -0.950     0.185     5.891     0.408    -0.017     0.013
    18.000         *         *         *         *         *     4.000         *         *         *         *         *     1.000     0.000     0.000     2.303     0.000    -2.000     0.000     3.000     6.000    13.000    16.000    19.000    25.564     4.216    -1.267     0.195     4.153     0.537    -0.010     0.014
    40.000    43.000         *         *         *         *     5.000     4.000         *         *         *         *     0.000     0.000     0.000     1.484     0.000    11.000     0.000     3.000     6.000    13.000    16.000    19.000    41.728     3.390    -0.953     0.190     5.013     0.458    -0.025     0.013
    34.000    26.000    25.000    15.000    12.000    24.000     5.000     4.000     4.000     4.000     4.000     5.000     0.000     0.000     0.000     1.481     0.000     9.000     0.000     3.000     6.000    13.000    16.000    19.000    33.316     2.417    -1.021     0.152     4.816     0.340    -0.034     0.012
    20.000         *         *         *         *         *     8.000         *         *         *         *         *     0.000     1.000     0.000    -0.223     3.000    13.000     0.000     3.000     6.000    13.000    16.000    19.000    33.227     4.216    -1.094     0.195     7.308     0.537    -0.064     0.014
    22.000         *         *         *         *         *     6.000         *         *         *         *         *     0.000     1.000     0.000    -0.072     3.000    14.000     0.000     3.000     6.000    13.000    16.000    19.000    33.480     4.216    -1.071     0.195     6.193     0.537    -0.056     0.014
    36.000         *         *         *         *         *     8.000         *         *         *         *         *     0.000     0.000     0.000     0.141     0.000     1.000     0.000     3.000     6.000    13.000    16.000    19.000    37.693     4.216    -0.982     0.195     6.875     0.537    -0.034     0.014
    28.000    36.000    30.000         *         *         *     6.000     6.000     6.000         *         *         *     0.000     0.000     1.000     0.135     0.000    -2.000     0.000     3.000     6.000    13.000    16.000    19.000    34.940     2.914    -0.906     0.185     5.866     0.408    -0.042     0.013
    35.000         *         *         *         *         *     5.000         *         *         *         *         *     0.000     1.000     1.000     1.836     0.000    -6.000     0.000     3.000     6.000    13.000    16.000    19.000    35.083     4.216    -0.905     0.195     4.981     0.537    -0.029     0.014
    44.000    40.000         *         *         *         *     5.000     5.000         *         *         *         *     0.000     1.000     1.000     1.836     0.000    -7.000     0.000     3.000     6.000    13.000    16.000    19.000    40.287     3.390    -0.836     0.190     5.031     0.458    -0.019     0.013
    33.000    35.000    39.000         *         *         *     5.000     4.000     6.000         *         *         *     0.000     1.000     0.000     1.156     0.000     1.000     0.000     3.000     6.000    13.000    16.000    19.000    38.576     2.914    -0.910     0.185     5.106     0.408    -0.015     0.013
    48.000    44.000    38.000    40.000    30.000    34.000     7.000     7.000     8.000     7.000     7.000     6.000     0.000     1.000     0.000     1.156     0.000     1.000     0.000     3.000     6.000    13.000    16.000    19.000    46.002     2.417    -0.828     0.152     6.889     0.340    -0.015     0.012
    39.000    45.000    38.000    26.000    24.000    12.000     8.000     7.000     7.000     7.000     6.000         *     0.000     1.000     0.000     0.575     3.000     6.000     0.000     3.000     6.000    13.000    16.000    19.000    41.066     2.420    -1.100     0.152     7.229     0.355    -0.046     0.012
    39.000    37.000    32.000    32.000    24.000    15.000     7.000     9.000     6.000     4.000     7.000     6.000     0.000     1.000     0.000     0.575     2.000     2.000     0.000     3.000     6.000    13.000    16.000    19.000    39.298     2.417    -0.999     0.152     6.737     0.340    -0.037     0.012
    45.000    45.000    33.000         *         *         *     6.000     5.000     5.000         *         *         *     0.000     1.000     0.000    -0.200     0.000     1.000     0.000     3.000     6.000    13.000    16.000    19.000    42.414     2.914    -0.901     0.185     5.464     0.408    -0.012     0.013
    60.000    46.000    43.000         *         *         *     6.000     5.000     5.000         *         *         *     0.000     0.000     0.000    -0.200     0.000     1.000     0.000     3.000     6.000    13.000    16.000    19.000    48.043     2.914    -0.830     0.185     5.505     0.408    -0.007     0.013
    38.000    35.000         *         *         *         *     5.000     5.000         *         *         *         *     0.000     0.000     1.000     0.964     0.000     7.000     0.000     3.000     6.000    13.000    16.000    19.000    37.990     3.390    -0.932     0.190     5.213     0.458    -0.043     0.013
    42.000    30.000         *         *         *         *     6.000     6.000         *         *         *         *     0.000     0.000     0.000     0.997     0.000     8.000     0.000     3.000     6.000    13.000    16.000    19.000    38.092     3.390    -1.020     0.190     5.934     0.458    -0.034     0.013
    28.000    24.000    35.000    22.000    22.000     1.000     6.000     3.000     3.000     4.000     4.000     4.000     0.000     0.000     1.000    -1.358     0.000     0.000     0.000     3.000     6.000    13.000    16.000    19.000    32.050     2.417    -0.987     0.152     4.623     0.340    -0.043     0.012
    33.000    36.000    36.000         *         *         *     5.000     5.000     5.000         *         *         *     0.000     1.000     0.000    -1.358     0.000    -4.000     0.000     3.000     6.000    13.000    16.000    19.000    37.756     2.914    -0.865     0.185     5.052     0.408    -0.010     0.013
    45.000         *         *         *         *         *     7.000         *         *         *         *         *     0.000     1.000     0.000    -0.183     2.000     2.000     0.000     3.000     6.000    13.000    16.000    19.000    42.545     4.216    -0.918     0.195     6.569     0.537    -0.027     0.014
    38.000    42.000         *         *         *         *     6.000     6.000         *         *         *         *     0.000     0.000     1.000    -0.183     1.000     8.000     0.000     3.000     6.000    13.000    16.000    19.000    40.947     3.390    -0.892     0.190     6.010     0.458    -0.048     0.013
    27.000    26.000    25.000         *         *         *     5.000     5.000     5.000         *         *         *     0.000     0.000     0.000    -0.339     0.000    -6.000     0.000     3.000     6.000    13.000    16.000    19.000    30.517     2.914    -0.976     0.185     5.037     0.408    -0.025     0.013
    18.000    21.000    17.000         *         *         *     5.000     7.000     4.000         *         *         *     0.000     0.000     0.000    -0.339     0.000    -3.000     0.000     3.000     6.000    13.000    16.000    19.000    25.609     2.914    -1.069     0.185     5.284     0.408    -0.038     0.013
    31.000    34.000    34.000         *         *         *     6.000     8.000     8.000         *         *         *     0.000     1.000     0.000    -0.460     0.000     1.000     0.000     3.000     6.000    13.000    16.000    19.000    37.439     2.914    -0.953     0.185     6.744     0.408    -0.027     0.013
         *         *         *         *         *         *     5.000         *         *         *         *         *     0.000     1.000     0.000    -0.447     1.000    -2.000     0.000     3.000     6.000    13.000    16.000    19.000    37.728     5.771    -0.916     0.200     5.209     0.539    -0.017     0.015
    43.000    46.000    33.000         *         *         *     6.000     5.000     6.000         *         *         *     1.000     0.000     1.000    -1.575     0.000    11.000     0.000     3.000     6.000    13.000    16.000    19.000    42.777     2.914    -1.069     0.185     5.627     0.408    -0.020     0.013
    40.000    37.000    36.000    22.000     9.000    17.000     5.000     5.000     5.000     6.000     5.000         *     0.000     0.000     0.000    -0.167     0.000    -2.000     0.000     3.000     6.000    13.000    16.000    19.000    36.684     2.420    -1.062     0.152     5.317     0.355    -0.021     0.012
    57.000    63.000    65.000    46.000    44.000         *     5.000     6.000     6.000     5.000     5.000         *     0.000     0.000     0.000    -1.277     2.000    16.000     0.000     3.000     6.000    13.000    16.000    19.000    57.451     2.489    -0.745     0.163     5.724     0.355    -0.015     0.012
    40.000         *    33.000         *         *         *     5.000         *     4.000         *         *         *     0.000     1.000     0.000    -0.011     0.000    -2.000     0.000     3.000     6.000    13.000    16.000    19.000    38.448     3.367    -0.909     0.187     4.828     0.461    -0.011     0.013
    41.000    34.000    35.000         *         *         *     5.000     5.000     4.000         *         *         *     0.000     1.000     1.000    -0.783     0.000    -4.000     0.000     3.000     6.000    13.000    16.000    19.000    38.460     2.914    -0.834     0.185     4.863     0.408    -0.024     0.013
    48.000    41.000    42.000    31.000         *         *     5.000     8.000     6.000     5.000         *         *     0.000     1.000     0.000    -0.247     0.000    -5.000     0.000     3.000     6.000    13.000    16.000    19.000    43.458     2.635    -0.852     0.173     5.798     0.377    -0.006     0.012
    40.000    35.000    35.000    35.000    30.000    25.000     6.000     6.000     8.000     6.000     7.000     6.000     0.000     1.000     0.000    -1.146     1.000     4.000     0.000     3.000     6.000    13.000    16.000    19.000    41.718     2.417    -0.854     0.152     6.518     0.340    -0.023     0.012
    25.000         *         *         *         *         *     5.000         *         *         *         *         *     0.000     1.000     0.000    -0.895     2.000     8.000     0.000     3.000     6.000    13.000    16.000    19.000    33.642     4.216    -1.009     0.195     5.426     0.537    -0.039     0.014
    35.000    36.000    32.000         *         *         *     6.000     4.000     8.000         *         *         *     0.000     1.000     0.000    -0.881     1.000     2.000     0.000     3.000     6.000    13.000    16.000    19.000    38.125     2.914    -0.940     0.185     5.949     0.408    -0.025     0.013
    45.000    32.000    32.000     7.000         *         *     4.000     5.000     5.000     4.000         *         *     0.000     0.000     0.000    -2.070     0.000     5.000     0.000     3.000     6.000    13.000    16.000    19.000    35.271     2.635    -1.112     0.173     4.794     0.377    -0.029     0.012
    47.000    34.000    28.000    18.000    24.000         *     5.000     5.000     4.000     4.000     4.000         *     0.000     1.000     0.000    -2.070     0.000    -3.000     0.000     3.000     6.000    13.000    16.000    19.000    37.110     2.489    -0.963     0.163     4.682     0.355    -0.013     0.012
    39.000    45.000    43.000    28.000    18.000         *     6.000     6.000     4.000     4.000     5.000         *     0.000     0.000     0.000    -0.262     1.000     7.000     0.000     3.000     6.000    13.000    16.000    19.000    41.419     2.489    -1.000     0.163     5.430     0.355    -0.031     0.012
    42.000    32.000    39.000    20.000         *         *     6.000     7.000     4.000     6.000         *         *     0.000     1.000     0.000    -0.914     0.000     1.000     0.000     3.000     6.000    13.000    16.000    19.000    38.732     2.635    -0.982     0.173     5.784     0.377    -0.020     0.012
    52.000    40.000    50.000         *         *         *     5.000     5.000     5.000         *         *         *     0.000     1.000     0.000    -1.359     2.000     5.000     0.000     3.000     6.000    13.000    16.000    19.000    47.228     2.914    -0.803     0.185     5.324     0.408    -0.013     0.013
    68.000    63.000    36.000    37.000         *         *     6.000     7.000     6.000     6.000         *         *     0.000     0.000     0.000    -0.556     0.000     3.000     0.000     3.000     6.000    13.000    16.000    19.000    51.889     2.635    -0.877     0.173     6.188     0.377    -0.008     0.012
    36.000    28.000    30.000         *         *         *     5.000     5.000     3.000         *         *         *     0.000     0.000     0.000    -0.822     0.000     0.000     0.000     3.000     6.000    13.000    16.000    19.000    34.624     2.914    -0.954     0.185     4.693     0.408    -0.023     0.013
    36.000         *         *         *         *         *     4.000         *         *         *         *         *     0.000     1.000     0.000    -0.822     0.000     1.000     0.000     3.000     6.000    13.000    16.000    19.000    37.192     4.216    -0.918     0.195     4.577     0.537    -0.013     0.014
    44.000         *         *         *         *         *     5.000         *         *         *         *         *     0.000     1.000     0.000    -1.150     3.000    -2.000     0.000     3.000     6.000    13.000    16.000    19.000    40.720     4.216    -0.874     0.195     5.456     0.537    -0.021     0.014
    32.000         *         *         *         *         *     6.000         *         *         *         *         *     0.000     0.000     0.000    -1.536     0.000    16.000     0.000     3.000     6.000    13.000    16.000    19.000    38.102     4.216    -1.009     0.195     5.984     0.537    -0.042     0.014
    37.000    49.000    45.000    40.000    30.000    38.000     5.000     5.000     4.000     5.000     5.000     5.000     0.000     1.000     0.000    -1.538     0.000     0.000     0.000     3.000     6.000    13.000    16.000    19.000    45.576     2.417    -0.695     0.152     4.921     0.340     0.001     0.012
    38.000         *         *         *         *         *     6.000         *         *         *         *         *     0.000     0.000     1.000    -2.167     0.000     6.000     0.000     3.000     6.000    13.000    16.000    19.000    39.107     4.216    -0.881     0.195     5.809     0.537    -0.043     0.014
    25.000    35.000    24.000    37.000    30.000    25.000     5.000     5.000     4.000     4.000     3.000     5.000     0.000     0.000     1.000    -2.167     0.000    -2.000     0.000     3.000     6.000    13.000    16.000    19.000    36.070     2.417    -0.665     0.152     4.717     0.340    -0.030     0.012
    38.000    31.000    34.000         *         *         *     5.000     5.000     4.000         *         *         *     0.000     1.000     0.000    -2.481     0.000    -8.000     0.000     3.000     6.000    13.000    16.000    19.000    36.726     2.914    -0.854     0.185     4.797     0.408    -0.006     0.013
    41.000    38.000    40.000    21.000    20.000         *     8.000     8.000     7.000     7.000     6.000         *     0.000     1.000     1.000    -2.505     0.000    12.000     0.000     3.000     6.000    13.000    16.000    19.000    40.717     2.489    -1.042     0.163     7.349     0.355    -0.056     0.012
    44.000         *    40.000    45.000         *         *     5.000         *     8.000     5.000         *         *     0.000     1.000     0.000    -2.505     0.000     9.000     0.000     3.000     6.000    13.000    16.000    19.000    46.923     2.930    -0.763     0.173     5.903     0.417    -0.012     0.013
    43.000    43.000    40.000    37.000    26.000    20.000     5.000     6.000     6.000     6.000     6.000     6.000     0.000     0.000     0.000    -3.381     1.000     5.000     0.000     3.000     6.000    13.000    16.000    19.000    43.123     2.417    -0.910     0.152     5.938     0.340    -0.021     0.012
    42.000    27.000    38.000         *         *         *     6.000     5.000     5.000         *         *         *     0.000     0.000     0.000    -1.962     0.000     3.000     0.000     3.000     6.000    13.000    16.000    19.000    38.442     2.914    -0.917     0.185     5.496     0.408    -0.024     0.013
    49.000         *    46.000         *         *         *     8.000         *     5.000         *         *         *     0.000     0.000     0.000    -1.464     0.000    -1.000     0.000     3.000     6.000    13.000    16.000    19.000    45.975     3.367    -0.819     0.187     6.428     0.461    -0.015     0.013
    35.000    22.000         *         *         *         *     5.000     5.000         *         *         *         *     0.000     1.000     1.000    -2.745     0.000     1.000     0.000     3.000     6.000    13.000    16.000    19.000    33.059     3.390    -0.923     0.190     5.096     0.458    -0.039     0.013
    44.000    40.000    25.000         *         *         *     6.000     6.000     5.000         *         *         *     0.000     1.000     0.000    -2.745     0.000     7.000     0.000     3.000     6.000    13.000    16.000    19.000    39.835     2.914    -0.967     0.185     5.753     0.408    -0.024     0.013
    32.000    38.000    29.000    26.000         *         *     4.000     4.000     4.000     4.000         *         *     0.000     0.000     0.000    -4.216     0.000    -5.000     0.000     3.000     6.000    13.000    16.000    19.000    35.873     2.635    -0.830     0.173     4.263     0.377    -0.009     0.012
    35.000    30.000    26.000         *         *         *     4.000     5.000     5.000         *         *         *     0.000     0.000     1.000    -4.213     0.000    -7.000     0.000     3.000     6.000    13.000    16.000    19.000    33.468     2.914    -0.835     0.185     4.720     0.408    -0.029     0.013
    29.000    44.000    40.000         *    27.000         *     6.000     6.000     5.000         *     5.000         *     0.000     1.000     0.000    -4.467     0.000     1.000     0.000     3.000     6.000    13.000    16.000    19.000    40.537     2.648    -0.817     0.168     5.587     0.379    -0.014     0.012
    44.000    39.000    40.000    21.000         *    27.000     6.000     5.000     5.000     6.000     6.000     6.000     0.000     1.000     0.000    -3.750     0.000    -4.000     0.000     3.000     6.000    13.000    16.000    19.000    41.057     2.501    -0.865     0.158     5.661     0.340    -0.006     0.012
    26.000    40.000    32.000         *         *         *     5.000     6.000     7.000         *         *         *     0.000     1.000     0.000    -2.839     0.000     0.000     0.000     3.000     6.000    13.000    16.000    19.000    37.019     2.914    -0.888     0.185     5.739     0.408    -0.018     0.013
    53.000    36.000    36.000         *         *         *     6.000     7.000     6.000         *         *         *     0.000     1.000     0.000    -2.842     0.000     9.000     0.000     3.000     6.000    13.000    16.000    19.000    43.974     2.914    -0.924     0.185     6.224     0.408    -0.022     0.013
    26.000    54.000         *         *    24.000    29.000     6.000     4.000         *         *     5.000     6.000     1.000     1.000     0.000    -4.333     2.000     8.000     0.000     3.000     6.000    13.000    16.000    19.000    42.719     2.730    -0.969     0.155     5.357     0.389     0.001     0.012
    41.000    35.000    38.000         *         *         *     5.000     6.000     6.000         *         *         *     0.000     0.000     0.000    -5.003     1.000    10.000     0.000     3.000     6.000    13.000    16.000    19.000    41.152     2.914    -0.879     0.185     5.751     0.408    -0.029     0.013
         *    34.000    43.000    34.000         *         *         *     4.000     5.000     4.000         *         *     0.000     1.000     0.000     0.800     1.000    -5.000     0.000     3.000     6.000    13.000    16.000    19.000    41.058     2.915    -0.801     0.174     4.666     0.445    -0.005     0.013
    36.000         *         *         *    30.000    25.000     5.000         *         *         *     4.000     4.000     0.000     0.000     0.000    -4.027     0.000    -4.000     0.000     3.000     6.000    13.000    16.000    19.000    38.529     3.042    -0.763     0.155     4.723     0.432    -0.011     0.012
    45.000    33.000    31.000         *    27.000    32.000     6.000     7.000     5.000         *     9.000     6.000     0.000     1.000     0.000    -3.777     0.000     0.000     0.000     3.000     6.000    13.000    16.000    19.000    41.213     2.524    -0.802     0.155     6.390     0.359    -0.011     0.012
    42.000    37.000    32.000         *         *         *     5.000     6.000     6.000         *         *         *     0.000     1.000     0.000    -3.844     3.000     7.000     0.000     3.000     6.000    13.000    16.000    19.000    40.355     2.914    -0.911     0.185     5.836     0.408    -0.032     0.013
    43.000    43.000    45.000    25.000         *         *     4.000     5.000     4.000     4.000         *         *     0.000     1.000     1.000    -4.372     1.000    11.000     0.000     3.000     6.000    13.000    16.000    19.000    43.301     2.635    -0.851     0.173     4.729     0.377    -0.033     0.012
    42.000         *         *         *         *         *     8.000         *         *         *         *         *     0.000     1.000     0.000    -5.220     2.000     8.000     0.000     3.000     6.000    13.000    16.000    19.000    43.857     4.216    -0.875     0.195     7.246     0.537    -0.034     0.014
    35.000    33.000         *         *         *         *     4.000     5.000         *         *         *         *     0.000     0.000     0.000    -3.258     0.000   -10.000     0.000     3.000     6.000    13.000    16.000    19.000    34.896     3.390    -0.846     0.190     4.569     0.458    -0.008     0.013
    43.000         *         *         *         *         *     6.000         *         *         *         *         *     0.000     1.000     0.000    -3.872     0.000     0.000     0.000     3.000     6.000    13.000    16.000    19.000    41.841     4.216    -0.843     0.195     5.749     0.537    -0.012     0.014
    38.000    40.000    41.000         *         *         *     6.000     5.000     6.000         *         *         *     0.000     0.000     0.000    -5.556     3.000     0.000     0.000     3.000     6.000    13.000    16.000    19.000    41.511     2.914    -0.790     0.185     5.874     0.408    -0.026     0.013
    54.000    51.000    40.000         *         *         *     6.000     5.000     5.000         *         *         *     0.000     0.000     0.000    -5.556     0.000     5.000     0.000     3.000     6.000    13.000    16.000    19.000    48.020     2.914    -0.777     0.185     5.543     0.408    -0.009     0.013
    22.000    39.000    39.000    26.000    20.000         *     6.000     5.000     5.000     5.000     4.000         *     0.000     1.000     1.000    -5.892     0.000     4.000     0.000     3.000     6.000    13.000    16.000    19.000    36.829     2.489    -0.834     0.163     5.356     0.355    -0.038     0.012
    44.000         *         *         *         *         *     5.000         *         *         *         *         *     0.000     0.000     0.000    -5.908     0.000    -1.000     0.000     3.000     6.000    13.000    16.000    19.000    41.299     4.216    -0.799     0.195     5.183     0.537    -0.010     0.014
    43.000    48.000    37.000    30.000         *         *     4.000     5.000     5.000     4.000         *         *     0.000     1.000     0.000    -4.172     1.000     2.000     0.000     3.000     6.000    13.000    16.000    19.000    43.103     2.635    -0.828     0.173     4.753     0.377    -0.009     0.012
    29.000    38.000    36.000         *         *         *     5.000     6.000     4.000         *         *         *     0.000     1.000     0.000    -4.172     0.000     1.000     0.000     3.000     6.000    13.000    16.000    19.000    38.020     2.914    -0.846     0.185     5.111     0.408    -0.014     0.013
    44.000    46.000         *    34.000    18.000         *     7.000     8.000         *     4.000     6.000         *     0.000     1.000     0.000    -3.470     2.000     7.000     0.000     3.000     6.000    13.000    16.000    19.000    42.883     2.691    -0.983     0.163     6.541     0.384    -0.036     0.012
    41.000    40.000    35.000    27.000    31.000    25.000     7.000     6.000     7.000     7.000     5.000     6.000     0.000     0.000     0.000    -6.056     2.000     1.000     0.000     3.000     6.000    13.000    16.000    19.000    41.069     2.417    -0.836     0.152     6.554     0.340    -0.030     0.012
    42.000         *         *         *         *         *     5.000         *         *         *         *         *     0.000     1.000     0.000    -4.866     0.000     0.000     0.000     3.000     6.000    13.000    16.000    19.000    41.204     4.216    -0.822     0.195     5.175     0.537    -0.008     0.014
    35.000         *         *         *         *         *     6.000         *         *         *         *         *     0.000     0.000     0.000    -4.866     0.000     0.000     0.000     3.000     6.000    13.000    16.000    19.000    37.439     4.216    -0.876     0.195     5.721     0.537    -0.022     0.014
    20.000         *    40.000         *         *         *     6.000         *     4.000         *         *         *     0.000     1.000     0.000    -4.430     0.000     1.000     0.000     3.000     6.000    13.000    16.000    19.000    35.961     3.367    -0.841     0.187     5.247     0.461    -0.019     0.013
    42.000    43.000    37.000         *         *         *     5.000     5.000     5.000         *         *         *     0.000     1.000     0.000    -3.928     3.000     3.000     0.000     3.000     6.000    13.000    16.000    19.000    42.499     2.914    -0.831     0.185     5.354     0.408    -0.021     0.013
    45.000    38.000    40.000         *         *         *     5.000     5.000     5.000         *         *         *     0.000     0.000     0.000    -4.833     0.000    -9.000     0.000     3.000     6.000    13.000    16.000    19.000    41.282     2.914    -0.754     0.185     5.030     0.408    -0.001     0.013
    33.000    33.000    39.000    40.000    30.000    26.000     5.000     4.000     5.000     6.000     5.000         *     0.000     1.000     0.000    -4.833     0.000    -7.000     0.000     3.000     6.000    13.000    16.000    19.000    40.013     2.420    -0.677     0.152     4.981     0.355     0.002     0.012
    45.000    39.000         *         *         *         *     5.000     5.000         *         *         *         *     0.000     1.000     0.000    -4.736     0.000    -3.000     0.000     3.000     6.000    13.000    16.000    19.000    41.799     3.390    -0.801     0.190     5.100     0.458    -0.003     0.013
    50.000    38.000    43.000         *         *         *     6.000     5.000     6.000         *         *         *     0.000     1.000     0.000    -4.736     0.000    -4.000     0.000     3.000     6.000    13.000    16.000    19.000    44.291     2.914    -0.771     0.185     5.623     0.408    -0.002     0.013
    38.000    37.000    40.000         *         *         *     7.000     6.000     6.000         *         *         *     0.000     1.000     1.000    -5.777     1.000     2.000     0.000     3.000     6.000    13.000    16.000    19.000    41.275     2.914    -0.778     0.185     6.307     0.408    -0.037     0.013
    48.000    37.000    35.000    13.000         *         *     6.000     6.000     5.000     4.000         *         *     0.000     1.000     0.000    -5.683     0.000     6.000     0.000     3.000     6.000    13.000    16.000    19.000    39.155     2.635    -1.036     0.173     5.518     0.377    -0.025     0.012
    42.000    36.000    32.000    34.000    20.000    25.000     5.000     7.000     6.000     4.000     5.000     5.000     0.000     1.000     0.000    -4.358     0.000     6.000     0.000     3.000     6.000    13.000    16.000    19.000    40.212     2.417    -0.897     0.152     5.528     0.340    -0.021     0.012
    45.000    43.000    37.000    27.000    20.000         *     4.000     5.000     5.000     5.000     4.000         *     0.000     1.000     0.000    -6.656     0.000     7.000     0.000     3.000     6.000    13.000    16.000    19.000    41.490     2.489    -0.939     0.163     4.833     0.355    -0.014     0.012
    45.000         *         *         *         *         *     9.000         *         *         *         *         *     0.000     1.000     0.000    -5.473     3.000    10.000     0.000     3.000     6.000    13.000    16.000    19.000    46.036     4.216    -0.873     0.195     7.977     0.537    -0.042     0.014
    35.000    37.000    41.000         *         *         *     4.000     5.000     4.000         *         *         *     0.000     1.000     0.000    -5.761     0.000     2.000     0.000     3.000     6.000    13.000    16.000    19.000    40.381     2.914    -0.784     0.185     4.580     0.408    -0.006     0.013
    45.000    39.000    34.000         *         *         *     7.000     6.000     6.000         *         *         *     0.000     1.000     0.000    -5.761     0.000    12.000     0.000     3.000     6.000    13.000    16.000    19.000    43.010     2.914    -0.906     0.185     6.357     0.408    -0.027     0.013
    32.000    40.000    39.000    24.000         *         *     7.000     7.000     9.000     8.000         *         *     0.000     0.000     0.000    -6.973     2.000     8.000     0.000     3.000     6.000    13.000    16.000    19.000    40.351     2.635    -0.908     0.173     7.518     0.377    -0.042     0.012
    52.000    49.000    42.000    42.000    27.000    23.000     6.000     6.000     5.000     6.000     7.000     5.000     0.000     0.000     1.000    -7.570     3.000     2.000     0.000     3.000     6.000    13.000    16.000    19.000    45.962     2.417    -0.825     0.152     6.199     0.340    -0.038     0.012
    43.000    35.000    37.000    33.000    22.000    31.000     7.000     6.000     7.000     5.000     6.000     7.000     0.000     1.000     0.000    -4.978     0.000     4.000     0.000     3.000     6.000    13.000    16.000    19.000    41.881     2.417    -0.846     0.152     6.402     0.340    -0.019     0.012
    38.000    34.000    34.000    23.000    22.000    29.000     7.000     9.000     8.000     6.000     6.000     6.000     0.000     1.000     0.000    -4.978     0.000     2.000     0.000     3.000     6.000    13.000    16.000    19.000    39.059     2.417    -0.886     0.152     7.001     0.340    -0.029     0.012
         *    33.000    30.000    12.000    14.000         *         *     4.000     5.000     4.000     4.000         *     0.000     0.000     0.000    -3.816     0.000     3.000     0.000     3.000     6.000    13.000    16.000    19.000    33.246     2.720    -1.050     0.164     4.730     0.410    -0.029     0.013
    43.000    37.000    43.000    33.000    28.000         *     6.000     8.000     7.000     6.000     7.000     8.000     0.000     0.000     0.000    -6.917     1.000     3.000     0.000     3.000     6.000    13.000    16.000    19.000    43.285     2.484    -0.814     0.163     6.905     0.340    -0.022     0.012
    38.000    38.000    37.000    38.000    28.000    16.000     8.000     7.000         *     6.000     7.000     6.000     0.000     0.000     0.000    -6.917     1.000     2.000     0.000     3.000     6.000    13.000    16.000    19.000    41.028     2.417    -0.876     0.152     6.963     0.364    -0.032     0.012
    35.000    24.000    26.000    24.000    15.000    22.000     4.000     5.000     4.000     5.000     5.000     5.000     0.000     1.000     0.000    -6.092     0.000    -2.000     0.000     3.000     6.000    13.000    16.000    19.000    33.766     2.417    -0.864     0.152     4.772     0.340    -0.012     0.012
    20.000    29.000    29.000    15.000         *         *     4.000     4.000     5.000     4.000         *         *     0.000     1.000     0.000    -6.092     0.000    -3.000     0.000     3.000     6.000    13.000    16.000    19.000    30.679     2.635    -0.912     0.173     4.448     0.377    -0.017     0.012
    36.000    43.000    33.000    19.000    10.000         *     4.000     6.000     5.000     7.000     4.000         *     0.000     1.000     1.000    -6.716     0.000    -7.000     0.000     3.000     6.000    13.000    16.000    19.000    35.814     2.489    -0.946     0.163     5.208     0.355    -0.024     0.012
    47.000    37.000    43.000    42.000    30.000    32.000     4.000     4.000     4.000     4.000     4.000     5.000     0.000     1.000     0.000    -6.716     1.000    -2.000     0.000     3.000     6.000    13.000    16.000    19.000    44.148     2.417    -0.679     0.152     4.351     0.340     0.003     0.012
    43.000    57.000    46.000         *         *         *     6.000         *     7.000         *         *         *     0.000     1.000     1.000    -7.611     1.000     2.000     0.000     3.000     6.000    13.000    16.000    19.000    48.981     2.914    -0.638     0.185     6.256     0.461    -0.021     0.013
    45.000    34.000    28.000         *         *         *     5.000     5.000     6.000     4.000         *         *     0.000     0.000     0.000    -8.361     0.000     8.000     0.000     3.000     6.000    13.000    16.000    19.000    39.092     2.904    -0.886     0.185     5.258     0.377    -0.025     0.013
    40.000    33.000    30.000         *         *         *     6.000     4.000     5.000         *         *         *     0.000     0.000     0.000    -8.138     1.000    -6.000     0.000     3.000     6.000    13.000    16.000    19.000    37.024     2.914    -0.808     0.185     5.234     0.408    -0.016     0.013
    30.000    32.000         *         *         *         *     5.000     5.000         *         *         *         *     0.000     0.000     1.000    -7.810     0.000    -3.000     0.000     3.000     6.000    13.000    16.000    19.000    34.597     3.390    -0.782     0.190     5.060     0.458    -0.033     0.013
    44.000    35.000    41.000    46.000         *         *     5.000     6.000     4.000     6.000         *         *     0.000     0.000     0.000    -7.325     1.000     2.000     0.000     3.000     6.000    13.000    16.000    19.000    44.410     2.635    -0.645     0.173     5.373     0.377    -0.010     0.012
    34.000    37.000    29.000    31.000    21.000    12.000     5.000     6.000     7.000     6.000     6.000         *     0.000     1.000     0.000    -8.939     0.000     0.000     0.000     3.000     6.000    13.000    16.000    19.000    37.140     2.420    -0.918     0.152     5.893     0.355    -0.017     0.012
    40.000    31.000    33.000    18.000    16.000         *     6.000     5.000     5.000     5.000     5.000         *     0.000     1.000     0.000    -8.908     0.000     2.000     0.000     3.000     6.000    13.000    16.000    19.000    36.110     2.489    -0.975     0.163     5.429     0.355    -0.022     0.012
    42.000    46.000    50.000    27.000    25.000    24.000     7.000     8.000     9.000     6.000     6.000     7.000     0.000     1.000     0.000    -7.710     2.000    18.000     0.000     3.000     6.000    13.000    16.000    19.000    45.700     2.417    -1.004     0.152     7.426     0.340    -0.044     0.012
    50.000    36.000    44.000    37.000    33.000    19.000     6.000     4.000     5.000     5.000     6.000         *     0.000     1.000     0.000    -7.209     0.000    -9.000     0.000     3.000     6.000    13.000    16.000    19.000    43.039     2.420    -0.782     0.152     5.212     0.355     0.005     0.012
    44.000         *    39.000    22.000         *         *     5.000     5.000     5.000     5.000         *         *     0.000     0.000     0.000    -6.906     0.000     2.000     0.000     3.000     6.000    13.000    16.000    19.000    40.240     2.928    -0.878     0.173     5.172     0.377    -0.016     0.013
    38.000    38.000    41.000    25.000    14.000    14.000     7.000     6.000     6.000     4.000     5.000     4.000     0.000     0.000     0.000    -6.906     0.000    -4.000     0.000     3.000     6.000    13.000    16.000    19.000    37.345     2.417    -0.986     0.152     5.658     0.340    -0.026     0.012
    33.000    34.000    38.000         *         *         *     6.000     5.000     4.000         *         *         *     0.000     1.000     0.000    -7.500     0.000    -2.000     0.000     3.000     6.000    13.000    16.000    19.000    38.450     2.914    -0.787     0.185     5.190     0.408    -0.010     0.013
    38.000    34.000    41.000    38.000    32.000    31.000     7.000     7.000     7.000     7.000     6.000     7.000     0.000     0.000     0.000    -7.563     0.000    -5.000     0.000     3.000     6.000    13.000    16.000    19.000    42.096     2.417    -0.670     0.152     6.686     0.340    -0.012     0.012
         *         *    45.000    36.000    27.000    38.000         *         *     7.000     6.000     7.000     6.000     0.000     1.000     0.000    -0.861     2.000    -4.000     0.000     3.000     6.000    13.000    16.000    19.000    45.366     2.885    -0.765     0.156     6.475     0.428    -0.013     0.013
         *         *    41.000    32.000    20.000    26.000         *         *     5.000     4.000     4.000     4.000     0.000     1.000     0.000    -0.828     3.000    -2.000     0.000     3.000     6.000    13.000    16.000    19.000    40.277     2.885    -0.869     0.156     4.897     0.428    -0.021     0.013
    63.000    58.000    44.000    60.000    42.000         *     9.000     9.000     6.000     8.000     8.000         *     0.000     0.000     0.000    -7.908     1.000    19.000     0.000     3.000     6.000    13.000    16.000    19.000    57.241     2.489    -0.710     0.163     8.021     0.355    -0.027     0.012
    63.000    45.000    56.000    35.000    35.000         *     8.000     7.000     8.000     9.000     8.000         *     0.000     0.000     0.000    -7.895     3.000    12.000     0.000     3.000     6.000    13.000    16.000    19.000    52.156     2.489    -0.859     0.163     7.992     0.355    -0.033     0.012
    34.000    31.000    30.000         *         *         *     4.000     4.000     4.000     4.000         *         *     1.000     1.000     1.000    -7.145     1.000    12.000     0.000     3.000     6.000    13.000    16.000    19.000    36.687     2.904    -1.038     0.185     4.340     0.377    -0.019     0.013
    40.000    40.000    35.000    32.000    24.000    27.000     4.000     5.000     6.000     4.000     6.000     5.000     0.000     0.000     0.000    -6.911     1.000     6.000     0.000     3.000     6.000    13.000    16.000    19.000    41.020     2.417    -0.825     0.152     5.205     0.340    -0.019     0.012
    44.000    41.000    45.000    30.000         *         *     6.000     7.000     6.000     5.000         *         *     0.000     1.000     0.000    -7.683     0.000     6.000     0.000     3.000     6.000    13.000    16.000    19.000    44.405     2.635    -0.818     0.173     6.013     0.377    -0.015     0.012
    49.000    47.000    39.000    34.000    30.000    39.000     6.000     7.000     4.000     6.000     4.000     7.000     0.000     1.000     0.000    -8.208     1.000    -4.000     0.000     3.000     6.000    13.000    16.000    19.000    45.469     2.417    -0.693     0.152     5.699     0.340    -0.003     0.012
    46.000    46.000    44.000         *         *         *     4.000     5.000     5.000         *         *         *     0.000     1.000     0.000    -7.419     1.000     0.000     0.000     3.000     6.000    13.000    16.000    19.000    45.822     2.914    -0.699     0.185     4.858     0.408     0.001     0.013
    53.000    55.000         *         *         *         *     6.000     7.000         *         *         *         *     0.000     1.000     0.000    -9.153     0.000    -1.000     0.000     3.000     6.000    13.000    16.000    19.000    50.991     3.390    -0.646     0.190     6.144     0.458     0.005     0.013
    43.000    43.000    43.000         *    37.000    23.000     7.000     5.000     7.000         *     7.000     5.000     0.000     1.000     0.000    -9.156     0.000     3.000     0.000     3.000     6.000    13.000    16.000    19.000    44.723     2.524    -0.790     0.155     6.241     0.359    -0.012     0.012
    43.000    36.000         *         *    17.000         *     5.000     5.000         *         *     4.000         *     0.000     1.000     0.000    -8.202     0.000    -2.000     0.000     3.000     6.000    13.000    16.000    19.000    38.020     2.927    -0.903     0.169     4.924     0.416    -0.011     0.013
    43.000    41.000    40.000    29.000    20.000    25.000     6.000     5.000     5.000     7.000     7.000     7.000     0.000     1.000     0.000   -10.234     0.000    11.000     0.000     3.000     6.000    13.000    16.000    19.000    42.864     2.417    -0.925     0.152     6.211     0.340    -0.017     0.012
    45.000    36.000    44.000    36.000    31.000    30.000     8.000     6.000     6.000     6.000     8.000     8.000     0.000     1.000     0.000   -10.126     0.000    10.000     0.000     3.000     6.000    13.000    16.000    19.000    45.415     2.417    -0.797     0.152     7.011     0.340    -0.018     0.012
    38.000    41.000    38.000    24.000    22.000         *     7.000     6.000     6.000     5.000     6.000     6.000     0.000     1.000     0.000   -11.108     0.000     4.000     0.000     3.000     6.000    13.000    16.000    19.000    40.309     2.484    -0.887     0.163     6.159     0.340    -0.021     0.012
    47.000    55.000    39.000    47.000    39.000    30.000     4.000     5.000     6.000     5.000     6.000     6.000     0.000     1.000     0.000   -10.317     0.000     2.000     0.000     3.000     6.000    13.000    16.000    19.000    48.525     2.417    -0.665     0.152     5.216     0.340     0.008     0.012
    50.000    37.000    30.000         *         *         *     6.000     5.000     5.000         *         *         *     1.000     1.000     0.000   -10.169     0.000     4.000     0.000     3.000     6.000    13.000    16.000    19.000    41.884     2.914    -1.000     0.185     5.306     0.408     0.010     0.013
    57.000    46.000    44.000    47.000    30.000         *     5.000     5.000     5.000     5.000     6.000         *     0.000     1.000     0.000   -11.281     2.000     2.000     0.000     3.000     6.000    13.000    16.000    19.000    48.809     2.489    -0.689     0.163     5.366     0.355    -0.003     0.012
    44.000    43.000    41.000         *         *         *     6.000     7.000     7.000         *         *         *     0.000     1.000     0.000   -10.214     2.000    18.000     0.000     3.000     6.000    13.000    16.000    19.000    46.445     2.914    -0.812     0.185     6.666     0.408    -0.033     0.013
    38.000    37.000    38.000         *         *         *     6.000     7.000     6.000         *         *         *     0.000     1.000     0.000   -10.214     3.000    15.000     0.000     3.000     6.000    13.000    16.000    19.000    42.433     2.914    -0.836     0.185     6.473     0.408    -0.039     0.013
    38.000         *         *         *         *         *     4.000         *         *         *         *         *     0.000     1.000     0.000   -11.850     0.000     4.000     0.000     3.000     6.000    13.000    16.000    19.000    41.340     4.216    -0.723     0.195     4.671     0.537    -0.005     0.014
    37.000         *         *         *         *         *     5.000         *         *         *         *         *     0.000     1.000     0.000   -11.850     0.000     1.000     0.000     3.000     6.000    13.000    16.000    19.000    40.747     4.216    -0.726     0.195     5.183     0.537    -0.006     0.014
    39.000    39.000    40.000    28.000    27.000    31.000     6.000     7.000     7.000     5.000     4.000     5.000     0.000     0.000     0.000   -10.578     2.000    12.000     0.000     3.000     6.000    13.000    16.000    19.000    42.064     2.417    -0.808     0.152     6.119     0.340    -0.039     0.012
    48.000    43.000    39.000    38.000    22.000    29.000     6.000     6.000     6.000     6.000     7.000     7.000     0.000     1.000     0.000   -10.526     2.000    19.000     0.000     3.000     6.000    13.000    16.000    19.000    45.972     2.417    -0.907     0.152     6.592     0.340    -0.032     0.012
    62.000    52.000    50.000    56.000    51.000    32.000     7.000     6.000     7.000     8.000     6.000     4.000     0.000     1.000     1.000   -13.750     1.000     8.000     0.000     3.000     6.000    13.000    16.000    19.000    54.625     2.417    -0.588     0.152     6.546     0.340    -0.022     0.012
    45.000    47.000    40.000    24.000         *         *     7.000     8.000     7.000     7.000     7.000         *     0.000     1.000     1.000   -13.578     1.000    12.000     0.000     3.000     6.000    13.000    16.000    19.000    44.864     2.628    -0.822     0.173     7.255     0.355    -0.044     0.012
    38.000    34.000    36.000    24.000    25.000    32.000     5.000     6.000     5.000     5.000     5.000     4.000     0.000     0.000     0.000   -11.089     3.000     0.000     0.000     3.000     6.000    13.000    16.000    19.000    38.729     2.417    -0.727     0.152     5.382     0.340    -0.027     0.012
    45.000    51.000    41.000         *         *         *     5.000     5.000     6.000         *         *         *     0.000     1.000     0.000   -13.100     1.000     2.000     0.000     3.000     6.000    13.000    16.000    19.000    46.991     2.914    -0.641     0.185     5.426     0.408    -0.001     0.013
    39.000    39.000    41.000    28.000    23.000    23.000     7.000     6.000     7.000     7.000     6.000     6.000     0.000     0.000     0.000   -13.384     0.000    10.000     0.000     3.000     6.000    13.000    16.000    19.000    41.529     2.417    -0.880     0.152     6.659     0.340    -0.030     0.012
    37.000    28.000    27.000    35.000    20.000    27.000     6.000     8.000     7.000     6.000     6.000     8.000     0.000     1.000     0.000   -11.892     0.000    -2.000     0.000     3.000     6.000    13.000    16.000    19.000    37.686     2.417    -0.753     0.152     6.638     0.340    -0.015     0.012
    35.000    21.000    30.000    17.000         *         *     8.000     8.000     8.000     9.000         *         *     0.000     0.000     0.000   -11.892     0.000     0.000     0.000     3.000     6.000    13.000    16.000    19.000    33.970     2.635    -0.930     0.173     7.763     0.377    -0.037     0.012
    38.000    36.000    42.000         *         *         *     6.000     6.000     6.000         *         *         *     0.000     1.000     0.000   -11.624     1.000     6.000     0.000     3.000     6.000    13.000    16.000    19.000    42.434     2.914    -0.743     0.185     6.009     0.408    -0.018     0.013
    36.000    39.000    46.000    38.000    41.000         *     7.000     6.000     8.000     8.000     6.000         *     0.000     1.000     0.000   -14.545     2.000    13.000     0.000     3.000     6.000    13.000    16.000    19.000    46.299     2.489    -0.636     0.163     7.047     0.355    -0.026     0.012
    11.000         *         *         *         *         *     5.000         *         *         *         *         *     0.000     0.000     0.000   -12.689     1.000    -3.000     0.000     3.000     6.000    13.000    16.000    19.000    27.143     4.216    -0.840     0.195     5.090     0.537    -0.031     0.014
    41.000         *         *         *         *         *     5.000         *         *         *         *         *     0.000     1.000     1.000   -13.725     0.000     4.000     0.000     3.000     6.000    13.000    16.000    19.000    43.454     4.216    -0.634     0.195     5.234     0.537    -0.020     0.014
    50.000         *         *         *         *         *     5.000         *         *         *         *         *     0.000     1.000     0.000   -13.725     0.000     2.000     0.000     3.000     6.000    13.000    16.000    19.000    47.446     4.216    -0.631     0.195     5.277     0.537     0.004     0.014
    50.000    34.000    35.000         *         *         *     5.000     5.000     4.000         *         *         *     1.000     0.000     1.000   -13.124     0.000     8.000     0.000     3.000     6.000    13.000    16.000    19.000    42.163     2.914    -0.897     0.185     4.837     0.408    -0.007     0.013
    65.000    55.000    67.000         *         *         *     7.000     7.000     6.000         *         *         *     0.000     0.000     0.000   -12.884     0.000    10.000     0.000     3.000     6.000    13.000    16.000    19.000    59.614     2.914    -0.527     0.185     6.602     0.408     0.002     0.013
    53.000    61.000    58.000    60.000    47.000    46.000     8.000     7.000     6.000     7.000     6.000     8.000     0.000     0.000     1.000   -15.213     0.000    13.000     0.000     3.000     6.000    13.000    16.000    19.000    57.687     2.417    -0.486     0.152     7.094     0.340    -0.021     0.012
    50.000    47.000    40.000    33.000    29.000    31.000     8.000     4.000     9.000     8.000     7.000     5.000     0.000     0.000     0.000   -15.210     1.000    10.000     0.000     3.000     6.000    13.000    16.000    19.000    46.238     2.417    -0.808     0.152     7.035     0.340    -0.028     0.012
    41.000    45.000    43.000    27.000    27.000    36.000     7.000     6.000     7.000     6.000     6.000     6.000     0.000     1.000     0.000   -16.081     1.000     9.000     0.000     3.000     6.000    13.000    16.000    19.000    44.482     2.417    -0.750     0.152     6.508     0.340    -0.022     0.012
    53.000    46.000    43.000         *         *         *     6.000     7.000     8.000         *         *         *     0.000     1.000     0.000   -15.059     0.000     0.000     0.000     3.000     6.000    13.000    16.000    19.000    48.556     2.914    -0.626     0.185     6.545     0.408     0.000     0.013
    50.000    51.000    49.000    50.000    45.000         *     5.000     7.000     5.000     5.000     6.000         *     0.000     1.000     1.000   -15.059     0.000    -7.000     0.000     3.000     6.000    13.000    16.000    19.000    50.614     2.489    -0.398     0.163     5.474     0.355     0.004     0.012
    40.000    40.000         *    34.000    35.000    35.000     5.000     6.000         *     6.000     6.000     6.000     0.000     0.000     0.000   -16.732     0.000     1.000     0.000     3.000     6.000    13.000    16.000    19.000    43.487     2.581    -0.587     0.152     5.709     0.364    -0.004     0.012
    28.000    24.000    20.000         *     6.000    13.000     5.000     4.000     6.000     7.000     4.000     4.000     0.000     1.000     1.000   -16.721     1.000     1.000     0.000     3.000     6.000    13.000    16.000    19.000    29.424     2.521    -0.893     0.155     5.390     0.340    -0.044     0.012
    49.000    50.000    41.000    34.000    31.000    26.000     7.000     7.000     7.000     6.000     5.000     6.000     0.000     1.000     0.000   -17.606     1.000     2.000     0.000     3.000     6.000    13.000    16.000    19.000    45.753     2.417    -0.772     0.152     6.447     0.340    -0.015     0.012
    42.000    42.000    42.000    48.000    43.000    25.000     5.000     4.000     5.000     5.000     5.000     5.000     0.000     1.000     0.000   -17.381     1.000     3.000     0.000     3.000     6.000    13.000    16.000    19.000    45.959     2.417    -0.570     0.152     4.993     0.340     0.001     0.012
    51.000    41.000    50.000    37.000    39.000    57.000     6.000     5.000     5.000         *     3.000     3.000     0.000     1.000     0.000   -15.594     1.000    13.000     0.000     3.000     6.000    13.000    16.000    19.000    49.896     2.418    -0.484     0.152     4.973     0.359    -0.012     0.012
    57.000    50.000    50.000    52.000    37.000    46.000     9.000     6.000     9.000     7.000     7.000     8.000     0.000     1.000     0.000   -15.538     0.000     7.000     0.000     3.000     6.000    13.000    16.000    19.000    53.777     2.417    -0.593     0.152     7.548     0.340    -0.007     0.012
    50.000    47.000    44.000    32.000    32.000    44.000     6.000     3.000     5.000     5.000     4.000     4.000     0.000     1.000     0.000   -15.242     0.000    15.000     0.000     3.000     6.000    13.000    16.000    19.000    47.948     2.417    -0.679     0.152     4.941     0.340    -0.011     0.012
    59.000    51.000         *         *         *         *     3.000     3.000     4.000         *         *         *     0.000     0.000     0.000   -15.605     0.000    10.000     0.000     3.000     6.000    13.000    16.000    19.000    51.925     3.383    -0.562     0.190     3.961     0.408     0.009     0.013
    50.000    49.000    48.000         *         *         *     5.000     6.000     4.000         *         *         *     0.000     0.000     0.000   -15.603     0.000    11.000     0.000     3.000     6.000    13.000    16.000    19.000    49.846     2.914    -0.611     0.185     5.280     0.408    -0.005     0.013
    51.000    45.000    45.000    36.000    34.000    31.000     5.000     5.000     6.000     5.000     6.000     5.000     0.000     1.000     0.000   -18.250     0.000    12.000     0.000     3.000     6.000    13.000    16.000    19.000    47.524     2.417    -0.723     0.152     5.477     0.340    -0.007     0.012
         *         *    38.000    45.000    35.000    34.000         *         *     5.000     5.000     5.000     5.000     0.000     1.000     0.000   -11.721     2.000    -2.000     0.000     3.000     6.000    13.000    16.000    19.000    45.396     2.885    -0.601     0.156     5.248     0.428    -0.004     0.013
         *         *    40.000    31.000    29.000    35.000         *         *     5.000     4.000     5.000     5.000     0.000     1.000     1.000   -11.721     0.000    -3.000     0.000     3.000     6.000    13.000    16.000    19.000    42.232     2.885    -0.629     0.156     5.009     0.428    -0.014     0.013
         *         *         *    52.000    34.000         *         *         *         *     6.000     4.000         *     0.000     0.000     1.000    -4.306     0.000     6.000     0.000     3.000     6.000    13.000    16.000    19.000    48.497     3.424    -0.649     0.165     5.502     0.533    -0.024     0.013
         *         *         *    45.000    31.000    39.000         *         *         *     7.000     5.000     6.000     0.000     1.000     0.000    -3.381     1.000     6.000     0.000     3.000     6.000    13.000    16.000    19.000    48.405     3.185    -0.737     0.157     6.148     0.481    -0.012     0.013
         *         *         *    29.000    27.000    37.000         *         *         *     6.000     6.000     6.000     0.000     1.000     0.000    -3.475     1.000     6.000     0.000     3.000     6.000    13.000    16.000    19.000    43.972     3.185    -0.817     0.157     6.198     0.481    -0.020     0.013
         *    46.000    45.000    34.000    30.000    45.000         *     7.000     5.000     6.000     6.000     7.000     0.000     0.000     0.000   -13.600     1.000     0.000     0.000     3.000     6.000    13.000    16.000    19.000    46.586     2.627    -0.609     0.155     6.185     0.387    -0.007     0.012
         *    48.000    45.000    42.000         *         *         *     6.000     6.000     6.000         *         *     0.000     0.000     0.000   -13.600     1.000     6.000     0.000     3.000     6.000    13.000    16.000    19.000    48.652     2.915    -0.632     0.174     6.086     0.445    -0.011     0.013
         *    39.000         *         *         *         *         *     5.000         *         *         *         *     0.000     0.000     0.000   -14.078     1.000     1.000     0.000     3.000     6.000    13.000    16.000    19.000    42.211     4.066    -0.684     0.191     5.426     0.600    -0.013     0.014
         *    40.000    34.000    37.000         *         *         *     6.000     6.000     6.000         *         *     0.000     1.000     0.000   -14.150     1.000     0.000     0.000     3.000     6.000    13.000    16.000    19.000    42.906     2.915    -0.673     0.174     5.965     0.445    -0.010     0.013
         *    42.000         *         *         *         *         *     6.000         *         *         *         *     0.000     0.000     0.000   -15.374     0.000     8.000     0.000     3.000     6.000    13.000    16.000    19.000    45.549     4.066    -0.679     0.191     5.951     0.600    -0.014     0.014
         *    46.000    38.000    60.000    41.000    42.000         *     4.000     6.000     4.000     4.000     5.000     0.000     1.000     1.000   -16.471     0.000    10.000     0.000     3.000     6.000    13.000    16.000    19.000    50.100     2.627    -0.439     0.155     4.965     0.387    -0.012     0.012
         *         *         *    34.000    34.000    32.000         *         *         *     5.000     5.000     5.000     0.000     1.000     0.000    -6.400     1.000    -5.000     0.000     3.000     6.000    13.000    16.000    19.000    43.119     3.185    -0.687     0.157     5.164     0.481    -0.002     0.013
         *         *         *    22.000    19.000    20.000         *         *         *     4.000     5.000     6.000     0.000     1.000     0.000    -6.406     0.000     2.000     0.000     3.000     6.000    13.000    16.000    19.000    36.884     3.185    -0.929     0.157     5.310     0.481    -0.018     0.013
         *         *         *    22.000    25.000    33.000         *         *         *     6.000     6.000     6.000     0.000     0.000     0.000    -4.598     0.000    11.000     0.000     3.000     6.000    13.000    16.000    19.000    41.759     3.185    -0.890     0.157     6.296     0.481    -0.029     0.013
         *         *         *    30.000    19.000    30.000         *         *         *     4.000     4.000     5.000     0.000     0.000     0.000    -4.542     0.000     2.000     0.000     3.000     6.000    13.000    16.000    19.000    39.325     3.185    -0.827     0.157     4.841     0.481    -0.016     0.013
         *         *         *    44.000    39.000    51.000         *         *         *     9.000     8.000     8.000     0.000     1.000     0.000    -4.589     1.000    13.000     0.000     3.000     6.000    13.000    16.000    19.000    54.406     3.185    -0.693     0.157     7.970     0.481    -0.018     0.013
         *    58.000         *    40.000    40.000    51.000         *     9.000         *     6.000     7.000     8.000     0.000     1.000     0.000   -14.570     1.000    15.000     0.000     3.000     6.000    13.000    16.000    19.000    54.754     2.842    -0.637     0.155     7.454     0.424    -0.017     0.013
         *    59.000    55.000    54.000    52.000    57.000         *     5.000     4.000     4.000     6.000     5.000     0.000     1.000     0.000   -16.377     0.000     6.000     0.000     3.000     6.000    13.000    16.000    19.000    57.413     2.627    -0.349     0.155     4.822     0.387     0.022     0.012
         *    43.000    35.000    37.000    35.000    31.000         *     5.000     5.000     5.000     6.000     6.000     0.000     1.000     0.000   -15.978     0.000    -5.000     0.000     3.000     6.000    13.000    16.000    19.000    43.393     2.627    -0.603     0.155     5.295     0.387     0.007     0.012
         *    51.000    56.000         *         *         *         *     5.000     6.000         *         *         *     0.000     1.000     0.000   -14.936     1.000     4.000     0.000     3.000     6.000    13.000    16.000    19.000    52.887     3.308    -0.533     0.185     5.686     0.499     0.005     0.013
         *    55.000    44.000    30.000    29.000    43.000         *     5.000     6.000     5.000     4.000     6.000     0.000     1.000     0.000   -14.936     0.000     4.000     0.000     3.000     6.000    13.000    16.000    19.000    47.482     2.627    -0.675     0.155     5.307     0.387     0.000     0.012
    34.000    36.000    40.000    39.000    35.000    23.000     5.000     4.000     5.000     4.000     4.000     4.000     0.000     1.000     0.000   -21.172     0.000     2.000     0.000     3.000     6.000    13.000    16.000    19.000    41.104     2.417    -0.589     0.152     4.583     0.340    -0.002     0.012
    38.000    37.000    37.000    28.000    28.000         *     5.000     5.000     5.000     4.000     5.000     5.000     0.000     1.000     0.000   -21.153     0.000    -2.000     0.000     3.000     6.000    13.000    16.000    19.000    39.800     2.484    -0.645     0.163     4.934     0.340    -0.001     0.012
         *         *    56.000    34.000    37.000    35.000         *         *     5.000     5.000     7.000     4.000     0.000     1.000     0.000   -13.511     0.000     2.000     0.000     3.000     6.000    13.000    16.000    19.000    48.421     2.885    -0.664     0.156     5.315     0.428     0.003     0.013
         *         *    42.000    52.000    50.000    52.000         *         *     7.000     5.000     6.000     6.000     0.000     0.000     0.000   -13.511     0.000     0.000     0.000     3.000     6.000    13.000    16.000    19.000    52.237     2.885    -0.376     0.156     5.842     0.428     0.008     0.013
         *         *         *    35.000    35.000    48.000         *         *         *     6.000     5.000     6.000     0.000     0.000     1.000    -5.653     0.000    -5.000     0.000     3.000     6.000    13.000    16.000    19.000    45.889     3.185    -0.537     0.157     5.693     0.481    -0.014     0.013
         *         *         *    46.000    26.000    37.000         *         *         *     7.000     8.000         *     0.000     0.000     0.000    -5.650     0.000     3.000     0.000     3.000     6.000    13.000    16.000    19.000    47.230     3.195    -0.747     0.157     6.927     0.533    -0.013     0.013
         *    68.000    43.000    49.000    46.000    50.000         *     8.000     9.000     8.000     6.000     9.000     0.000     1.000     0.000   -15.495     0.000    17.000     0.000     3.000     6.000    13.000    16.000    19.000    57.580     2.627    -0.611     0.155     7.802     0.387    -0.011     0.012
         *    55.000    70.000    48.000    51.000    60.000         *     8.000     7.000     8.000     9.000     8.000     0.000     1.000     0.000   -15.495     0.000    21.000     0.000     3.000     6.000    13.000    16.000    19.000    61.785     2.627    -0.515     0.155     7.765     0.387    -0.004     0.012
         *    47.000    39.000    41.000    35.000    26.000         *     6.000     6.000     6.000     7.000     6.000     0.000     1.000     0.000   -17.758     1.000     1.000     0.000     3.000     6.000    13.000    16.000    19.000    45.739     2.627    -0.680     0.155     6.176     0.387    -0.006     0.012
    42.000    44.000    43.000    45.000    35.000    34.000     4.000     6.000     6.000     4.000     4.000     5.000     0.000     1.000     0.000   -21.450     0.000     5.000     0.000     3.000     6.000    13.000    16.000    19.000    46.031     2.417    -0.540     0.152     4.912     0.340     0.002     0.012
    46.000    40.000    40.000    30.000    24.000    42.000     8.000     6.000     8.000     6.000     6.000     8.000     0.000     1.000     0.000   -21.450     2.000     0.000     0.000     3.000     6.000    13.000    16.000    19.000    43.989     2.417    -0.631     0.152     7.036     0.340    -0.017     0.012
         *         *         *    48.000    39.000         *         *         *         *     4.000     5.000         *     0.000     1.000     0.000    -8.367     0.000     0.000     0.000     3.000     6.000    13.000    16.000    19.000    48.573     3.424    -0.591     0.165     4.818     0.533     0.008     0.013
    45.000    50.000         *    41.000    42.000    43.000     5.000     6.000         *     7.000     5.000     6.000     0.000     1.000     0.000   -21.525     0.000    10.000     0.000     3.000     6.000    13.000    16.000    19.000    49.994     2.581    -0.507     0.152     5.752     0.364     0.002     0.012
    42.000    48.000         *    30.000    25.000    43.000     6.000     5.000         *     6.000     6.000     7.000     0.000     0.000     0.000   -21.522     3.000     4.000     0.000     3.000     6.000    13.000    16.000    19.000    44.762     2.581    -0.608     0.152     6.190     0.364    -0.018     0.012
         *         *         *    16.000         *         *         *         *         *     3.000         *         *     0.000     0.000     0.000    -6.025     0.000    -7.000     0.000     3.000     6.000    13.000    16.000    19.000    31.322     3.996    -0.908     0.175     4.180     0.624    -0.016     0.014
         *    45.000    45.000    31.000    31.000         *         *     6.000     6.000     5.000     5.000     6.000     0.000     1.000     0.000   -18.745     0.000     7.000     0.000     3.000     6.000    13.000    16.000    19.000    45.507     2.713    -0.710     0.164     5.726     0.387    -0.008     0.012
         *    48.000    39.000    62.000    38.000    38.000         *     6.000     6.000     6.000     6.000     6.000     0.000     1.000     1.000   -18.691     2.000     5.000     0.000     3.000     6.000    13.000    16.000    19.000    50.194     2.627    -0.466     0.155     6.225     0.387    -0.020     0.012
         *    42.000    43.000    36.000    24.000    28.000         *     4.000     5.000     6.000     6.000     5.000     0.000     0.000     0.000   -19.009     2.000     6.000     0.000     3.000     6.000    13.000    16.000    19.000    43.553     2.627    -0.727     0.155     5.549     0.387    -0.017     0.012
         *    48.000    45.000    30.000    26.000    38.000         *     6.000     5.000     6.000     5.000     6.000     0.000     1.000     0.000   -18.854     0.000     3.000     0.000     3.000     6.000    13.000    16.000    19.000    45.560     2.627    -0.680     0.155     5.631     0.387    -0.002     0.012
         *    42.000    47.000    27.000    35.000    41.000         *     6.000     6.000     6.000     6.000     6.000     0.000     0.000     0.000   -18.138     1.000     6.000     0.000     3.000     6.000    13.000    16.000    19.000    45.899     2.627    -0.621     0.155     6.137     0.387    -0.014     0.012
         *    45.000         *         *         *         *         *     6.000         *         *         *         *     0.000     1.000     0.000   -17.327     3.000     8.000     0.000     3.000     6.000    13.000    16.000    19.000    48.176     4.066    -0.625     0.191     6.356     0.600    -0.018     0.014
         *    23.000    26.000    26.000    19.000    19.000         *     5.000     6.000     5.000     5.000     5.000     0.000     0.000     0.000   -17.250     0.000    -4.000     0.000     3.000     6.000    13.000    16.000    19.000    33.184     2.627    -0.749     0.155     5.352     0.387    -0.017     0.012
         *    50.000    44.000    47.000    41.000    38.000         *     6.000     8.000     6.000     5.000     8.000     0.000     1.000     0.000   -18.731     1.000     7.000     0.000     3.000     6.000    13.000    16.000    19.000    50.610     2.627    -0.575     0.155     6.566     0.387    -0.006     0.012
         *    47.000    60.000    47.000    45.000    40.000         *     6.000     8.000     6.000     8.000     8.000     0.000     1.000     0.000   -18.734     1.000     8.000     0.000     3.000     6.000    13.000    16.000    19.000    53.940     2.627    -0.559     0.155     7.018     0.387    -0.002     0.012
         *    41.000    32.000    51.000         *    40.000         *     8.000     8.000     8.000         *     7.000     0.000     0.000     0.000   -19.008     3.000     2.000     0.000     3.000     6.000    13.000    16.000    19.000    46.855     2.741    -0.497     0.160     7.625     0.413    -0.023     0.012
         *    49.000    50.000    39.000    37.000    40.000         *     6.000     4.000     4.000     4.000     6.000     0.000     0.000     0.000   -19.083     1.000     8.000     0.000     3.000     6.000    13.000    16.000    19.000    49.034     2.627    -0.577     0.155     5.132     0.387    -0.006     0.012
         *    34.000    39.000    34.000    34.000    37.000         *     6.000     6.000     4.000     4.000     5.000     0.000     0.000     0.000   -20.108     1.000    12.000     0.000     3.000     6.000    13.000    16.000    19.000    43.455     2.627    -0.601     0.155     5.468     0.387    -0.023     0.012
         *    44.000    45.000    32.000         *    40.000         *     6.000     5.000     7.000         *     6.000     0.000     1.000     0.000   -19.863     2.000     7.000     0.000     3.000     6.000    13.000    16.000    19.000    47.252     2.741    -0.596     0.160     6.151     0.413    -0.011     0.012
         *    41.000    47.000    37.000    31.000    35.000         *     7.000     7.000     7.000     7.000     6.000     0.000     1.000     0.000   -19.922     1.000    13.000     0.000     3.000     6.000    13.000    16.000    19.000    47.349     2.627    -0.702     0.155     6.910     0.387    -0.021     0.012
         *         *    40.000    40.000    44.000    34.000         *         *     8.000     8.000     7.000     7.000     0.000     0.000     0.000   -17.365     1.000     5.000     0.000     3.000     6.000    13.000    16.000    19.000    48.085     2.885    -0.609     0.156     7.347     0.428    -0.017     0.013
         *         *         *    42.000    37.000    37.000         *         *         *     4.000     4.000     5.000     0.000     1.000     0.000   -10.376     1.000     3.000     0.000     3.000     6.000    13.000    16.000    19.000    47.079     3.185    -0.618     0.157     4.795     0.481    -0.001     0.013
    49.000    58.000    48.000    60.000    50.000    42.000     8.000     8.000     8.000     6.000     9.000     8.000     0.000     1.000     0.000   -24.467     0.000     4.000     0.000     3.000     6.000    13.000    16.000    19.000    55.035     2.417    -0.402     0.152     7.500     0.340     0.006     0.012
    47.000    40.000    44.000    30.000    30.000    35.000     7.000     8.000     8.000     6.000     6.000     6.000     0.000     0.000     1.000   -24.239     3.000     1.000     0.000     3.000     6.000    13.000    16.000    19.000    43.903     2.417    -0.593     0.152     7.094     0.340    -0.043     0.012
         *    60.000    44.000    42.000    40.000    36.000         *     4.000     5.000     5.000     6.000     5.000     0.000     1.000     0.000   -20.433     3.000    -5.000     0.000     3.000     6.000    13.000    16.000    19.000    49.441     2.627    -0.530     0.155     5.149     0.387     0.007     0.012
         *    50.000    46.000    35.000    32.000    37.000         *     6.000     6.000     6.000     6.000     6.000     0.000     1.000     0.000   -20.377     3.000    -5.000     0.000     3.000     6.000    13.000    16.000    19.000    46.534     2.627    -0.588     0.155     6.064     0.387    -0.005     0.012
         *    46.000    65.000    43.000    37.000    46.000         *     7.000     7.000     7.000     7.000     6.000     0.000     1.000     0.000   -20.299     0.000     6.000     0.000     3.000     6.000    13.000    16.000    19.000    53.142     2.627    -0.545     0.155     6.626     0.387     0.002     0.012
         *    48.000    42.000    60.000    35.000    39.000         *     6.000     7.000     7.000     7.000     5.000     0.000     1.000     1.000   -20.286     1.000     0.000     0.000     3.000     6.000    13.000    16.000    19.000    49.766     2.627    -0.452     0.155     6.411     0.387    -0.013     0.012
         *         *    36.000    41.000    34.000    36.000         *         *     6.000     4.000     4.000     6.000     0.000     0.000     0.000   -19.303     1.000    10.000     0.000     3.000     6.000    13.000    16.000    19.000    45.507     2.885    -0.604     0.156     5.451     0.428    -0.016     0.013
         *         *    52.000    33.000         *    43.000         *         *     5.000     5.000         *     5.000     0.000     0.000     0.000   -19.303     0.000    10.000     0.000     3.000     6.000    13.000    16.000    19.000    49.423     3.053    -0.571     0.160     5.343     0.465    -0.005     0.013
         *         *         *    39.000    42.000    55.000         *         *         *     7.000     6.000     7.000     0.000     1.000     0.000   -11.224     3.000    10.000     0.000     3.000     6.000    13.000    16.000    19.000    52.996     3.185    -0.558     0.157     6.876     0.481    -0.016     0.013
         *         *         *    54.000    36.000    47.000         *         *         *     7.000     6.000     7.000     0.000     1.000     0.000   -11.055     3.000    12.000     0.000     3.000     6.000    13.000    16.000    19.000    53.944     3.185    -0.616     0.157     6.934     0.481    -0.018     0.013
    55.000         *         *         *         *         *     5.000         *         *         *         *         *     0.000     1.000     0.000   -27.605     0.000    13.000     0.000     3.000     6.000    13.000    16.000    19.000    55.121     4.216    -0.399     0.195     5.539     0.537     0.010     0.014
         *         *         *    43.000    35.000    39.000         *         *         *     7.000     6.000     7.000     0.000     1.000     0.000   -11.892     0.000     4.000     0.000     3.000     6.000    13.000    16.000    19.000    48.927     3.185    -0.649     0.157     6.421     0.481    -0.003     0.013
         *         *         *    41.000    42.000    50.000         *         *         *     6.000     6.000     7.000     0.000     0.000     0.000   -11.854     2.000    10.000     0.000     3.000     6.000    13.000    16.000    19.000    51.933     3.185    -0.565     0.157     6.567     0.481    -0.016     0.013
         *         *         *    46.000    44.000    36.000         *         *         *     4.000     4.000     5.000     0.000     1.000     0.000   -14.597     0.000     0.000     0.000     3.000     6.000    13.000    16.000    19.000    48.644     3.185    -0.523     0.157     4.554     0.481     0.012     0.013
         *         *         *    33.000         *    47.000         *         *         *     7.000         *     5.000     0.000     1.000     0.000   -13.633     3.000     8.000     0.000     3.000     6.000    13.000    16.000    19.000    49.051     3.458    -0.601     0.161     6.439     0.538    -0.019     0.013
         *         *    60.000    55.000    36.000         *         *         *     5.000     6.000     6.000         *     0.000     1.000     0.000   -19.333     0.000    16.000     0.000     3.000     6.000    13.000    16.000    19.000    55.907     3.026    -0.580     0.165     5.856     0.462     0.001     0.013
         *         *    45.000    29.000    33.000    45.000         *         *         *     6.000     5.000     6.000     0.000     1.000     0.000   -19.275     1.000     8.000     0.000     3.000     6.000    13.000    16.000    19.000    46.964     2.885    -0.607     0.156     5.908     0.481    -0.010     0.013
         *         *         *    56.000    39.000    42.000         *         *         *     6.000     8.000     4.000     0.000     1.000     0.000   -12.616     0.000    -4.000     0.000     3.000     6.000    13.000    16.000    19.000    51.167     3.185    -0.498     0.157     5.696     0.481     0.014     0.013
         *         *         *    42.000    45.000    56.000         *         *         *     6.000     5.000     7.000     0.000     1.000     0.000   -12.560     0.000    -2.000     0.000     3.000     6.000    13.000    16.000    19.000    52.218     3.185    -0.421     0.157     5.674     0.481     0.016     0.013
         *         *         *    40.000    44.000    38.000         *         *         *     4.000     4.000     6.000     0.000     1.000     0.000   -14.828     1.000    10.000     0.000     3.000     6.000    13.000    16.000    19.000    49.509     3.185    -0.597     0.157     5.167     0.481    -0.005     0.013
         *         *         *    42.000    25.000    41.000         *         *         *     4.000     6.000     7.000     0.000     1.000     0.000   -15.194     2.000     8.000     0.000     3.000     6.000    13.000    16.000    19.000    47.160     3.185    -0.669     0.157     6.012     0.481    -0.014     0.013
         *         *         *    38.000    34.000    40.000         *         *         *     5.000     6.000     6.000     0.000     1.000     0.000   -15.299     1.000    10.000     0.000     3.000     6.000    13.000    16.000    19.000    48.131     3.185    -0.654     0.157     5.947     0.481    -0.011     0.013
         *         *         *    51.000    40.000    42.000         *         *         *     7.000     4.000     6.000     0.000     0.000     0.000   -13.798     3.000    13.000     0.000     3.000     6.000    13.000    16.000    19.000    52.178     3.185    -0.595     0.157     6.304     0.481    -0.023     0.013
         *         *         *    35.000         *         *         *         *         *     8.000         *         *     0.000     1.000     0.000   -14.888     2.000    10.000     0.000     3.000     6.000    13.000    16.000    19.000    47.722     3.996    -0.732     0.175     7.292     0.624    -0.024     0.014
         *         *         *    70.000    70.000    69.000         *         *         *     7.000     6.000     8.000     0.000     1.000     0.000   -15.466     2.000    17.000     0.000     3.000     6.000    13.000    16.000    19.000    68.661     3.185    -0.240     0.157     6.919     0.481     0.009     0.013
         *         *         *    41.000    30.000    45.000         *         *         *     6.000     4.000     5.000     0.000     1.000     1.000   -16.480     0.000     1.000     0.000     3.000     6.000    13.000    16.000    19.000    46.587     3.185    -0.512     0.157     5.279     0.481    -0.011     0.013
         *         *         *    30.000    16.000    29.000         *         *         *     5.000         *     5.000     0.000     1.000     0.000   -16.917     2.000     1.000     0.000     3.000     6.000    13.000    16.000    19.000    39.220     3.192    -0.764     0.157     5.529     0.538    -0.019     0.013
         *         *         *    29.000    24.000    37.000         *         *         *     7.000     6.000     7.000     0.000     1.000     0.000   -16.869     2.000     7.000     0.000     3.000     6.000    13.000    16.000    19.000    43.907     3.185    -0.740     0.157     6.812     0.481    -0.023     0.013
         *         *         *    55.000    54.000    70.000         *         *         *     6.000     6.000     6.000     0.000     1.000     1.000   -18.436     0.000     2.000     0.000     3.000     6.000    13.000    16.000    19.000    59.269     3.185    -0.179     0.157     5.815     0.481     0.010     0.013
         *         *         *    68.000    55.000         *         *         *         *     6.000     7.000     6.000     0.000     1.000     0.000   -18.800     2.000     2.000     0.000     3.000     6.000    13.000    16.000    19.000    60.041     3.408    -0.287     0.165     6.168     0.482     0.015     0.013
         *         *         *    35.000    36.000    43.000         *         *         *     5.000     6.000     7.000     0.000     1.000     1.000   -18.527     1.000    19.000     0.000     3.000     6.000    13.000    16.000    19.000    49.680     3.185    -0.635     0.157     6.546     0.481    -0.035     0.013
         *         *         *    57.000    44.000    45.000         *         *         *     5.000     5.000     5.000     0.000     1.000     0.000   -18.645     1.000    22.000     0.000     3.000     6.000    13.000    16.000    19.000    56.284     3.185    -0.551     0.157     5.652     0.481    -0.010     0.013
         *         *         *    45.000         *         *         *         *         *     5.000         *         *     0.000     1.000     0.000   -17.059     1.000    18.000     0.000     3.000     6.000    13.000    16.000    19.000    52.466     3.996    -0.620     0.175     5.961     0.624    -0.013     0.014
         *         *         *    42.000    33.000    38.000         *         *         *     7.000     5.000     6.000     0.000     1.000     0.000   -16.867     0.000    11.000     0.000     3.000     6.000    13.000    16.000    19.000    48.759     3.185    -0.662     0.157     6.113     0.481    -0.009     0.013
