     8.000         *         *         *         *         *         *         *         *         *         *         *     0.000     0.000     0.000    17.816     0.000    -8.000     0.000     3.000     6.000    13.000    16.000    19.000    16.744     4.195    -1.356     0.200     2.832     0.799    -0.091     0.018
    14.000         *         *         *         *         *     4.000         *         *         *         *         *     0.000     1.000     0.000    16.108     0.000    -1.000     0.000     3.000     6.000    13.000    16.000    19.000    22.697     4.145    -1.325     0.199     3.520     0.601    -0.079     0.018
    28.000         *         *         *         *         *     4.000         *         *         *         *         *     0.000     0.000     1.000    16.108     0.000    -2.000     0.000     3.000     6.000    13.000    16.000    19.000    28.525     4.145    -1.226     0.199     3.561     0.601    -0.092     0.018
    40.000    34.000    39.000    45.000    23.000         *     3.000     4.000     4.000     3.000     3.000         *     0.000     1.000     0.000    -8.223     0.000    15.000     0.000     3.000     6.000    13.000    16.000    19.000    42.882     2.507    -0.789     0.167     3.764     0.385    -0.026     0.017
    35.000    50.000    45.000    27.000         *         *     4.000     4.000     4.000     3.000         *         *     0.000     1.000     0.000    -8.223     0.000    17.000     0.000     3.000     6.000    13.000    16.000    19.000    44.558     2.640    -0.856     0.178     4.067     0.409    -0.029     0.017
    50.000    45.000    45.000    46.000         *         *     4.000     3.000     5.000     4.000         *         *     0.000     1.000     0.000    -8.650     0.000    11.000     0.000     3.000     6.000    13.000    16.000    19.000    49.448     2.640    -0.672     0.178     4.193     0.409    -0.015     0.017
    30.000    35.000    33.000         *         *         *     4.000     5.000     4.000         *         *         *     0.000     1.000     0.000    -8.997     0.000     0.000     0.000     3.000     6.000    13.000    16.000    19.000    37.242     2.900    -0.801     0.190     4.213     0.444    -0.025     0.018
    56.000    51.000    42.000    35.000    34.000    46.000     4.000     5.000     8.000     4.000     4.000     5.000     0.000     0.000     0.000   -10.008     0.000     8.000     0.000     3.000     6.000    13.000    16.000    19.000    50.215     2.444    -0.722     0.156     5.114     0.370    -0.026     0.017
    59.000    50.000    48.000    55.000    42.000    43.000     4.000     4.000     4.000     4.000     4.000     4.000     0.000     1.000     0.000   -10.005     0.000     6.000     0.000     3.000     6.000    13.000    16.000    19.000    53.588     2.444    -0.581     0.156     4.182     0.370    -0.009     0.017
    12.000         *         *         *         *         *     3.000         *         *         *         *         *     0.000     0.000     0.000    12.623     0.000    -7.000     0.000     3.000     6.000    13.000    16.000    19.000    20.126     4.145    -1.249     0.199     2.982     0.601    -0.080     0.018
    23.000    25.000         *         *         *         *     4.000     3.000         *         *         *         *     0.000     1.000     1.000     7.288     0.000     5.000     0.000     3.000     6.000    13.000    16.000    19.000    29.347     3.356    -1.103     0.195     3.514     0.503    -0.069     0.018
    22.000    29.000    25.000         *         *         *     3.000     3.000     3.000         *         *         *     0.000     0.000     0.000     7.288     2.000    -6.000     0.000     3.000     6.000    13.000    16.000    19.000    28.938     2.900    -1.054     0.190     3.482     0.444    -0.085     0.018
    19.000    26.000         *         *         *         *     3.000     3.000         *         *         *         *     0.000     0.000     0.000     7.122     0.000     1.000     0.000     3.000     6.000    13.000    16.000    19.000    27.244     3.356    -1.129     0.195     3.239     0.503    -0.068     0.018
    32.000    27.000         *         *         *         *     3.000     3.000         *         *         *         *     0.000     0.000     1.000     7.221     0.000    -2.000     0.000     3.000     6.000    13.000    16.000    19.000    31.350     3.356    -1.041     0.195     3.212     0.503    -0.073     0.018
    36.000    25.000    15.000         *         *         *     6.000     5.000     5.000         *         *         *     0.000     0.000     0.000     8.436     3.000     1.000     0.000     3.000     6.000    13.000    16.000    19.000    30.554     2.900    -1.243     0.190     5.311     0.444    -0.108     0.018
    32.000         *         *         *         *         *     7.000         *         *         *         *         *     0.000     0.000     0.000     6.127     3.000     1.000     0.000     3.000     6.000    13.000    16.000    19.000    34.547     4.145    -1.127     0.199     5.660     0.601    -0.101     0.018
    37.000         *         *         *         *         *     4.000         *         *         *         *         *     0.000     0.000     0.000     6.922     3.000     5.000     0.000     3.000     6.000    13.000    16.000    19.000    35.927     4.145    -1.088     0.199     4.486     0.601    -0.097     0.018
    32.000         *         *         *         *         *     5.000         *         *         *         *         *     1.000     0.000     0.000     6.859     3.000     5.000     0.000     3.000     6.000    13.000    16.000    19.000    32.874     4.145    -1.297     0.199     4.744     0.601    -0.073     0.018
    36.000    26.000    28.000         *         *         *     4.000     3.000     0.000         *         *         *     0.000     0.000     0.000     5.583     0.000    -5.000     0.000     3.000     6.000    13.000    16.000    19.000    32.352     2.900    -1.034     0.190     2.856     0.444    -0.062     0.018
    41.000    33.000    30.000         *         *         *     3.000     3.000     0.000         *         *         *     0.000     0.000     1.000     5.581     0.000     2.000     0.000     3.000     6.000    13.000    16.000    19.000    36.107     2.900    -0.975     0.190     2.675     0.444    -0.069     0.018
    42.000    44.000    41.000         *         *         *     4.000     4.000     4.000         *         *         *     0.000     1.000     0.000     7.339     1.000     8.000     0.000     3.000     6.000    13.000    16.000    19.000    43.486     2.900    -1.004     0.190     4.293     0.444    -0.060     0.018
    50.000    30.000         *         *         *         *     3.000     5.000         *         *         *         *     1.000     1.000     1.000     7.339     0.000     2.000     0.000     3.000     6.000    13.000    16.000    19.000    39.091     3.356    -1.182     0.195     3.863     0.503    -0.032     0.018
    30.000    35.000    21.000         *         *         *     4.000     3.000     3.000         *         *         *     0.000     0.000     0.000     5.217     0.000     6.000     0.000     3.000     6.000    13.000    16.000    19.000    32.966     2.900    -1.108     0.190     3.618     0.444    -0.064     0.018
         *    44.000    34.000         *         *         *         *     5.000     4.000         *         *         *     0.000     0.000     0.000     8.511     0.000     6.000     0.000     3.000     6.000    13.000    16.000    19.000    41.377     3.334    -1.083     0.191     4.526     0.509    -0.064     0.018
         *    29.000         *         *         *         *         *     5.000         *         *         *         *     0.000     0.000     1.000     8.511     0.000     8.000     0.000     3.000     6.000    13.000    16.000    19.000    34.764     4.095    -1.126     0.196     4.354     0.605    -0.079     0.018
    49.000    45.000    39.000    22.000    22.000         *     4.000     6.000     5.000     3.000     3.000         *     0.000     1.000     0.000     4.945     1.000    -1.000     0.000     3.000     6.000    13.000    16.000    19.000    42.354     2.507    -1.097     0.167     4.633     0.385    -0.064     0.017
    36.000    36.000    35.000         *         *         *     5.000     6.000     5.000         *         *         *     0.000     1.000     0.000     5.045     2.000    -1.000     0.000     3.000     6.000    13.000    16.000    19.000    38.589     2.900    -1.018     0.190     5.198     0.444    -0.071     0.018
    37.000    45.000    31.000         *         *         *     4.000     3.000     4.000         *         *         *     1.000     1.000     1.000     3.739     1.000     2.000     0.000     3.000     6.000    13.000    16.000    19.000    39.352     2.900    -1.078     0.190     3.813     0.444    -0.036     0.018
    40.000         *         *         *         *         *     4.000         *         *         *         *         *     0.000     1.000     0.000     5.531     0.000    -4.000     0.000     3.000     6.000    13.000    16.000    19.000    37.388     4.145    -1.007     0.199     3.847     0.601    -0.048     0.018
    22.000         *         *         *         *         *     4.000         *         *         *         *         *     0.000     1.000     1.000     5.531     0.000    -3.000     0.000     3.000     6.000    13.000    16.000    19.000    28.592     4.145    -1.042     0.199     3.522     0.601    -0.064     0.018
    37.000         *         *         *         *         *     4.000         *         *         *         *         *     0.000     1.000     0.000     2.030     2.000     9.000     0.000     3.000     6.000    13.000    16.000    19.000    38.654     4.145    -0.999     0.199     4.398     0.601    -0.067     0.018
    32.000    33.000    32.000         *         *         *     4.000     3.000     3.000         *         *         *     0.000     0.000     0.000     2.930     1.000     6.000     0.000     3.000     6.000    13.000    16.000    19.000    35.665     2.900    -1.007     0.190     3.752     0.444    -0.068     0.018
    24.000    25.000    19.000         *         *         *     0.000     3.000     3.000         *         *         *     0.000     1.000     0.000     2.930     0.000     8.000     0.000     3.000     6.000    13.000    16.000    19.000    28.729     2.900    -1.062     0.190     2.606     0.444    -0.047     0.018
    37.000    32.000         *         *         *         *     6.000     5.000         *         *         *         *     0.000     1.000     0.000     2.982     1.000    -2.000     0.000     3.000     6.000    13.000    16.000    19.000    36.935     3.356    -1.027     0.195     4.969     0.503    -0.060     0.018
    46.000    45.000    41.000    27.000         *         *     4.000     4.000     3.000     3.000         *         *     0.000     1.000     0.000     3.127     0.000    -6.000     0.000     3.000     6.000    13.000    16.000    19.000    42.707     2.640    -0.922     0.178     3.781     0.409    -0.040     0.017
    54.000    35.000    43.000    36.000         *         *     3.000     3.000     4.000     3.000         *         *     0.000     0.000     0.000     3.127     0.000     2.000     0.000     3.000     6.000    13.000    16.000    19.000    44.539     2.640    -0.877     0.178     3.675     0.409    -0.046     0.017
    32.000    20.000    20.000         *         *         *     5.000     5.000     5.000         *         *         *     0.000     0.000     0.000     3.597     1.000     1.000     0.000     3.000     6.000    13.000    16.000    19.000    30.013     2.900    -1.147     0.190     4.804     0.444    -0.076     0.018
    35.000         *    17.000         *         *         *     0.000         *     3.000         *         *         *     0.000     1.000     0.000     2.597     0.000    -4.000     0.000     3.000     6.000    13.000    16.000    19.000    30.251     3.339    -1.001     0.191     2.369     0.506    -0.042     0.018
    35.000         *         *         *         *         *     4.000         *         *         *         *         *     0.000     1.000     0.000     1.161     0.000    -2.000     0.000     3.000     6.000    13.000    16.000    19.000    36.246     4.145    -0.957     0.199     3.841     0.601    -0.042     0.018
    47.000    47.000         *         *         *         *     5.000     6.000         *         *         *         *     0.000     1.000     0.000     1.919     0.000    10.000     0.000     3.000     6.000    13.000    16.000    19.000    46.751     3.356    -0.960     0.195     5.094     0.503    -0.041     0.018
    37.000    35.000    37.000    35.000    28.000    22.000     3.000     6.000     6.000     4.000     4.000     4.000     0.000     0.000     0.000     2.048     0.000     7.000     0.000     3.000     6.000    13.000    16.000    19.000    41.123     2.444    -0.920     0.156     4.789     0.370    -0.048     0.017
    44.000    41.000    34.000         *         *         *     4.000     4.000     3.000         *         *         *     0.000     1.000     0.000     2.303     0.000     1.000     0.000     3.000     6.000    13.000    16.000    19.000    41.220     2.900    -0.945     0.190     3.862     0.444    -0.041     0.018
    18.000         *         *         *         *         *     4.000         *         *         *         *         *     1.000     0.000     0.000     2.303     0.000    -2.000     0.000     3.000     6.000    13.000    16.000    19.000    25.657     4.145    -1.240     0.199     3.512     0.601    -0.034     0.018
    40.000    43.000         *         *         *         *     4.000     4.000         *         *         *         *     0.000     0.000     0.000     1.484     0.000    11.000     0.000     3.000     6.000    13.000    16.000    19.000    42.010     3.356    -0.970     0.195     4.160     0.503    -0.051     0.018
    34.000    26.000    25.000    15.000    12.000    24.000     3.000     3.000     3.000     4.000     3.000     0.000     0.000     0.000     0.000     1.481     0.000     9.000     0.000     3.000     6.000    13.000    16.000    19.000    33.122     2.444    -1.018     0.156     3.359     0.370    -0.060     0.017
    20.000         *         *         *         *         *     6.000         *         *         *         *         *     0.000     1.000     0.000    -0.223     3.000    13.000     0.000     3.000     6.000    13.000    16.000    19.000    32.389     4.145    -1.076     0.199     5.308     0.601    -0.084     0.018
    22.000         *         *         *         *         *     7.000         *         *         *         *         *     0.000     1.000     0.000    -0.072     3.000    14.000     0.000     3.000     6.000    13.000    16.000    19.000    34.041     4.145    -1.089     0.199     5.781     0.601    -0.085     0.018
    36.000         *         *         *         *         *     5.000         *         *         *         *         *     0.000     0.000     0.000     0.141     0.000     1.000     0.000     3.000     6.000    13.000    16.000    19.000    37.191     4.145    -0.974     0.199     4.343     0.601    -0.052     0.018
    28.000    36.000    30.000         *         *         *     4.000     4.000     3.000         *         *         *     0.000     0.000     1.000     0.135     0.000    -2.000     0.000     3.000     6.000    13.000    16.000    19.000    34.613     2.900    -0.898     0.190     3.730     0.444    -0.059     0.018
    35.000         *         *         *         *         *     0.000         *         *         *         *         *     0.000     1.000     1.000     1.836     0.000    -6.000     0.000     3.000     6.000    13.000    16.000    19.000    33.206     4.145    -0.846     0.199     1.920     0.601    -0.045     0.018
    44.000    40.000         *         *         *         *     4.000     4.000         *         *         *         *     0.000     1.000     1.000     1.836     0.000    -7.000     0.000     3.000     6.000    13.000    16.000    19.000    40.688     3.356    -0.851     0.195     3.880     0.503    -0.047     0.018
    33.000    35.000    39.000         *         *         *     3.000     3.000     3.000         *         *         *     0.000     1.000     0.000     1.156     0.000     1.000     0.000     3.000     6.000    13.000    16.000    19.000    38.085     2.900    -0.891     0.190     3.344     0.444    -0.038     0.018
    48.000    44.000    38.000    40.000    30.000    34.000     4.000     3.000     3.000     4.000     0.000     3.000     0.000     1.000     0.000     1.156     0.000     1.000     0.000     3.000     6.000    13.000    16.000    19.000    45.101     2.444    -0.794     0.156     3.385     0.370    -0.039     0.017
    39.000    45.000    38.000    26.000    24.000    12.000     3.000     5.000     5.000     5.000     4.000         *     0.000     1.000     0.000     0.575     3.000     6.000     0.000     3.000     6.000    13.000    16.000    19.000    40.648     2.445    -1.061     0.156     4.973     0.385    -0.071     0.017
    39.000    37.000    32.000    32.000    24.000    15.000     6.000     6.000     7.000     4.000     5.000     5.000     0.000     1.000     0.000     0.575     2.000     2.000     0.000     3.000     6.000    13.000    16.000    19.000    39.973     2.444    -1.026     0.156     5.839     0.370    -0.066     0.017
    45.000    45.000    33.000         *         *         *     5.000     4.000     3.000         *         *         *     0.000     1.000     0.000    -0.200     0.000     1.000     0.000     3.000     6.000    13.000    16.000    19.000    42.520     2.900    -0.914     0.190     4.105     0.444    -0.038     0.018
    60.000    46.000    43.000         *         *         *     6.000     6.000     5.000         *         *         *     0.000     0.000     0.000    -0.200     0.000     1.000     0.000     3.000     6.000    13.000    16.000    19.000    49.276     2.900    -0.899     0.190     5.356     0.444    -0.044     0.018
    38.000    35.000         *         *         *         *     4.000     4.000         *         *         *         *     0.000     0.000     1.000     0.964     0.000     7.000     0.000     3.000     6.000    13.000    16.000    19.000    38.281     3.356    -0.943     0.195     3.990     0.503    -0.061     0.018
    42.000    30.000         *         *         *         *     5.000     6.000         *         *         *         *     0.000     0.000     0.000     0.997     0.000     8.000     0.000     3.000     6.000    13.000    16.000    19.000    38.914     3.356    -1.045     0.195     4.974     0.503    -0.056     0.018
    28.000    24.000    35.000    22.000    22.000     1.000     3.000     3.000     0.000         *     3.000     0.000     0.000     0.000     1.000    -1.358     0.000     0.000     0.000     3.000     6.000    13.000    16.000    19.000    31.508     2.446    -0.962     0.156     2.603     0.390    -0.063     0.017
    33.000    36.000    36.000         *         *         *     4.000     4.000     3.000         *         *         *     0.000     1.000     0.000    -1.358     0.000    -4.000     0.000     3.000     6.000    13.000    16.000    19.000    37.659     2.900    -0.866     0.190     3.759     0.444    -0.035     0.018
    45.000         *         *         *         *         *     4.000         *         *         *         *         *     0.000     1.000     0.000    -0.183     2.000     2.000     0.000     3.000     6.000    13.000    16.000    19.000    41.905     4.145    -0.899     0.199     4.393     0.601    -0.058     0.018
    38.000    42.000         *         *         *         *     6.000     4.000         *         *         *         *     0.000     0.000     1.000    -0.183     1.000     8.000     0.000     3.000     6.000    13.000    16.000    19.000    41.218     3.356    -0.916     0.195     4.776     0.503    -0.071     0.018
    27.000    26.000    25.000         *         *         *     0.000     4.000     4.000         *         *         *     0.000     0.000     0.000    -0.339     0.000    -6.000     0.000     3.000     6.000    13.000    16.000    19.000    30.090     2.900    -0.927     0.190     2.982     0.444    -0.045     0.018
    18.000    21.000    17.000         *         *         *     4.000     3.000     0.000         *         *         *     0.000     0.000     0.000    -0.339     0.000    -3.000     0.000     3.000     6.000    13.000    16.000    19.000    24.770     2.900    -1.032     0.190     2.760     0.444    -0.059     0.018
    31.000    34.000    34.000         *         *         *     5.000     5.000     4.000         *         *         *     0.000     1.000     0.000    -0.460     0.000     1.000     0.000     3.000     6.000    13.000    16.000    19.000    37.113     2.900    -0.949     0.190     4.481     0.444    -0.041     0.018
         *         *         *         *         *         *     3.000         *         *         *         *         *     0.000     1.000     0.000    -0.447     1.000    -2.000     0.000     3.000     6.000    13.000    16.000    19.000    36.977     5.834    -0.901     0.202     3.619     0.609    -0.048     0.018
    43.000    46.000    33.000         *         *         *     3.000     3.000     4.000         *         *         *     1.000     0.000     1.000    -1.575     0.000    11.000     0.000     3.000     6.000    13.000    16.000    19.000    42.300     2.900    -1.021     0.190     3.577     0.444    -0.024     0.018
    40.000    37.000    36.000    22.000     9.000    17.000     4.000     5.000     0.000     3.000     3.000         *     0.000     0.000     0.000    -0.167     0.000    -2.000     0.000     3.000     6.000    13.000    16.000    19.000    36.496     2.445    -1.061     0.156     3.514     0.385    -0.054     0.017
    57.000    63.000    65.000    46.000    44.000         *     6.000     5.000     0.000     4.000     4.000         *     0.000     0.000     0.000    -1.277     2.000    16.000     0.000     3.000     6.000    13.000    16.000    19.000    57.499     2.507    -0.763     0.167     4.567     0.385    -0.060     0.017
    40.000         *    33.000         *         *         *     3.000         *     0.000         *         *         *     0.000     1.000     0.000    -0.011     0.000    -2.000     0.000     3.000     6.000    13.000    16.000    19.000    37.432     3.339    -0.878     0.191     2.515     0.506    -0.038     0.018
    41.000    34.000    35.000         *         *         *     3.000     3.000     4.000         *         *         *     0.000     1.000     1.000    -0.783     0.000    -4.000     0.000     3.000     6.000    13.000    16.000    19.000    38.588     2.900    -0.825     0.190     3.494     0.444    -0.042     0.018
    48.000    41.000    42.000    31.000         *         *     4.000     4.000     4.000     4.000         *         *     0.000     1.000     0.000    -0.247     0.000    -5.000     0.000     3.000     6.000    13.000    16.000    19.000    43.629     2.640    -0.852     0.178     4.120     0.409    -0.032     0.017
    40.000    35.000    35.000    35.000    30.000    25.000     3.000     5.000     5.000     4.000     5.000     4.000     0.000     1.000     0.000    -1.146     1.000     4.000     0.000     3.000     6.000    13.000    16.000    19.000    41.418     2.444    -0.829     0.156     4.617     0.370    -0.039     0.017
    25.000         *         *         *         *         *     4.000         *         *         *         *         *     0.000     1.000     0.000    -0.895     2.000     8.000     0.000     3.000     6.000    13.000    16.000    19.000    33.224     4.145    -0.996     0.199     4.247     0.601    -0.066     0.018
    35.000    36.000    32.000         *         *         *     0.000     4.000     4.000         *         *         *     0.000     1.000     0.000    -0.881     1.000     2.000     0.000     3.000     6.000    13.000    16.000    19.000    37.135     2.900    -0.872     0.190     3.213     0.444    -0.042     0.018
    45.000    32.000    32.000     7.000         *         *     3.000     3.000     3.000     3.000         *         *     0.000     0.000     0.000    -2.070     0.000     5.000     0.000     3.000     6.000    13.000    16.000    19.000    35.450     2.640    -1.107     0.178     3.472     0.409    -0.052     0.017
    47.000    34.000    28.000    18.000    24.000         *     3.000     3.000     0.000     0.000     0.000         *     0.000     1.000     0.000    -2.070     0.000    -3.000     0.000     3.000     6.000    13.000    16.000    19.000    36.410     2.507    -0.942     0.167     2.073     0.385    -0.048     0.017
    39.000    45.000    43.000    28.000    18.000         *     3.000     3.000     3.000     3.000     3.000         *     0.000     0.000     0.000    -0.262     1.000     7.000     0.000     3.000     6.000    13.000    16.000    19.000    41.185     2.507    -0.975     0.167     3.674     0.385    -0.058     0.017
    42.000    32.000    39.000    20.000         *         *     5.000     5.000     6.000     4.000         *         *     0.000     1.000     0.000    -0.914     0.000     1.000     0.000     3.000     6.000    13.000    16.000    19.000    39.326     2.640    -1.012     0.178     4.902     0.409    -0.042     0.017
    52.000    40.000    50.000         *         *         *     4.000     5.000     5.000         *         *         *     0.000     1.000     0.000    -1.359     2.000     5.000     0.000     3.000     6.000    13.000    16.000    19.000    47.698     2.900    -0.822     0.190     4.864     0.444    -0.052     0.018
    68.000    63.000    36.000    37.000         *         *     6.000     4.000     5.000     5.000         *         *     0.000     0.000     0.000    -0.556     0.000     3.000     0.000     3.000     6.000    13.000    16.000    19.000    52.694     2.640    -0.924     0.178     5.075     0.409    -0.041     0.017
    36.000    28.000    30.000         *         *         *     3.000     4.000     3.000         *         *         *     0.000     0.000     0.000    -0.822     0.000     0.000     0.000     3.000     6.000    13.000    16.000    19.000    34.802     2.900    -0.948     0.190     3.564     0.444    -0.049     0.018
    36.000         *         *         *         *         *     4.000         *         *         *         *         *     0.000     1.000     0.000    -0.822     0.000     1.000     0.000     3.000     6.000    13.000    16.000    19.000    37.696     4.145    -0.927     0.199     3.913     0.601    -0.038     0.018
    44.000         *         *         *         *         *     4.000         *         *         *         *         *     0.000     1.000     0.000    -1.150     3.000    -2.000     0.000     3.000     6.000    13.000    16.000    19.000    40.821     4.145    -0.870     0.199     4.496     0.601    -0.067     0.018
    32.000         *         *         *         *         *     4.000         *         *         *         *         *     0.000     0.000     0.000    -1.536     0.000    16.000     0.000     3.000     6.000    13.000    16.000    19.000    37.621     4.145    -0.999     0.199     4.117     0.601    -0.052     0.018
    37.000    49.000    45.000    40.000    30.000    38.000     4.000     3.000     4.000     3.000     4.000     3.000     0.000     1.000     0.000    -1.538     0.000     0.000     0.000     3.000     6.000    13.000    16.000    19.000    45.472     2.444    -0.696     0.156     3.807     0.370    -0.026     0.017
    38.000         *         *         *         *         *     4.000         *         *         *         *         *     0.000     0.000     1.000    -2.167     0.000     6.000     0.000     3.000     6.000    13.000    16.000    19.000    38.930     4.145    -0.877     0.199     3.911     0.601    -0.055     0.018
    25.000    35.000    24.000    37.000    30.000    25.000     4.000     3.000     3.000     3.000     0.000     3.000     0.000     0.000     1.000    -2.167     0.000    -2.000     0.000     3.000     6.000    13.000    16.000    19.000    35.834     2.444    -0.661     0.156     3.215     0.370    -0.052     0.017
    38.000    31.000    34.000         *         *         *     3.000     3.000     4.000         *         *         *     0.000     1.000     0.000    -2.481     0.000    -8.000     0.000     3.000     6.000    13.000    16.000    19.000    36.758     2.900    -0.840     0.190     3.481     0.444    -0.031     0.018
    41.000    38.000    40.000    21.000    20.000         *     5.000     6.000     6.000     5.000     3.000         *     0.000     1.000     1.000    -2.505     0.000    12.000     0.000     3.000     6.000    13.000    16.000    19.000    40.890     2.507    -1.054     0.167     5.138     0.385    -0.055     0.017
    44.000         *    40.000    45.000         *         *     4.000         *     0.000     3.000         *         *     0.000     1.000     0.000    -2.505     0.000     9.000     0.000     3.000     6.000    13.000    16.000    19.000    45.773     2.932    -0.723     0.178     3.085     0.454    -0.028     0.018
    43.000    43.000    40.000    37.000    26.000    20.000     3.000     4.000     3.000     3.000     4.000     4.000     0.000     0.000     0.000    -3.381     1.000     5.000     0.000     3.000     6.000    13.000    16.000    19.000    42.682     2.444    -0.884     0.156     4.039     0.370    -0.046     0.017
    42.000    27.000    38.000         *         *         *     3.000     3.000     3.000         *         *         *     0.000     0.000     0.000    -1.962     0.000     3.000     0.000     3.000     6.000    13.000    16.000    19.000    38.116     2.900    -0.890     0.190     3.389     0.444    -0.044     0.018
    49.000         *    46.000         *         *         *     5.000         *     4.000         *         *         *     0.000     0.000     0.000    -1.464     0.000    -1.000     0.000     3.000     6.000    13.000    16.000    19.000    46.047     3.339    -0.825     0.191     4.444     0.506    -0.040     0.018
    35.000    22.000         *         *         *         *     0.000     3.000         *         *         *         *     0.000     1.000     1.000    -2.745     0.000     1.000     0.000     3.000     6.000    13.000    16.000    19.000    32.084     3.356    -0.854     0.195     2.320     0.503    -0.042     0.018
    44.000    40.000    25.000         *         *         *     3.000     4.000     4.000         *         *         *     0.000     1.000     0.000    -2.745     0.000     7.000     0.000     3.000     6.000    13.000    16.000    19.000    39.748     2.900    -0.944     0.190     3.873     0.444    -0.035     0.018
    32.000    38.000    29.000    26.000         *         *     3.000     3.000     4.000     3.000         *         *     0.000     0.000     0.000    -4.216     0.000    -5.000     0.000     3.000     6.000    13.000    16.000    19.000    36.008     2.640    -0.833     0.178     3.513     0.409    -0.038     0.017
    35.000    30.000    26.000         *         *         *     3.000     3.000     4.000         *         *         *     0.000     0.000     1.000    -4.213     0.000    -7.000     0.000     3.000     6.000    13.000    16.000    19.000    33.613     2.900    -0.832     0.190     3.437     0.444    -0.049     0.018
    29.000    44.000    40.000         *    27.000         *     4.000     3.000     3.000         *     0.000         *     0.000     1.000     0.000    -4.467     0.000     1.000     0.000     3.000     6.000    13.000    16.000    19.000    39.584     2.656    -0.805     0.173     3.070     0.411    -0.039     0.017
    44.000    39.000    40.000    21.000         *    27.000     5.000     5.000     6.000     4.000     4.000     4.000     0.000     1.000     0.000    -3.750     0.000    -4.000     0.000     3.000     6.000    13.000    16.000    19.000    41.446     2.525    -0.903     0.162     4.796     0.371    -0.034     0.017
    26.000    40.000    32.000         *         *         *     3.000     3.000     4.000         *         *         *     0.000     1.000     0.000    -2.839     0.000     0.000     0.000     3.000     6.000    13.000    16.000    19.000    36.301     2.900    -0.856     0.190     3.526     0.444    -0.032     0.018
    53.000    36.000    36.000         *         *         *     5.000     4.000     5.000         *         *         *     0.000     1.000     0.000    -2.842     0.000     9.000     0.000     3.000     6.000    13.000    16.000    19.000    44.287     2.900    -0.929     0.190     4.630     0.444    -0.035     0.018
    26.000    54.000         *         *    24.000    29.000     4.000     4.000         *         *     3.000     5.000     1.000     1.000     0.000    -4.333     2.000     8.000     0.000     3.000     6.000    13.000    16.000    19.000    41.884     2.753    -0.924     0.159     4.288     0.423    -0.020     0.017
    41.000    35.000    38.000         *         *         *     5.000     4.000     3.000         *         *         *     0.000     0.000     0.000    -5.003     1.000    10.000     0.000     3.000     6.000    13.000    16.000    19.000    41.020     2.900    -0.884     0.190     4.284     0.444    -0.054     0.018
         *    34.000    43.000    34.000         *         *         *     3.000     3.000     3.000         *         *     0.000     1.000     0.000     0.800     1.000    -5.000     0.000     3.000     6.000    13.000    16.000    19.000    40.996     2.954    -0.795     0.179     3.577     0.458    -0.044     0.018
    36.000         *         *         *    30.000    25.000     4.000         *         *         *     3.000     3.000     0.000     0.000     0.000    -4.027     0.000    -4.000     0.000     3.000     6.000    13.000    16.000    19.000    38.931     3.072    -0.772     0.160     3.782     0.473    -0.038     0.017
    45.000    33.000    31.000         *    27.000    32.000     6.000     4.000     5.000         *     7.000     4.000     0.000     1.000     0.000    -3.777     0.000     0.000     0.000     3.000     6.000    13.000    16.000    19.000    41.367     2.546    -0.813     0.159     5.083     0.390    -0.025     0.017
    42.000    37.000    32.000         *         *         *     4.000     6.000     5.000         *         *         *     0.000     1.000     0.000    -3.844     3.000     7.000     0.000     3.000     6.000    13.000    16.000    19.000    40.647     2.900    -0.916     0.190     5.149     0.444    -0.067     0.018
    43.000    43.000    45.000    25.000         *         *     4.000     3.000     4.000     0.000         *         *     0.000     1.000     1.000    -4.372     1.000    11.000     0.000     3.000     6.000    13.000    16.000    19.000    43.076     2.640    -0.869     0.178     3.456     0.409    -0.060     0.017
    42.000         *         *         *         *         *     5.000         *         *         *         *         *     0.000     1.000     0.000    -5.220     2.000     8.000     0.000     3.000     6.000    13.000    16.000    19.000    43.110     4.145    -0.857     0.199     4.914     0.601    -0.053     0.018
    35.000    33.000         *         *         *         *     4.000     4.000         *         *         *         *     0.000     0.000     0.000    -3.258     0.000   -10.000     0.000     3.000     6.000    13.000    16.000    19.000    35.344     3.356    -0.864     0.195     3.852     0.503    -0.042     0.018
    43.000         *         *         *         *         *     6.000         *         *         *         *         *     0.000     1.000     0.000    -3.872     0.000     0.000     0.000     3.000     6.000    13.000    16.000    19.000    42.723     4.145    -0.867     0.199     4.865     0.601    -0.033     0.018
    38.000    40.000    41.000         *         *         *     4.000     3.000     5.000         *         *         *     0.000     0.000     0.000    -5.556     3.000     0.000     0.000     3.000     6.000    13.000    16.000    19.000    41.178     2.900    -0.772     0.190     4.426     0.444    -0.067     0.018
    54.000    51.000    40.000         *         *         *     5.000     3.000     3.000         *         *         *     0.000     0.000     0.000    -5.556     0.000     5.000     0.000     3.000     6.000    13.000    16.000    19.000    48.021     2.900    -0.788     0.190     3.983     0.444    -0.035     0.018
    22.000    39.000    39.000    26.000    20.000         *     5.000     4.000     4.000     4.000     4.000         *     0.000     1.000     1.000    -5.892     0.000     4.000     0.000     3.000     6.000    13.000    16.000    19.000    36.972     2.507    -0.835     0.167     4.319     0.385    -0.040     0.017
    44.000         *         *         *         *         *     3.000         *         *         *         *         *     0.000     0.000     0.000    -5.908     0.000    -1.000     0.000     3.000     6.000    13.000    16.000    19.000    41.098     4.145    -0.791     0.199     3.574     0.601    -0.034     0.018
    43.000    48.000    37.000    30.000         *         *     3.000     4.000     4.000     3.000         *         *     0.000     1.000     0.000    -4.172     1.000     2.000     0.000     3.000     6.000    13.000    16.000    19.000    43.198     2.640    -0.831     0.178     3.903     0.409    -0.039     0.017
    29.000    38.000    36.000         *         *         *     4.000     3.000     3.000         *         *         *     0.000     1.000     0.000    -4.172     0.000     1.000     0.000     3.000     6.000    13.000    16.000    19.000    37.661     2.900    -0.831     0.190     3.555     0.444    -0.031     0.018
    44.000    46.000         *    34.000    18.000         *     4.000     4.000         *     0.000     3.000         *     0.000     1.000     0.000    -3.470     2.000     7.000     0.000     3.000     6.000    13.000    16.000    19.000    42.117     2.707    -0.951     0.167     3.699     0.418    -0.064     0.017
    41.000    40.000    35.000    27.000    31.000    25.000     4.000     3.000     4.000     3.000     3.000     3.000     0.000     0.000     0.000    -6.056     2.000     1.000     0.000     3.000     6.000    13.000    16.000    19.000    40.448     2.444    -0.799     0.156     4.025     0.370    -0.058     0.017
    42.000         *         *         *         *         *     3.000         *         *         *         *         *     0.000     1.000     0.000    -4.866     0.000     0.000     0.000     3.000     6.000    13.000    16.000    19.000    40.865     4.145    -0.808     0.199     3.558     0.601    -0.027     0.018
    35.000         *         *         *         *         *     3.000         *         *         *         *         *     0.000     0.000     0.000    -4.866     0.000     0.000     0.000     3.000     6.000    13.000    16.000    19.000    36.595     4.145    -0.854     0.199     3.473     0.601    -0.039     0.018
    20.000         *    40.000         *         *         *     3.000         *     3.000         *         *         *     0.000     1.000     0.000    -4.430     0.000     1.000     0.000     3.000     6.000    13.000    16.000    19.000    35.073     3.339    -0.806     0.191     3.334     0.506    -0.030     0.018
    42.000    43.000    37.000         *         *         *     5.000     5.000     4.000         *         *         *     0.000     1.000     0.000    -3.928     3.000     3.000     0.000     3.000     6.000    13.000    16.000    19.000    42.741     2.900    -0.847     0.190     4.919     0.444    -0.065     0.018
    45.000    38.000    40.000         *         *         *     4.000     5.000     5.000         *         *         *     0.000     0.000     0.000    -4.833     0.000    -9.000     0.000     3.000     6.000    13.000    16.000    19.000    41.962     2.900    -0.785     0.190     4.471     0.444    -0.034     0.018
    33.000    33.000    39.000    40.000    30.000    26.000     4.000     3.000     4.000     4.000     3.000         *     0.000     1.000     0.000    -4.833     0.000    -7.000     0.000     3.000     6.000    13.000    16.000    19.000    39.801     2.445    -0.671     0.156     3.746     0.385    -0.022     0.017
    45.000    39.000         *         *         *         *     3.000     4.000         *         *         *         *     0.000     1.000     0.000    -4.736     0.000    -3.000     0.000     3.000     6.000    13.000    16.000    19.000    41.806     3.356    -0.793     0.195     3.701     0.503    -0.025     0.018
    50.000    38.000    43.000         *         *         *     3.000     3.000     5.000         *         *         *     0.000     1.000     0.000    -4.736     0.000    -4.000     0.000     3.000     6.000    13.000    16.000    19.000    44.213     2.900    -0.753     0.190     3.815     0.444    -0.021     0.018
    38.000    37.000    40.000         *         *         *     6.000     6.000     5.000         *         *         *     0.000     1.000     1.000    -5.777     1.000     2.000     0.000     3.000     6.000    13.000    16.000    19.000    41.744     2.900    -0.804     0.190     5.287     0.444    -0.051     0.018
    48.000    37.000    35.000    13.000         *         *     5.000     4.000     3.000     4.000         *         *     0.000     1.000     0.000    -5.683     0.000     6.000     0.000     3.000     6.000    13.000    16.000    19.000    39.563     2.640    -1.038     0.178     4.197     0.409    -0.037     0.017
    42.000    36.000    32.000    34.000    20.000    25.000     4.000     5.000     4.000     4.000     4.000     4.000     0.000     1.000     0.000    -4.358     0.000     6.000     0.000     3.000     6.000    13.000    16.000    19.000    40.569     2.444    -0.902     0.156     4.392     0.370    -0.031     0.017
    45.000    43.000    37.000    27.000    20.000         *     5.000     3.000     5.000     3.000     4.000         *     0.000     1.000     0.000    -6.656     0.000     7.000     0.000     3.000     6.000    13.000    16.000    19.000    41.950     2.507    -0.965     0.167     4.256     0.385    -0.033     0.017
    45.000         *         *         *         *         *     6.000         *         *         *         *         *     0.000     1.000     0.000    -5.473     3.000    10.000     0.000     3.000     6.000    13.000    16.000    19.000    45.389     4.145    -0.860     0.199     5.596     0.601    -0.064     0.018
    35.000    37.000    41.000         *         *         *     3.000     3.000     4.000         *         *         *     0.000     1.000     0.000    -5.761     0.000     2.000     0.000     3.000     6.000    13.000    16.000    19.000    40.306     2.900    -0.775     0.190     3.577     0.444    -0.024     0.018
    45.000    39.000    34.000         *         *         *     3.000     4.000     3.000         *         *         *     0.000     1.000     0.000    -5.761     0.000    12.000     0.000     3.000     6.000    13.000    16.000    19.000    42.399     2.900    -0.864     0.190     3.700     0.444    -0.029     0.018
    32.000    40.000    39.000    24.000         *         *     7.000     7.000     4.000     6.000         *         *     0.000     0.000     0.000    -6.973     2.000     8.000     0.000     3.000     6.000    13.000    16.000    19.000    40.324     2.640    -0.928     0.178     5.947     0.409    -0.065     0.017
    52.000    49.000    42.000    42.000    27.000    23.000     5.000     5.000     4.000     5.000     4.000     3.000     0.000     0.000     1.000    -7.570     3.000     2.000     0.000     3.000     6.000    13.000    16.000    19.000    46.163     2.444    -0.844     0.156     5.075     0.370    -0.077     0.017
    43.000    35.000    37.000    33.000    22.000    31.000     5.000     7.000     3.000     4.000     6.000     5.000     0.000     1.000     0.000    -4.978     0.000     4.000     0.000     3.000     6.000    13.000    16.000    19.000    42.130     2.444    -0.851     0.156     5.022     0.370    -0.026     0.017
    38.000    34.000    34.000    23.000    22.000    29.000     6.000     5.000     6.000     6.000     6.000     6.000     0.000     1.000     0.000    -4.978     0.000     2.000     0.000     3.000     6.000    13.000    16.000    19.000    39.680     2.444    -0.887     0.156     5.644     0.370    -0.024     0.017
         *    33.000    30.000    12.000    14.000         *         *     3.000     3.000     3.000     3.000         *     0.000     0.000     0.000    -3.816     0.000     3.000     0.000     3.000     6.000    13.000    16.000    19.000    33.335     2.772    -1.044     0.169     3.558     0.426    -0.049     0.017
    43.000    37.000    43.000    33.000    28.000         *     6.000     5.000     6.000     4.000     4.000     5.000     0.000     0.000     0.000    -6.917     1.000     3.000     0.000     3.000     6.000    13.000    16.000    19.000    43.209     2.506    -0.841     0.167     5.276     0.371    -0.049     0.017
    38.000    38.000    37.000    38.000    28.000    16.000     5.000     6.000         *     5.000     5.000     5.000     0.000     0.000     0.000    -6.917     1.000     2.000     0.000     3.000     6.000    13.000    16.000    19.000    41.248     2.447    -0.876     0.157     5.371     0.397    -0.045     0.017
    35.000    24.000    26.000    24.000    15.000    22.000     4.000     3.000     4.000     3.000     3.000     4.000     0.000     1.000     0.000    -6.092     0.000    -2.000     0.000     3.000     6.000    13.000    16.000    19.000    33.711     2.444    -0.860     0.156     3.740     0.370    -0.029     0.017
    20.000    29.000    29.000    15.000         *         *     4.000     4.000     4.000     4.000         *         *     0.000     1.000     0.000    -6.092     0.000    -3.000     0.000     3.000     6.000    13.000    16.000    19.000    30.906     2.640    -0.916     0.178     3.997     0.409    -0.033     0.017
    36.000    43.000    33.000    19.000    10.000         *     3.000     4.000     5.000     3.000     3.000         *     0.000     1.000     1.000    -6.716     0.000    -7.000     0.000     3.000     6.000    13.000    16.000    19.000    35.864     2.507    -0.955     0.167     3.833     0.385    -0.041     0.017
    47.000    37.000    43.000    42.000    30.000    32.000     4.000     4.000     3.000     4.000     4.000     3.000     0.000     1.000     0.000    -6.716     1.000    -2.000     0.000     3.000     6.000    13.000    16.000    19.000    44.455     2.444    -0.695     0.156     4.032     0.370    -0.031     0.017
    43.000    57.000    46.000         *         *         *     4.000         *     5.000         *         *         *     0.000     1.000     1.000    -7.611     1.000     2.000     0.000     3.000     6.000    13.000    16.000    19.000    48.754     2.905    -0.637     0.190     4.515     0.505    -0.036     0.018
    45.000    34.000    28.000         *         *         *     5.000     4.000     4.000     4.000         *         *     0.000     0.000     0.000    -8.361     0.000     8.000     0.000     3.000     6.000    13.000    16.000    19.000    39.719     2.896    -0.895     0.190     4.384     0.409    -0.039     0.018
    40.000    33.000    30.000         *         *         *     4.000     4.000     3.000         *         *         *     0.000     0.000     0.000    -8.138     1.000    -6.000     0.000     3.000     6.000    13.000    16.000    19.000    36.998     2.900    -0.801     0.190     3.878     0.444    -0.045     0.018
    30.000    32.000         *         *         *         *     4.000     3.000         *         *         *         *     0.000     0.000     1.000    -7.810     0.000    -3.000     0.000     3.000     6.000    13.000    16.000    19.000    34.439     3.356    -0.776     0.195     3.524     0.503    -0.045     0.018
    44.000    35.000    41.000    46.000         *         *     4.000     5.000     3.000     3.000         *         *     0.000     0.000     0.000    -7.325     1.000     2.000     0.000     3.000     6.000    13.000    16.000    19.000    44.266     2.640    -0.654     0.178     4.095     0.409    -0.041     0.017
    34.000    37.000    29.000    31.000    21.000    12.000     4.000     4.000     5.000     5.000     4.000         *     0.000     1.000     0.000    -8.939     0.000     0.000     0.000     3.000     6.000    13.000    16.000    19.000    37.088     2.445    -0.911     0.156     4.429     0.385    -0.025     0.017
    40.000    31.000    33.000    18.000    16.000         *     3.000     3.000     3.000     4.000     4.000         *     0.000     1.000     0.000    -8.908     0.000     2.000     0.000     3.000     6.000    13.000    16.000    19.000    35.927     2.507    -0.936     0.167     3.640     0.385    -0.024     0.017
    42.000    46.000    50.000    27.000    25.000    24.000     6.000     5.000     4.000     5.000     5.000     5.000     0.000     1.000     0.000    -7.710     2.000    18.000     0.000     3.000     6.000    13.000    16.000    19.000    45.555     2.444    -0.986     0.156     5.441     0.370    -0.051     0.017
    50.000    36.000    44.000    37.000    33.000    19.000     5.000     5.000     4.000     4.000     4.000         *     0.000     1.000     0.000    -7.209     0.000    -9.000     0.000     3.000     6.000    13.000    16.000    19.000    43.534     2.445    -0.815     0.156     4.453     0.385    -0.024     0.017
    44.000         *    39.000    22.000         *         *     4.000     4.000     6.000     3.000         *         *     0.000     0.000     0.000    -6.906     0.000     2.000     0.000     3.000     6.000    13.000    16.000    19.000    40.786     2.929    -0.905     0.178     4.373     0.409    -0.039     0.017
    38.000    38.000    41.000    25.000    14.000    14.000     4.000     4.000     4.000     3.000     4.000     3.000     0.000     0.000     0.000    -6.906     0.000    -4.000     0.000     3.000     6.000    13.000    16.000    19.000    37.663     2.444    -0.983     0.156     4.030     0.370    -0.041     0.017
    33.000    34.000    38.000         *         *         *     4.000     3.000     4.000         *         *         *     0.000     1.000     0.000    -7.500     0.000    -2.000     0.000     3.000     6.000    13.000    16.000    19.000    38.299     2.900    -0.770     0.190     3.754     0.444    -0.024     0.018
    38.000    34.000    41.000    38.000    32.000    31.000     4.000     4.000     5.000     5.000     5.000     5.000     0.000     0.000     0.000    -7.563     0.000    -5.000     0.000     3.000     6.000    13.000    16.000    19.000    41.898     2.444    -0.643     0.156     4.635     0.370    -0.018     0.017
         *         *    45.000    36.000    27.000    38.000         *         *     5.000     4.000     5.000         *     0.000     1.000     0.000    -0.861     2.000    -4.000     0.000     3.000     6.000    13.000    16.000    19.000    45.429     2.970    -0.769     0.162     5.041     0.476    -0.050     0.017
         *         *    41.000    32.000    20.000    26.000         *         *     4.000     4.000     3.000     0.000     0.000     1.000     0.000    -0.828     3.000    -2.000     0.000     3.000     6.000    13.000    16.000    19.000    40.465     2.966    -0.888     0.162     4.095     0.448    -0.078     0.017
    63.000    58.000    44.000    60.000    42.000         *     4.000     7.000     7.000     6.000     6.000         *     0.000     0.000     0.000    -7.908     1.000    19.000     0.000     3.000     6.000    13.000    16.000    19.000    57.471     2.507    -0.711     0.167     6.046     0.385    -0.033     0.017
    63.000    45.000    56.000    35.000    35.000         *     6.000     6.000     6.000     6.000     6.000         *     0.000     0.000     0.000    -7.895     3.000    12.000     0.000     3.000     6.000    13.000    16.000    19.000    52.308     2.507    -0.871     0.167     6.310     0.385    -0.063     0.017
    34.000    31.000    30.000         *         *         *     4.000     4.000     5.000     3.000         *         *     1.000     1.000     1.000    -7.145     1.000    12.000     0.000     3.000     6.000    13.000    16.000    19.000    36.920     2.896    -1.021     0.190     4.114     0.409    -0.026     0.018
    40.000    40.000    35.000    32.000    24.000    27.000     4.000     4.000     4.000     3.000     0.000     3.000     0.000     0.000     0.000    -6.911     1.000     6.000     0.000     3.000     6.000    13.000    16.000    19.000    40.736     2.444    -0.838     0.156     3.728     0.370    -0.057     0.017
    44.000    41.000    45.000    30.000         *         *     5.000     4.000     4.000     4.000         *         *     0.000     1.000     0.000    -7.683     0.000     6.000     0.000     3.000     6.000    13.000    16.000    19.000    44.451     2.640    -0.816     0.178     4.358     0.409    -0.025     0.017
    49.000    47.000    39.000    34.000    30.000    39.000     6.000     6.000     4.000     5.000     5.000     5.000     0.000     1.000     0.000    -8.208     1.000    -4.000     0.000     3.000     6.000    13.000    16.000    19.000    46.141     2.444    -0.727     0.156     5.246     0.370    -0.029     0.017
    46.000    46.000    44.000         *         *         *     4.000     4.000     5.000         *         *         *     0.000     1.000     0.000    -7.419     1.000     0.000     0.000     3.000     6.000    13.000    16.000    19.000    46.183     2.900    -0.718     0.190     4.438     0.444    -0.030     0.018
    53.000    55.000         *         *         *         *     4.000     4.000         *         *         *         *     0.000     1.000     0.000    -9.153     0.000    -1.000     0.000     3.000     6.000    13.000    16.000    19.000    50.702     3.356    -0.643     0.195     4.154     0.503    -0.012     0.018
    43.000    43.000    43.000         *    37.000    23.000     6.000     5.000     5.000         *     4.000     3.000     0.000     1.000     0.000    -9.156     0.000     3.000     0.000     3.000     6.000    13.000    16.000    19.000    44.875     2.546    -0.819     0.159     4.745     0.390    -0.031     0.017
    43.000    36.000         *         *    17.000         *     0.000     3.000         *         *     3.000         *     0.000     1.000     0.000    -8.202     0.000    -2.000     0.000     3.000     6.000    13.000    16.000    19.000    37.461     2.930    -0.837     0.173     2.656     0.453    -0.018     0.017
    43.000    41.000    40.000    29.000    20.000    25.000     6.000     5.000     5.000     5.000     4.000     6.000     0.000     1.000     0.000   -10.234     0.000    11.000     0.000     3.000     6.000    13.000    16.000    19.000    42.961     2.444    -0.946     0.156     5.211     0.370    -0.026     0.017
    45.000    36.000    44.000    36.000    31.000    30.000     6.000     7.000     6.000     6.000     4.000     4.000     0.000     1.000     0.000   -10.126     0.000    10.000     0.000     3.000     6.000    13.000    16.000    19.000    45.548     2.444    -0.834     0.156     5.535     0.370    -0.031     0.017
    38.000    41.000    38.000    24.000    22.000         *     5.000     4.000     7.000     5.000     4.000     4.000     0.000     1.000     0.000   -11.108     0.000     4.000     0.000     3.000     6.000    13.000    16.000    19.000    40.588     2.506    -0.900     0.167     4.900     0.371    -0.026     0.017
    47.000    55.000    39.000    47.000    39.000    30.000     3.000     3.000     5.000     4.000     4.000     5.000     0.000     1.000     0.000   -10.317     0.000     2.000     0.000     3.000     6.000    13.000    16.000    19.000    48.374     2.444    -0.655     0.156     4.091     0.370    -0.006     0.017
    50.000    37.000    30.000         *         *         *     5.000     4.000     4.000         *         *         *     1.000     1.000     0.000   -10.169     0.000     4.000     0.000     3.000     6.000    13.000    16.000    19.000    42.036     2.900    -0.975     0.190     4.216     0.444     0.005     0.018
    57.000    46.000    44.000    47.000    30.000         *     3.000     4.000     5.000     4.000     4.000         *     0.000     1.000     0.000   -11.281     2.000     2.000     0.000     3.000     6.000    13.000    16.000    19.000    48.852     2.507    -0.685     0.167     4.404     0.385    -0.032     0.017
    44.000    43.000    41.000         *         *         *     5.000     3.000     3.000         *         *         *     0.000     1.000     0.000   -10.214     2.000    18.000     0.000     3.000     6.000    13.000    16.000    19.000    45.581     2.900    -0.778     0.190     4.242     0.444    -0.045     0.018
    38.000    37.000    38.000         *         *         *     5.000     5.000     5.000         *         *         *     0.000     1.000     0.000   -10.214     3.000    15.000     0.000     3.000     6.000    13.000    16.000    19.000    42.295     2.900    -0.822     0.190     5.205     0.444    -0.058     0.018
    38.000         *         *         *         *         *     4.000         *         *         *         *         *     0.000     1.000     0.000   -11.850     0.000     4.000     0.000     3.000     6.000    13.000    16.000    19.000    41.674     4.145    -0.727     0.199     4.044     0.601    -0.017     0.018
    37.000         *         *         *         *         *     3.000         *         *         *         *         *     0.000     1.000     0.000   -11.850     0.000     1.000     0.000     3.000     6.000    13.000    16.000    19.000    40.141     4.145    -0.706     0.199     3.549     0.601    -0.015     0.018
    39.000    39.000    40.000    28.000    27.000    31.000     4.000     6.000     5.000     3.000     3.000     3.000     0.000     0.000     0.000   -10.578     2.000    12.000     0.000     3.000     6.000    13.000    16.000    19.000    42.168     2.444    -0.812     0.156     4.663     0.370    -0.062     0.017
    48.000    43.000    39.000    38.000    22.000    29.000     6.000     5.000     5.000     5.000     5.000     5.000     0.000     1.000     0.000   -10.526     2.000    19.000     0.000     3.000     6.000    13.000    16.000    19.000    45.993     2.444    -0.916     0.156     5.548     0.370    -0.047     0.017
    62.000    52.000    50.000    56.000    51.000    32.000     6.000     5.000     6.000     6.000     4.000     5.000     0.000     1.000     1.000   -13.750     1.000     8.000     0.000     3.000     6.000    13.000    16.000    19.000    55.337     2.444    -0.621     0.156     5.477     0.370    -0.029     0.017
    45.000    47.000    40.000    24.000         *         *     5.000     6.000     5.000     4.000     5.000         *     0.000     1.000     1.000   -13.578     1.000    12.000     0.000     3.000     6.000    13.000    16.000    19.000    44.699     2.638    -0.821     0.178     5.149     0.386    -0.041     0.017
    38.000    34.000    36.000    24.000    25.000    32.000     4.000     5.000     4.000     3.000     4.000     5.000     0.000     0.000     0.000   -11.089     3.000     0.000     0.000     3.000     6.000    13.000    16.000    19.000    38.919     2.444    -0.716     0.156     4.717     0.370    -0.056     0.017
    45.000    51.000    41.000         *         *         *     4.000     4.000     5.000         *         *         *     0.000     1.000     0.000   -13.100     1.000     2.000     0.000     3.000     6.000    13.000    16.000    19.000    47.015     2.900    -0.643     0.190     4.447     0.444    -0.020     0.018
    39.000    39.000    41.000    28.000    23.000    23.000     5.000     4.000     5.000     5.000     5.000     4.000     0.000     0.000     0.000   -13.384     0.000    10.000     0.000     3.000     6.000    13.000    16.000    19.000    41.460     2.444    -0.871     0.156     4.812     0.370    -0.028     0.017
    37.000    28.000    27.000    35.000    20.000    27.000     6.000     6.000     4.000     4.000     5.000     6.000     0.000     1.000     0.000   -11.892     0.000    -2.000     0.000     3.000     6.000    13.000    16.000    19.000    37.716     2.444    -0.753     0.156     5.026     0.370    -0.017     0.017
    35.000    21.000    30.000    17.000         *         *     5.000     6.000     6.000     4.000         *         *     0.000     0.000     0.000   -11.892     0.000     0.000     0.000     3.000     6.000    13.000    16.000    19.000    33.647     2.640    -0.922     0.178     5.017     0.409    -0.038     0.017
    38.000    36.000    42.000         *         *         *     5.000     4.000     5.000         *         *         *     0.000     1.000     0.000   -11.624     1.000     6.000     0.000     3.000     6.000    13.000    16.000    19.000    42.366     2.900    -0.736     0.190     4.657     0.444    -0.029     0.018
    36.000    39.000    46.000    38.000    41.000         *     5.000     4.000     6.000     6.000     4.000         *     0.000     1.000     0.000   -14.545     2.000    13.000     0.000     3.000     6.000    13.000    16.000    19.000    45.799     2.507    -0.607     0.167     5.174     0.385    -0.031     0.017
    11.000         *         *         *         *         *     4.000         *         *         *         *         *     0.000     0.000     0.000   -12.689     1.000    -3.000     0.000     3.000     6.000    13.000    16.000    19.000    26.410     4.145    -0.821     0.199     3.776     0.601    -0.046     0.018
    41.000         *         *         *         *         *     0.000         *         *         *         *         *     0.000     1.000     1.000   -13.725     0.000     4.000     0.000     3.000     6.000    13.000    16.000    19.000    41.369     4.145    -0.571     0.199     2.240     0.601    -0.015     0.018
    50.000         *         *         *         *         *     3.000         *         *         *         *         *     0.000     1.000     0.000   -13.725     0.000     2.000     0.000     3.000     6.000    13.000    16.000    19.000    47.144     4.145    -0.618     0.199     3.736     0.601    -0.007     0.018
    50.000    34.000    35.000         *         *         *     4.000     3.000     3.000         *         *         *     1.000     0.000     1.000   -13.124     0.000     8.000     0.000     3.000     6.000    13.000    16.000    19.000    42.110     2.900    -0.862     0.190     3.530     0.444    -0.007     0.018
    65.000    55.000    67.000         *         *         *     5.000     6.000     5.000         *         *         *     0.000     0.000     0.000   -12.884     0.000    10.000     0.000     3.000     6.000    13.000    16.000    19.000    60.001     2.900    -0.557     0.190     5.251     0.444    -0.013     0.018
    53.000    61.000    58.000    60.000    47.000    46.000     5.000     5.000     5.000     4.000     4.000     6.000     0.000     0.000     1.000   -15.213     0.000    13.000     0.000     3.000     6.000    13.000    16.000    19.000    57.479     2.444    -0.482     0.156     4.944     0.370    -0.017     0.017
    50.000    47.000    40.000    33.000    29.000    31.000     7.000     7.000     6.000     6.000     6.000     8.000     0.000     0.000     0.000   -15.210     1.000    10.000     0.000     3.000     6.000    13.000    16.000    19.000    47.179     2.444    -0.841     0.156     6.543     0.370    -0.030     0.017
    41.000    45.000    43.000    27.000    27.000    36.000     5.000     5.000     5.000     5.000     5.000     5.000     0.000     1.000     0.000   -16.081     1.000     9.000     0.000     3.000     6.000    13.000    16.000    19.000    44.505     2.444    -0.739     0.156     5.091     0.370    -0.021     0.017
    53.000    46.000    43.000         *         *         *     6.000     6.000     5.000         *         *         *     0.000     1.000     0.000   -15.059     0.000     0.000     0.000     3.000     6.000    13.000    16.000    19.000    48.948     2.900    -0.656     0.190     5.259     0.444    -0.009     0.018
    50.000    51.000    49.000    50.000    45.000         *     5.000     5.000     4.000     4.000     4.000         *     0.000     1.000     1.000   -15.059     0.000    -7.000     0.000     3.000     6.000    13.000    16.000    19.000    50.876     2.507    -0.425     0.167     4.373     0.385    -0.010     0.017
    40.000    40.000         *    34.000    35.000    35.000     5.000     3.000         *     4.000     3.000     4.000     0.000     0.000     0.000   -16.732     0.000     1.000     0.000     3.000     6.000    13.000    16.000    19.000    43.086     2.610    -0.580     0.157     3.991     0.397    -0.016     0.017
    28.000    24.000    20.000         *     6.000    13.000     4.000     4.000     5.000     4.000     4.000     5.000     0.000     1.000     1.000   -16.721     1.000     1.000     0.000     3.000     6.000    13.000    16.000    19.000    29.522     2.546    -0.879     0.159     4.483     0.370    -0.036     0.017
    49.000    50.000    41.000    34.000    31.000    26.000     6.000     5.000     5.000     5.000     4.000     5.000     0.000     1.000     0.000   -17.606     1.000     2.000     0.000     3.000     6.000    13.000    16.000    19.000    46.149     2.444    -0.785     0.156     5.122     0.370    -0.024     0.017
    42.000    42.000    42.000    48.000    43.000    25.000     4.000     5.000     5.000     4.000     4.000     4.000     0.000     1.000     0.000   -17.381     1.000     3.000     0.000     3.000     6.000    13.000    16.000    19.000    46.135     2.444    -0.585     0.156     4.505     0.370    -0.017     0.017
    51.000    41.000    50.000    37.000    39.000    57.000     3.000     3.000     4.000         *         *         *     0.000     1.000     0.000   -15.594     1.000    13.000     0.000     3.000     6.000    13.000    16.000    19.000    50.021     2.448    -0.455     0.156     3.820     0.444    -0.011     0.017
    57.000    50.000    50.000    52.000    37.000    46.000     8.000     8.000     7.000     7.000     5.000     6.000     0.000     1.000     0.000   -15.538     0.000     7.000     0.000     3.000     6.000    13.000    16.000    19.000    54.648     2.444    -0.658     0.156     6.547     0.370    -0.014     0.017
    50.000    47.000    44.000    32.000    32.000    44.000     4.000     4.000     4.000     3.000     3.000     5.000     0.000     1.000     0.000   -15.242     0.000    15.000     0.000     3.000     6.000    13.000    16.000    19.000    48.156     2.444    -0.677     0.156     4.062     0.370    -0.011     0.017
    59.000    51.000         *         *         *         *     0.000     3.000     2.000         *         *         *     0.000     0.000     0.000   -15.605     0.000    10.000     0.000     3.000     6.000    13.000    16.000    19.000    51.452     3.349    -0.533     0.195     2.628     0.444    -0.007     0.018
    50.000    49.000    48.000         *         *         *     4.000     4.000     3.000         *         *         *     0.000     0.000     0.000   -15.603     0.000    11.000     0.000     3.000     6.000    13.000    16.000    19.000    49.784     2.900    -0.612     0.190     3.999     0.444    -0.016     0.018
    51.000    45.000    45.000    36.000    34.000    31.000     5.000     4.000     3.000     4.000     3.000     5.000     0.000     1.000     0.000   -18.250     0.000    12.000     0.000     3.000     6.000    13.000    16.000    19.000    47.508     2.444    -0.724     0.156     4.183     0.370    -0.009     0.017
         *         *    38.000    45.000    35.000    34.000         *         *     3.000     3.000     4.000     0.000     0.000     1.000     0.000   -11.721     2.000    -2.000     0.000     3.000     6.000    13.000    16.000    19.000    44.646     2.966    -0.582     0.162     3.484     0.448    -0.041     0.017
         *         *    40.000    31.000    29.000    35.000         *         *     4.000     3.000     3.000     4.000     0.000     1.000     1.000   -11.721     0.000    -3.000     0.000     3.000     6.000    13.000    16.000    19.000    42.319     2.966    -0.630     0.162     3.788     0.448    -0.022     0.017
         *         *         *    52.000    34.000         *         *         *         *     3.000     0.000         *     0.000     0.000     1.000    -4.306     0.000     6.000     0.000     3.000     6.000    13.000    16.000    19.000    47.395     3.517    -0.634     0.171     3.007     0.543    -0.046     0.018
         *         *         *    45.000    31.000    39.000         *         *         *     4.000     5.000     5.000     0.000     1.000     0.000    -3.381     1.000     6.000     0.000     3.000     6.000    13.000    16.000    19.000    48.825     3.290    -0.747     0.164     5.029     0.499    -0.034     0.017
         *         *         *    29.000    27.000    37.000         *         *         *     6.000     4.000     3.000     0.000     1.000     0.000    -3.475     1.000     6.000     0.000     3.000     6.000    13.000    16.000    19.000    44.103     3.290    -0.827     0.164     4.852     0.499    -0.042     0.017
         *    46.000    45.000    34.000    30.000    45.000         *     5.000     3.000     0.000     5.000     4.000     0.000     0.000     0.000   -13.600     1.000     0.000     0.000     3.000     6.000    13.000    16.000    19.000    45.851     2.689    -0.582     0.160     3.903     0.406    -0.030     0.017
         *    48.000    45.000    42.000         *         *         *     4.000     4.000     4.000         *         *     0.000     0.000     0.000   -13.600     1.000     6.000     0.000     3.000     6.000    13.000    16.000    19.000    48.380     2.954    -0.623     0.179     4.381     0.458    -0.029     0.018
         *    39.000         *         *         *         *         *     4.000         *         *         *         *     0.000     0.000     0.000   -14.078     1.000     1.000     0.000     3.000     6.000    13.000    16.000    19.000    42.250     4.095    -0.683     0.196     4.267     0.605    -0.033     0.018
         *    40.000    34.000    37.000         *         *         *     4.000     3.000     3.000         *         *     0.000     1.000     0.000   -14.150     1.000     0.000     0.000     3.000     6.000    13.000    16.000    19.000    42.142     2.954    -0.641     0.179     3.767     0.458    -0.023     0.018
         *    42.000         *         *         *         *         *     4.000         *         *         *         *     0.000     0.000     0.000   -15.374     0.000     8.000     0.000     3.000     6.000    13.000    16.000    19.000    45.302     4.095    -0.672     0.196     4.232     0.605    -0.019     0.018
         *    46.000    38.000    60.000    41.000    42.000         *     3.000     3.000     4.000     4.000     4.000     0.000     1.000     1.000   -16.471     0.000    10.000     0.000     3.000     6.000    13.000    16.000    19.000    50.078     2.689    -0.423     0.160     3.788     0.406    -0.005     0.017
         *         *         *    34.000    34.000    32.000         *         *         *     3.000     3.000     4.000     0.000     1.000     0.000    -6.400     1.000    -5.000     0.000     3.000     6.000    13.000    16.000    19.000    43.062     3.290    -0.682     0.164     3.953     0.499    -0.031     0.017
         *         *         *    22.000    19.000    20.000         *         *         *     3.000     3.000     3.000     0.000     1.000     0.000    -6.406     0.000     2.000     0.000     3.000     6.000    13.000    16.000    19.000    36.411     3.290    -0.913     0.164     3.635     0.499    -0.033     0.017
         *         *         *    22.000    25.000    33.000         *         *         *     5.000     4.000     5.000     0.000     0.000     0.000    -4.598     0.000    11.000     0.000     3.000     6.000    13.000    16.000    19.000    42.147     3.290    -0.899     0.164     4.952     0.499    -0.038     0.017
         *         *         *    30.000    19.000    30.000         *         *         *     4.000     3.000     3.000     0.000     0.000     0.000    -4.542     0.000     2.000     0.000     3.000     6.000    13.000    16.000    19.000    39.830     3.290    -0.845     0.164     3.983     0.499    -0.040     0.017
         *         *         *    44.000    39.000    51.000         *         *         *     7.000     4.000     8.000     0.000     1.000     0.000    -4.589     1.000    13.000     0.000     3.000     6.000    13.000    16.000    19.000    54.514     3.290    -0.696     0.164     6.177     0.499    -0.026     0.017
         *    58.000         *    40.000    40.000    51.000         *     5.000         *     6.000     5.000     5.000     0.000     1.000     0.000   -14.570     1.000    15.000     0.000     3.000     6.000    13.000    16.000    19.000    54.580     2.916    -0.625     0.161     5.380     0.442    -0.017     0.017
         *    59.000    55.000    54.000    52.000    57.000         *     4.000     3.000     4.000     4.000     5.000     0.000     1.000     0.000   -16.377     0.000     6.000     0.000     3.000     6.000    13.000    16.000    19.000    57.544     2.689    -0.353     0.160     4.061     0.406     0.010     0.017
         *    43.000    35.000    37.000    35.000    31.000         *     3.000     3.000     4.000     6.000     4.000     0.000     1.000     0.000   -15.978     0.000    -5.000     0.000     3.000     6.000    13.000    16.000    19.000    43.121     2.689    -0.576     0.160     3.945     0.406     0.003     0.017
         *    51.000    56.000         *         *         *         *     6.000     4.000         *         *         *     0.000     1.000     0.000   -14.936     1.000     4.000     0.000     3.000     6.000    13.000    16.000    19.000    53.232     3.334    -0.559     0.191     4.985     0.509    -0.015     0.018
         *    55.000    44.000    30.000    29.000    43.000         *     5.000     5.000     4.000     5.000     4.000     0.000     1.000     0.000   -14.936     0.000     4.000     0.000     3.000     6.000    13.000    16.000    19.000    48.031     2.689    -0.704     0.160     4.662     0.406    -0.012     0.017
    34.000    36.000    40.000    39.000    35.000    23.000     4.000     4.000     5.000     3.000     4.000     4.000     0.000     1.000     0.000   -21.172     0.000     2.000     0.000     3.000     6.000    13.000    16.000    19.000    41.344     2.444    -0.593     0.156     4.034     0.370    -0.003     0.017
    38.000    37.000    37.000    28.000    28.000         *     4.000     4.000     3.000     3.000     3.000     4.000     0.000     1.000     0.000   -21.153     0.000    -2.000     0.000     3.000     6.000    13.000    16.000    19.000    39.631     2.506    -0.634     0.167     3.620     0.371    -0.005     0.017
         *         *    56.000    34.000    37.000    35.000         *         *     3.000     4.000     4.000     5.000     0.000     1.000     0.000   -13.511     0.000     2.000     0.000     3.000     6.000    13.000    16.000    19.000    48.521     2.966    -0.659     0.162     4.141     0.448    -0.006     0.017
         *         *    42.000    52.000    50.000    52.000         *         *     7.000     4.000     4.000     5.000     0.000     0.000     0.000   -13.511     0.000     0.000     0.000     3.000     6.000    13.000    16.000    19.000    52.930     2.966    -0.414     0.162     4.954     0.448    -0.012     0.017
         *         *         *    35.000    35.000    48.000         *         *         *     3.000     4.000     4.000     0.000     0.000     1.000    -5.653     0.000    -5.000     0.000     3.000     6.000    13.000    16.000    19.000    45.828     3.290    -0.535     0.164     4.036     0.499    -0.031     0.017
         *         *         *    46.000    26.000    37.000         *         *         *     4.000     5.000         *     0.000     0.000     0.000    -5.650     0.000     3.000     0.000     3.000     6.000    13.000    16.000    19.000    46.699     3.299    -0.735     0.164     4.641     0.543    -0.030     0.017
         *    68.000    43.000    49.000    46.000    50.000         *     8.000     8.000     6.000     5.000     7.000     0.000     1.000     0.000   -15.495     0.000    17.000     0.000     3.000     6.000    13.000    16.000    19.000    58.287     2.689    -0.661     0.160     6.513     0.406    -0.010     0.017
         *    55.000    70.000    48.000    51.000    60.000         *     7.000     6.000     5.000     6.000     7.000     0.000     1.000     0.000   -15.495     0.000    21.000     0.000     3.000     6.000    13.000    16.000    19.000    61.813     2.689    -0.529     0.160     5.981     0.406     0.000     0.017
         *    47.000    39.000    41.000    35.000    26.000         *     3.000     4.000     4.000     3.000     3.000     0.000     1.000     0.000   -17.758     1.000     1.000     0.000     3.000     6.000    13.000    16.000    19.000    44.867     2.689    -0.645     0.160     3.816     0.406    -0.019     0.017
    42.000    44.000    43.000    45.000    35.000    34.000     5.000     5.000     5.000     5.000     4.000     6.000     0.000     1.000     0.000   -21.450     0.000     5.000     0.000     3.000     6.000    13.000    16.000    19.000    46.713     2.444    -0.564     0.156     4.841     0.370     0.003     0.017
    46.000    40.000    40.000    30.000    24.000    42.000     7.000     7.000     7.000     4.000     5.000     4.000     0.000     1.000     0.000   -21.450     2.000     0.000     0.000     3.000     6.000    13.000    16.000    19.000    44.281     2.444    -0.670     0.156     5.802     0.370    -0.037     0.017
         *         *         *    48.000    39.000         *         *         *         *     4.000     3.000         *     0.000     1.000     0.000    -8.367     0.000     0.000     0.000     3.000     6.000    13.000    16.000    19.000    48.914     3.517    -0.606     0.171     3.940     0.543    -0.015     0.018
    45.000    50.000         *    41.000    42.000    43.000     3.000     4.000         *     3.000     3.000     3.000     0.000     1.000     0.000   -21.525     0.000    10.000     0.000     3.000     6.000    13.000    16.000    19.000    49.090     2.610    -0.478     0.157     3.490     0.397     0.000     0.017
    42.000    48.000         *    30.000    25.000    43.000     5.000     5.000         *     5.000     6.000     4.000     0.000     0.000     0.000   -21.522     3.000     4.000     0.000     3.000     6.000    13.000    16.000    19.000    44.654     2.610    -0.607     0.157     5.362     0.397    -0.041     0.017
         *         *         *    16.000         *         *         *         *         *     3.000         *         *     0.000     0.000     0.000    -6.025     0.000    -7.000     0.000     3.000     6.000    13.000    16.000    19.000    32.170     4.078    -0.911     0.181     3.530     0.625    -0.042     0.018
         *    45.000    45.000    31.000    31.000         *         *     4.000     4.000     5.000     5.000     4.000     0.000     1.000     0.000   -18.745     0.000     7.000     0.000     3.000     6.000    13.000    16.000    19.000    45.612     2.771    -0.701     0.169     4.430     0.406    -0.004     0.017
         *    48.000    39.000    62.000    38.000    38.000         *     4.000     3.000     4.000     4.000     4.000     0.000     1.000     1.000   -18.691     2.000     5.000     0.000     3.000     6.000    13.000    16.000    19.000    49.580     2.689    -0.432     0.160     4.257     0.406    -0.027     0.017
         *    42.000    43.000    36.000    24.000    28.000         *     4.000     3.000     3.000     3.000     3.000     0.000     0.000     0.000   -19.009     2.000     6.000     0.000     3.000     6.000    13.000    16.000    19.000    42.931     2.689    -0.709     0.160     3.962     0.406    -0.043     0.017
         *    48.000    45.000    30.000    26.000    38.000         *     5.000     4.000     3.000     4.000     5.000     0.000     1.000     0.000   -18.854     0.000     3.000     0.000     3.000     6.000    13.000    16.000    19.000    45.531     2.689    -0.679     0.160     4.273     0.406    -0.006     0.017
         *    42.000    47.000    27.000    35.000    41.000         *     6.000     6.000     5.000     5.000     4.000     0.000     0.000     0.000   -18.138     1.000     6.000     0.000     3.000     6.000    13.000    16.000    19.000    46.409     2.689    -0.655     0.160     5.358     0.406    -0.030     0.017
         *    45.000         *         *         *         *         *     4.000         *         *         *         *     0.000     1.000     0.000   -17.327     3.000     8.000     0.000     3.000     6.000    13.000    16.000    19.000    47.567     4.095    -0.606     0.196     4.834     0.605    -0.038     0.018
         *    23.000    26.000    26.000    19.000    19.000         *     4.000     0.000     4.000     3.000     4.000     0.000     0.000     0.000   -17.250     0.000    -4.000     0.000     3.000     6.000    13.000    16.000    19.000    32.523     2.689    -0.695     0.160     3.252     0.406    -0.015     0.017
         *    50.000    44.000    47.000    41.000    38.000         *     6.000     5.000     5.000     4.000     5.000     0.000     1.000     0.000   -18.731     1.000     7.000     0.000     3.000     6.000    13.000    16.000    19.000    50.610     2.689    -0.584     0.160     5.103     0.406    -0.015     0.017
         *    47.000    60.000    47.000    45.000    40.000         *     5.000     5.000     5.000     5.000     6.000     0.000     1.000     0.000   -18.734     1.000     8.000     0.000     3.000     6.000    13.000    16.000    19.000    53.576     2.689    -0.546     0.160     5.201     0.406    -0.006     0.017
         *    41.000    32.000    51.000         *    40.000         *     7.000     6.000     4.000         *     5.000     0.000     0.000     0.000   -19.008     3.000     2.000     0.000     3.000     6.000    13.000    16.000    19.000    46.667     2.797    -0.497     0.165     5.756     0.429    -0.046     0.017
         *    49.000    50.000    39.000    37.000    40.000         *     3.000     4.000     3.000     3.000     4.000     0.000     0.000     0.000   -19.083     1.000     8.000     0.000     3.000     6.000    13.000    16.000    19.000    48.892     2.689    -0.567     0.160     3.909     0.406    -0.022     0.017
         *    34.000    39.000    34.000    34.000    37.000         *     5.000     4.000     4.000     0.000     3.000     0.000     0.000     0.000   -20.108     1.000    12.000     0.000     3.000     6.000    13.000    16.000    19.000    43.300     2.689    -0.602     0.160     3.861     0.406    -0.036     0.017
         *    44.000    45.000    32.000         *    40.000         *     4.000     4.000     4.000         *     4.000     0.000     1.000     0.000   -19.863     2.000     7.000     0.000     3.000     6.000    13.000    16.000    19.000    46.638     2.797    -0.570     0.165     4.433     0.429    -0.023     0.017
         *    41.000    47.000    37.000    31.000    35.000         *     6.000     5.000     6.000     4.000     5.000     0.000     1.000     0.000   -19.922     1.000    13.000     0.000     3.000     6.000    13.000    16.000    19.000    47.355     2.689    -0.703     0.160     5.301     0.406    -0.019     0.017
         *         *    40.000    40.000    44.000    34.000         *         *     6.000     4.000     6.000     7.000     0.000     0.000     0.000   -17.365     1.000     5.000     0.000     3.000     6.000    13.000    16.000    19.000    48.189     2.966    -0.603     0.162     5.644     0.448    -0.018     0.017
         *         *         *    42.000    37.000    37.000         *         *         *     3.000     3.000     3.000     0.000     1.000     0.000   -10.376     1.000     3.000     0.000     3.000     6.000    13.000    16.000    19.000    47.101     3.290    -0.622     0.164     3.809     0.499    -0.028     0.017
    49.000    58.000    48.000    60.000    50.000    42.000     7.000     6.000     7.000     5.000     7.000     7.000     0.000     1.000     0.000   -24.467     0.000     4.000     0.000     3.000     6.000    13.000    16.000    19.000    55.244     2.444    -0.417     0.156     6.025     0.370     0.015     0.017
    47.000    40.000    44.000    30.000    30.000    35.000     5.000     6.000     5.000     5.000     5.000     5.000     0.000     0.000     1.000   -24.239     3.000     1.000     0.000     3.000     6.000    13.000    16.000    19.000    44.052     2.444    -0.582     0.156     5.479     0.370    -0.046     0.017
         *    60.000    44.000    42.000    40.000    36.000         *     5.000     4.000     4.000     4.000     4.000     0.000     1.000     0.000   -20.433     3.000    -5.000     0.000     3.000     6.000    13.000    16.000    19.000    49.547     2.689    -0.545     0.160     4.712     0.406    -0.032     0.017
         *    50.000    46.000    35.000    32.000    37.000         *     4.000     5.000     4.000     5.000     4.000     0.000     1.000     0.000   -20.377     3.000    -5.000     0.000     3.000     6.000    13.000    16.000    19.000    46.329     2.689    -0.575     0.160     4.824     0.406    -0.031     0.017
         *    46.000    65.000    43.000    37.000    46.000         *     5.000     7.000     6.000     5.000     6.000     0.000     1.000     0.000   -20.299     0.000     6.000     0.000     3.000     6.000    13.000    16.000    19.000    53.646     2.689    -0.567     0.160     5.505     0.406     0.004     0.017
         *    48.000    42.000    60.000    35.000    39.000         *     5.000     6.000     5.000     6.000     6.000     0.000     1.000     1.000   -20.286     1.000     0.000     0.000     3.000     6.000    13.000    16.000    19.000    50.234     2.689    -0.462     0.160     5.423     0.406    -0.010     0.017
         *         *    36.000    41.000    34.000    36.000         *         *     4.000     4.000     4.000     4.000     0.000     0.000     0.000   -19.303     1.000    10.000     0.000     3.000     6.000    13.000    16.000    19.000    45.680     2.966    -0.604     0.162     4.432     0.448    -0.025     0.017
         *         *    52.000    33.000         *    43.000         *         *     4.000     3.000         *     4.000     0.000     0.000     0.000   -19.303     0.000    10.000     0.000     3.000     6.000    13.000    16.000    19.000    49.416     3.129    -0.572     0.166     4.061     0.480    -0.012     0.017
         *         *         *    39.000    42.000    55.000         *         *         *     7.000     5.000     5.000     0.000     1.000     0.000   -11.224     3.000    10.000     0.000     3.000     6.000    13.000    16.000    19.000    53.542     3.290    -0.579     0.164     6.089     0.499    -0.042     0.017
         *         *         *    54.000    36.000    47.000         *         *         *     5.000     8.000     7.000     0.000     1.000     0.000   -11.055     3.000    12.000     0.000     3.000     6.000    13.000    16.000    19.000    55.225     3.290    -0.651     0.164     6.756     0.499    -0.038     0.017
    55.000         *         *         *         *         *     4.000         *         *         *         *         *     0.000     1.000     0.000   -27.605     0.000    13.000     0.000     3.000     6.000    13.000    16.000    19.000    55.135     4.145    -0.397     0.199     4.485     0.601     0.018     0.018
         *         *         *    43.000    35.000    39.000         *         *         *     4.000     3.000     5.000     0.000     1.000     0.000   -11.892     0.000     4.000     0.000     3.000     6.000    13.000    16.000    19.000    48.167     3.290    -0.625     0.164     4.213     0.499    -0.010     0.017
         *         *         *    41.000    42.000    50.000         *         *         *     3.000     4.000     4.000     0.000     0.000     0.000   -11.854     2.000    10.000     0.000     3.000     6.000    13.000    16.000    19.000    51.208     3.290    -0.547     0.164     4.607     0.499    -0.042     0.017
         *         *         *    46.000    44.000    36.000         *         *         *     4.000     4.000     3.000     0.000     1.000     0.000   -14.597     0.000     0.000     0.000     3.000     6.000    13.000    16.000    19.000    49.146     3.290    -0.543     0.164     3.937     0.499    -0.006     0.017
         *         *         *    33.000         *    47.000         *         *         *     4.000         *     5.000     0.000     1.000     0.000   -13.633     3.000     8.000     0.000     3.000     6.000    13.000    16.000    19.000    49.115     3.562    -0.593     0.167     5.243     0.549    -0.042     0.017
         *         *    60.000    55.000    36.000         *         *         *     4.000     4.000     5.000         *     0.000     1.000     0.000   -19.333     0.000    16.000     0.000     3.000     6.000    13.000    16.000    19.000    55.833     3.095    -0.581     0.171     4.530     0.476     0.001     0.017
         *         *    45.000    29.000    33.000    45.000         *         *         *     3.000     3.000     3.000     0.000     1.000     0.000   -19.275     1.000     8.000     0.000     3.000     6.000    13.000    16.000    19.000    46.056     2.975    -0.572     0.163     3.734     0.498    -0.018     0.017
         *         *         *    56.000    39.000    42.000         *         *         *     4.000     6.000     5.000     0.000     1.000     0.000   -12.616     0.000    -4.000     0.000     3.000     6.000    13.000    16.000    19.000    51.772     3.290    -0.514     0.164     4.755     0.499     0.000     0.017
         *         *         *    42.000    45.000    56.000         *         *         *     4.000     5.000     5.000     0.000     1.000     0.000   -12.560     0.000    -2.000     0.000     3.000     6.000    13.000    16.000    19.000    52.364     3.290    -0.427     0.164     4.515     0.499     0.002     0.017
         *         *         *    40.000    44.000    38.000         *         *         *     5.000     4.000     4.000     0.000     1.000     0.000   -14.828     1.000    10.000     0.000     3.000     6.000    13.000    16.000    19.000    50.184     3.290    -0.622     0.164     4.730     0.499    -0.021     0.017
         *         *         *    42.000    25.000    41.000         *         *         *     4.000     6.000     5.000     0.000     1.000     0.000   -15.194     2.000     8.000     0.000     3.000     6.000    13.000    16.000    19.000    47.564     3.290    -0.680     0.164     5.334     0.499    -0.030     0.017
         *         *         *    38.000    34.000    40.000         *         *         *     4.000     4.000     5.000     0.000     1.000     0.000   -15.299     1.000    10.000     0.000     3.000     6.000    13.000    16.000    19.000    48.106     3.290    -0.650     0.164     4.690     0.499    -0.020     0.017
         *         *         *    51.000    40.000    42.000         *         *         *     5.000     4.000     6.000     0.000     0.000     0.000   -13.798     3.000    13.000     0.000     3.000     6.000    13.000    16.000    19.000    52.987     3.290    -0.619     0.164     5.757     0.499    -0.050     0.017
         *         *         *    35.000         *         *         *         *         *     5.000         *         *     0.000     1.000     0.000   -14.888     2.000    10.000     0.000     3.000     6.000    13.000    16.000    19.000    46.906     4.078    -0.717     0.181     5.227     0.625    -0.034     0.018
         *         *         *    70.000    70.000    69.000         *         *         *     5.000     6.000     5.000     0.000     1.000     0.000   -15.466     2.000    17.000     0.000     3.000     6.000    13.000    16.000    19.000    68.709     3.290    -0.255     0.164     5.660     0.499    -0.012     0.017
         *         *         *    41.000    30.000    45.000         *         *         *     4.000     4.000     3.000     0.000     1.000     1.000   -16.480     0.000     1.000     0.000     3.000     6.000    13.000    16.000    19.000    46.653     3.290    -0.513     0.164     3.920     0.499    -0.013     0.017
         *         *         *    30.000    16.000    29.000         *         *         *     3.000         *     0.000     0.000     1.000     0.000   -16.917     2.000     1.000     0.000     3.000     6.000    13.000    16.000    19.000    37.765     3.301    -0.722     0.164     3.215     0.549    -0.044     0.017
         *         *         *    29.000    24.000    37.000         *         *         *     5.000     5.000     6.000     0.000     1.000     0.000   -16.869     2.000     7.000     0.000     3.000     6.000    13.000    16.000    19.000    43.947     3.290    -0.732     0.164     5.506     0.499    -0.030     0.017
         *         *         *    55.000    54.000    70.000         *         *         *     5.000     4.000     4.000     0.000     1.000     1.000   -18.436     0.000     2.000     0.000     3.000     6.000    13.000    16.000    19.000    59.183     3.290    -0.184     0.164     4.305     0.499     0.005     0.017
         *         *         *    68.000    55.000         *         *         *         *     4.000     4.000     4.000     0.000     1.000     0.000   -18.800     2.000     2.000     0.000     3.000     6.000    13.000    16.000    19.000    59.448     3.508    -0.281     0.171     4.557     0.499    -0.012     0.017
         *         *         *    35.000    36.000    43.000         *         *         *     4.000     4.000     5.000     0.000     1.000     1.000   -18.527     1.000    19.000     0.000     3.000     6.000    13.000    16.000    19.000    49.292     3.290    -0.619     0.164     4.779     0.499    -0.026     0.017
         *         *         *    57.000    44.000    45.000         *         *         *     4.000     4.000     5.000     0.000     1.000     0.000   -18.645     1.000    22.000     0.000     3.000     6.000    13.000    16.000    19.000    56.722     3.290    -0.564     0.164     4.829     0.499    -0.014     0.017
         *         *         *    45.000         *         *         *         *         *     4.000         *         *     0.000     1.000     0.000   -17.059     1.000    18.000     0.000     3.000     6.000    13.000    16.000    19.000    52.574     4.078    -0.622     0.181     4.778     0.625    -0.018     0.018
         *         *         *    42.000    33.000    38.000         *         *         *     3.000     4.000     4.000     0.000     1.000     0.000   -16.867     0.000    11.000     0.000     3.000     6.000    13.000    16.000    19.000    48.075     3.290    -0.636     0.164     4.028     0.499    -0.008     0.017
