     8.000         *         *         *         *         *         *         *         *         *         *         *     0.000     0.000     0.000    17.816     0.000    -8.000     0.000     3.000     6.000    13.000    16.000    19.000    17.547     4.269    -1.418     0.165     5.284     5.493    -0.760     0.207
    14.000         *         *         *         *         *     3.000         *         *         *         *         *     0.000     1.000     0.000    16.108     0.000    -1.000     0.000     3.000     6.000    13.000    16.000    19.000    22.317     4.115    -1.369     0.164     4.034     2.766    -0.696     0.203
    28.000         *         *         *         *         *    11.000         *         *         *         *         *     0.000     0.000     1.000    16.108     0.000    -2.000     0.000     3.000     6.000    13.000    16.000    19.000    28.346     4.115    -1.246     0.164    10.606     2.766    -0.710     0.203
    40.000    34.000    39.000    45.000    23.000         *     0.000    15.000    16.000    10.000    12.000         *     0.000     1.000     0.000    -8.223     0.000    15.000     0.000     3.000     6.000    13.000    16.000    19.000    42.015     2.320    -0.728     0.116    11.103     1.780     0.012     0.152
    35.000    50.000    45.000    27.000         *         *    16.000    12.000    12.000     6.000         *         *     0.000     1.000     0.000    -8.223     0.000    17.000     0.000     3.000     6.000    13.000    16.000    19.000    45.127     2.530    -0.948     0.131    13.812     1.789    -0.342     0.173
    50.000    45.000    45.000    46.000         *         *    20.000         *    18.000         *         *         *     0.000     1.000     0.000    -8.650     0.000    11.000     0.000     3.000     6.000    13.000    16.000    19.000    49.657     2.539    -0.708     0.141    19.870     2.169    -0.186     0.193
    30.000    35.000    33.000         *         *         *    19.000    15.000    16.000         *         *         *     0.000     1.000     0.000    -8.997     0.000     0.000     0.000     3.000     6.000    13.000    16.000    19.000    37.474     2.850    -0.837     0.150    17.534     1.841    -0.303     0.197
    56.000    51.000    42.000    35.000    34.000    46.000    27.000    26.000    39.000    22.000    24.000    25.000     0.000     0.000     0.000   -10.008     0.000     8.000     0.000     3.000     6.000    13.000    16.000    19.000    50.164     2.171    -0.722     0.104    29.209     1.776    -0.250     0.135
    59.000    50.000    48.000    55.000    42.000    43.000    25.000    27.000    28.000    31.000    22.000    23.000     0.000     1.000     0.000   -10.005     0.000     6.000     0.000     3.000     6.000    13.000    16.000    19.000    53.778     2.171    -0.580     0.104    27.322     1.776    -0.164     0.135
    12.000         *         *         *         *         *     0.000         *         *         *         *         *     0.000     0.000     0.000    12.623     0.000    -7.000     0.000     3.000     6.000    13.000    16.000    19.000    19.548     4.115    -1.294     0.164     1.916     2.766    -0.619     0.203
    23.000    25.000         *         *         *         *     0.000    12.000         *         *         *         *     0.000     1.000     1.000     7.288     0.000     5.000     0.000     3.000     6.000    13.000    16.000    19.000    28.598     3.324    -1.098     0.158     7.419     2.107    -0.439     0.202
    22.000    29.000    25.000         *         *         *    11.000    15.000     5.000         *         *         *     0.000     0.000     0.000     7.288     2.000    -6.000     0.000     3.000     6.000    13.000    16.000    19.000    29.307     2.850    -1.143     0.150    12.547     1.841    -0.618     0.197
    19.000    26.000         *         *         *         *     9.000         *         *         *         *         *     0.000     0.000     0.000     7.122     0.000     1.000     0.000     3.000     6.000    13.000    16.000    19.000    27.726     3.326    -1.178     0.158     9.518     2.755    -0.509     0.202
    32.000    27.000         *         *         *         *     9.000    12.000         *         *         *         *     0.000     0.000     1.000     7.221     0.000    -2.000     0.000     3.000     6.000    13.000    16.000    19.000    31.141     3.324    -1.055     0.158    11.525     2.107    -0.519     0.202
    36.000    25.000    15.000         *         *         *    18.000    16.000    16.000         *         *         *     0.000     0.000     0.000     8.436     3.000     1.000     0.000     3.000     6.000    13.000    16.000    19.000    29.864     2.850    -1.232     0.150    18.755     1.841    -0.640     0.197
    32.000         *         *         *         *         *    23.000         *         *         *         *         *     0.000     0.000     0.000     6.127     3.000     1.000     0.000     3.000     6.000    13.000    16.000    19.000    34.035     4.115    -1.140     0.164    22.266     2.766    -0.608     0.203
    37.000         *         *         *         *         *    23.000         *         *         *         *         *     0.000     0.000     0.000     6.922     3.000     5.000     0.000     3.000     6.000    13.000    16.000    19.000    36.774     4.115    -1.139     0.164    22.467     2.766    -0.593     0.203
    32.000         *         *         *         *         *    17.000         *         *         *         *         *     1.000     0.000     0.000     6.859     3.000     5.000     0.000     3.000     6.000    13.000    16.000    19.000    32.915     4.115    -1.301     0.164    16.786     2.766    -0.421     0.203
    36.000    26.000    28.000         *         *         *    19.000    19.000    15.000         *         *         *     0.000     0.000     0.000     5.583     0.000    -5.000     0.000     3.000     6.000    13.000    16.000    19.000    33.448     2.850    -1.077     0.150    18.868     1.841    -0.575     0.197
    41.000    33.000    30.000         *         *         *    20.000    12.000     4.000         *         *         *     0.000     0.000     1.000     5.581     0.000     2.000     0.000     3.000     6.000    13.000    16.000    19.000    37.153     2.850    -1.096     0.150    14.035     1.841    -0.646     0.197
    42.000    44.000    41.000         *         *         *    23.000    17.000    20.000         *         *         *     0.000     1.000     0.000     7.339     1.000     8.000     0.000     3.000     6.000    13.000    16.000    19.000    44.103     2.850    -1.031     0.150    21.134     1.841    -0.536     0.197
    50.000    30.000         *         *         *         *    10.000    11.000         *         *         *         *     1.000     1.000     1.000     7.339     0.000     2.000     0.000     3.000     6.000    13.000    16.000    19.000    38.035     3.324    -1.138     0.158    11.284     2.107    -0.394     0.202
    30.000    35.000    21.000         *         *         *     0.000     6.000     3.000         *         *         *     0.000     0.000     0.000     5.217     0.000     6.000     0.000     3.000     6.000    13.000    16.000    19.000    32.075     2.850    -1.080     0.150     5.069     1.841    -0.370     0.197
         *    44.000    34.000         *         *         *         *    20.000    22.000         *         *         *     0.000     0.000     0.000     8.511     0.000     6.000     0.000     3.000     6.000    13.000    16.000    19.000    41.674     3.220    -1.046     0.153    22.002     2.262    -0.507     0.204
         *    29.000         *         *         *         *         *    13.000         *         *         *         *     0.000     0.000     1.000     8.511     0.000     8.000     0.000     3.000     6.000    13.000    16.000    19.000    34.148     3.957    -1.127     0.161    14.211     2.820    -0.524     0.206
    49.000    45.000    39.000    22.000    22.000         *    23.000    23.000    22.000    17.000    16.000         *     0.000     1.000     0.000     4.945     1.000    -1.000     0.000     3.000     6.000    13.000    16.000    19.000    41.703     2.320    -0.996     0.116    24.091     1.780    -0.559     0.152
    36.000    36.000    35.000         *         *         *    26.000    25.000    16.000         *         *         *     0.000     1.000     0.000     5.045     2.000    -1.000     0.000     3.000     6.000    13.000    16.000    19.000    38.861     2.850    -1.081     0.150    23.800     1.841    -0.670     0.197
    37.000    45.000    31.000         *         *         *    15.000    16.000    16.000         *         *         *     1.000     1.000     1.000     3.739     1.000     2.000     0.000     3.000     6.000    13.000    16.000    19.000    39.494     2.850    -1.050     0.150    16.285     1.841    -0.323     0.197
    40.000         *         *         *         *         *     3.000         *         *         *         *         *     0.000     1.000     0.000     5.531     0.000    -4.000     0.000     3.000     6.000    13.000    16.000    19.000    34.916     4.115    -1.003     0.164     5.988     2.766    -0.487     0.203
    22.000         *         *         *         *         *    10.000         *         *         *         *         *     0.000     1.000     1.000     5.531     0.000    -3.000     0.000     3.000     6.000    13.000    16.000    19.000    28.497     4.115    -1.081     0.164    10.358     2.766    -0.549     0.203
    37.000         *         *         *         *         *    30.000         *         *         *         *         *     0.000     1.000     0.000     2.030     2.000     9.000     0.000     3.000     6.000    13.000    16.000    19.000    41.050     4.115    -1.063     0.164    27.511     2.766    -0.540     0.203
    32.000    33.000    32.000         *         *         *    27.000    21.000    19.000         *         *         *     0.000     0.000     0.000     2.930     1.000     6.000     0.000     3.000     6.000    13.000    16.000    19.000    37.196     2.850    -1.099     0.150    23.191     1.841    -0.535     0.197
    24.000    25.000    19.000         *         *         *    18.000    17.000    17.000         *         *         *     0.000     1.000     0.000     2.930     0.000     8.000     0.000     3.000     6.000    13.000    16.000    19.000    30.469     2.850    -1.168     0.150    18.190     1.841    -0.475     0.197
    37.000    32.000         *         *         *         *    16.000     9.000         *         *         *         *     0.000     1.000     0.000     2.982     1.000    -2.000     0.000     3.000     6.000    13.000    16.000    19.000    35.906     3.324    -1.032     0.158    13.853     2.107    -0.544     0.202
    46.000    45.000    41.000    27.000         *         *    16.000    16.000    10.000     7.000         *         *     0.000     1.000     0.000     3.127     0.000    -6.000     0.000     3.000     6.000    13.000    16.000    19.000    42.596     2.530    -0.938     0.131    15.591     1.789    -0.590     0.173
    54.000    35.000    43.000    36.000         *         *    15.000    12.000    10.000         *         *         *     0.000     0.000     0.000     3.127     0.000     2.000     0.000     3.000     6.000    13.000    16.000    19.000    44.315     2.539    -0.899     0.141    14.147     1.841    -0.430     0.193
    32.000    20.000    20.000         *         *         *    14.000    17.000     0.000         *         *         *     0.000     0.000     0.000     3.597     1.000     1.000     0.000     3.000     6.000    13.000    16.000    19.000    29.379     2.850    -1.225     0.150    12.705     1.841    -0.633     0.197
    35.000         *    17.000         *         *         *     9.000         *     0.000         *         *         *     0.000     1.000     0.000     2.597     0.000    -4.000     0.000     3.000     6.000    13.000    16.000    19.000    30.538     3.287    -1.116     0.153     7.478     2.173    -0.579     0.197
    35.000         *         *         *         *         *    19.000         *         *         *         *         *     0.000     1.000     0.000     1.161     0.000    -2.000     0.000     3.000     6.000    13.000    16.000    19.000    36.931     4.115    -0.985     0.164    18.042     2.766    -0.499     0.203
    47.000    47.000         *         *         *         *    37.000    28.000         *         *         *         *     0.000     1.000     0.000     1.919     0.000    10.000     0.000     3.000     6.000    13.000    16.000    19.000    48.213     3.324    -0.988     0.158    31.001     2.107    -0.543     0.202
    37.000    35.000    37.000    35.000    28.000    22.000    29.000    30.000    28.000    26.000    21.000    15.000     0.000     0.000     0.000     2.048     0.000     7.000     0.000     3.000     6.000    13.000    16.000    19.000    42.407     2.171    -1.017     0.104    29.023     1.776    -0.515     0.135
    44.000    41.000    34.000         *         *         *    14.000    12.000     9.000         *         *         *     0.000     1.000     0.000     2.303     0.000     1.000     0.000     3.000     6.000    13.000    16.000    19.000    40.947     2.850    -0.961     0.150    13.470     1.841    -0.485     0.197
    18.000         *         *         *         *         *     9.000         *         *         *         *         *     1.000     0.000     0.000     2.303     0.000    -2.000     0.000     3.000     6.000    13.000    16.000    19.000    26.096     4.115    -1.242     0.164     8.735     2.766    -0.306     0.203
    40.000    43.000         *         *         *         *    16.000    15.000         *         *         *         *     0.000     0.000     0.000     1.484     0.000    11.000     0.000     3.000     6.000    13.000    16.000    19.000    42.028     3.324    -0.975     0.158    16.084     2.107    -0.358     0.202
    34.000    26.000    25.000    15.000    12.000    24.000    15.000    13.000    15.000     9.000     6.000     9.000     0.000     0.000     0.000     1.481     0.000     9.000     0.000     3.000     6.000    13.000    16.000    19.000    34.058     2.171    -1.086     0.104    15.063     1.776    -0.407     0.135
    20.000         *         *         *         *         *    16.000         *         *         *         *         *     0.000     1.000     0.000    -0.223     3.000    13.000     0.000     3.000     6.000    13.000    16.000    19.000    32.236     4.115    -1.131     0.164    17.050     2.766    -0.416     0.203
    22.000         *         *         *         *         *     8.000         *         *         *         *         *     0.000     1.000     0.000    -0.072     3.000    14.000     0.000     3.000     6.000    13.000    16.000    19.000    31.819     4.115    -1.113     0.164    11.167     2.766    -0.360     0.203
    36.000         *         *         *         *         *    18.000         *         *         *         *         *     0.000     0.000     0.000     0.141     0.000     1.000     0.000     3.000     6.000    13.000    16.000    19.000    37.044     4.115    -0.975     0.164    17.441     2.766    -0.423     0.203
    28.000    36.000    30.000         *         *         *     7.000    11.000    12.000         *         *         *     0.000     0.000     1.000     0.135     0.000    -2.000     0.000     3.000     6.000    13.000    16.000    19.000    34.023     2.850    -0.858     0.150    11.267     1.841    -0.314     0.197
    35.000         *         *         *         *         *     3.000         *         *         *         *         *     0.000     1.000     1.000     1.836     0.000    -6.000     0.000     3.000     6.000    13.000    16.000    19.000    32.930     4.115    -0.911     0.164     5.980     2.766    -0.440     0.203
    44.000    40.000         *         *         *         *    18.000    18.000         *         *         *         *     0.000     1.000     1.000     1.836     0.000    -7.000     0.000     3.000     6.000    13.000    16.000    19.000    40.401     3.324    -0.848     0.158    18.435     2.107    -0.518     0.202
    33.000    35.000    39.000         *         *         *     6.000     6.000     6.000         *         *         *     0.000     1.000     0.000     1.156     0.000     1.000     0.000     3.000     6.000    13.000    16.000    19.000    37.811     2.850    -0.917     0.150     7.883     1.841    -0.368     0.197
    48.000    44.000    38.000    40.000    30.000    34.000     7.000     6.000    12.000    12.000     3.000     9.000     0.000     1.000     0.000     1.156     0.000     1.000     0.000     3.000     6.000    13.000    16.000    19.000    44.270     2.171    -0.716     0.104    10.427     1.776    -0.200     0.135
    39.000    45.000    38.000    26.000    24.000    12.000    31.000    26.000    25.000    20.000    16.000     0.000     0.000     1.000     0.000     0.575     3.000     6.000     0.000     3.000     6.000    13.000    16.000    19.000    42.715     2.171    -1.276     0.104    28.465     1.776    -0.945     0.135
    39.000    37.000    32.000    32.000    24.000    15.000    22.000    18.000    20.000    15.000    12.000     0.000     0.000     1.000     0.000     0.575     2.000     2.000     0.000     3.000     6.000    13.000    16.000    19.000    40.313     2.171    -1.116     0.104    21.421     1.776    -0.724     0.135
    45.000    45.000    33.000         *         *         *     6.000         *     6.000         *         *         *     0.000     1.000     0.000    -0.200     0.000     1.000     0.000     3.000     6.000    13.000    16.000    19.000    41.288     2.850    -0.872     0.150     8.802     2.169    -0.365     0.197
    60.000    46.000    43.000         *         *         *     9.000     7.000     6.000         *         *         *     0.000     0.000     0.000    -0.200     0.000     1.000     0.000     3.000     6.000    13.000    16.000    19.000    46.817     2.850    -0.806     0.150     9.587     1.841    -0.357     0.197
    38.000    35.000         *         *         *         *    27.000    22.000         *         *         *         *     0.000     0.000     1.000     0.964     0.000     7.000     0.000     3.000     6.000    13.000    16.000    19.000    39.472     3.324    -0.982     0.158    23.857     2.107    -0.468     0.202
    42.000    30.000         *         *         *         *    17.000    19.000         *         *         *         *     0.000     0.000     0.000     0.997     0.000     8.000     0.000     3.000     6.000    13.000    16.000    19.000    38.147     3.324    -1.017     0.158    18.372     2.107    -0.391     0.202
    28.000    24.000    35.000    22.000    22.000     1.000     9.000    12.000    10.000     6.000         *         *     0.000     0.000     1.000    -1.358     0.000     0.000     0.000     3.000     6.000    13.000    16.000    19.000    31.869     2.218    -0.982     0.117    11.705     1.784    -0.417     0.166
    33.000    36.000    36.000         *         *         *    21.000    19.000    20.000         *         *         *     0.000     1.000     0.000    -1.358     0.000    -4.000     0.000     3.000     6.000    13.000    16.000    19.000    38.384     2.850    -0.890     0.150    20.705     1.841    -0.433     0.197
    45.000         *         *         *         *         *    16.000         *         *         *         *         *     0.000     1.000     0.000    -0.183     2.000     2.000     0.000     3.000     6.000    13.000    16.000    19.000    41.030     4.115    -0.925     0.164    17.538     2.766    -0.444     0.203
    38.000    42.000         *         *         *         *    13.000    13.000         *         *         *         *     0.000     0.000     1.000    -0.183     1.000     8.000     0.000     3.000     6.000    13.000    16.000    19.000    40.152     3.324    -0.895     0.158    14.236     2.107    -0.343     0.202
    27.000    26.000    25.000         *         *         *    15.000     9.000     6.000    10.000         *         *     0.000     0.000     0.000    -0.339     0.000    -6.000     0.000     3.000     6.000    13.000    16.000    19.000    30.752     2.849    -0.965     0.136    12.259     1.792    -0.394     0.174
    18.000    21.000    17.000         *         *         *    12.000    15.000    10.000         *         *         *     0.000     0.000     0.000    -0.339     0.000    -3.000     0.000     3.000     6.000    13.000    16.000    19.000    25.807     2.850    -1.092     0.150    13.568     1.841    -0.438     0.197
    31.000    34.000    34.000         *         *         *         *    17.000    17.000         *         *         *     0.000     1.000     0.000    -0.460     0.000     1.000     0.000     3.000     6.000    13.000    16.000    19.000    37.234     2.869    -0.953     0.153    18.329     2.250    -0.420     0.203
    43.000    46.000    33.000         *         *         *    13.000    17.000    10.000         *         *         *     1.000     0.000     1.000    -1.575     0.000    11.000     0.000     3.000     6.000    13.000    16.000    19.000    42.289     2.850    -1.016     0.150    13.897     1.841    -0.180     0.197
    40.000    37.000    36.000    22.000     9.000    17.000    27.000    22.000    20.000    16.000    18.000    15.000     0.000     0.000     0.000    -0.167     0.000    -2.000     0.000     3.000     6.000    13.000    16.000    19.000    36.695     2.171    -1.023     0.104    24.000     1.776    -0.504     0.135
    57.000    63.000    65.000    46.000    44.000         *    16.000    12.000    21.000     6.000     4.000         *     0.000     0.000     0.000    -1.277     2.000    16.000     0.000     3.000     6.000    13.000    16.000    19.000    58.001     2.320    -0.888     0.116    16.343     1.780    -0.510     0.152
    40.000         *    33.000         *         *         *     3.000         *     0.000         *         *         *     0.000     1.000     0.000    -0.011     0.000    -2.000     0.000     3.000     6.000    13.000    16.000    19.000    37.040     3.287    -0.923     0.153     4.699     2.173    -0.404     0.197
    41.000    34.000    35.000         *         *         *    17.000     9.000         *         *         *         *     0.000     1.000     1.000    -0.783     0.000    -4.000     0.000     3.000     6.000    13.000    16.000    19.000    38.546     2.850    -0.869     0.152    14.143     2.104    -0.476     0.201
    48.000    41.000    42.000    31.000         *         *    19.000    19.000    18.000     7.000         *         *     0.000     1.000     0.000    -0.247     0.000    -5.000     0.000     3.000     6.000    13.000    16.000    19.000    43.732     2.530    -0.928     0.131    19.051     1.789    -0.605     0.173
    40.000    35.000    35.000    35.000    30.000    25.000    19.000    19.000    18.000    22.000    21.000    15.000     0.000     1.000     0.000    -1.146     1.000     4.000     0.000     3.000     6.000    13.000    16.000    19.000    40.909     2.171    -0.780     0.104    20.747     1.776    -0.199     0.135
    25.000         *         *         *         *         *    21.000         *         *         *         *         *     0.000     1.000     0.000    -0.895     2.000     8.000     0.000     3.000     6.000    13.000    16.000    19.000    34.747     4.115    -1.068     0.164    20.451     2.766    -0.448     0.203
    35.000    36.000    32.000         *         *         *    18.000    16.000    17.000         *         *         *     0.000     1.000     0.000    -0.881     1.000     2.000     0.000     3.000     6.000    13.000    16.000    19.000    37.966     2.850    -0.953     0.150    18.254     1.841    -0.423     0.197
    45.000    32.000    32.000     7.000         *         *    16.000    13.000    12.000    15.000         *         *     0.000     0.000     0.000    -2.070     0.000     5.000     0.000     3.000     6.000    13.000    16.000    19.000    34.914     2.530    -1.006     0.131    15.966     1.789    -0.333     0.173
    47.000    34.000    28.000    18.000    24.000         *     9.000     9.000     9.000         *     6.000         *     0.000     1.000     0.000    -2.070     0.000    -3.000     0.000     3.000     6.000    13.000    16.000    19.000    36.525     2.325    -0.909     0.119    11.125     1.812    -0.384     0.159
    39.000    45.000    43.000    28.000    18.000         *    19.000    22.000    16.000    17.000    16.000         *     0.000     0.000     0.000    -0.262     1.000     7.000     0.000     3.000     6.000    13.000    16.000    19.000    41.274     2.320    -0.939     0.116    20.513     1.780    -0.348     0.152
    42.000    32.000    39.000    20.000         *         *    21.000    20.000    20.000    15.000         *         *     0.000     1.000     0.000    -0.914     0.000     1.000     0.000     3.000     6.000    13.000    16.000    19.000    38.882     2.530    -0.970     0.131    21.224     1.789    -0.465     0.173
    52.000    40.000    50.000         *         *         *    13.000    17.000    16.000         *         *         *     0.000     1.000     0.000    -1.359     2.000     5.000     0.000     3.000     6.000    13.000    16.000    19.000    46.611     2.850    -0.801     0.150    17.088     1.841    -0.331     0.197
    68.000    63.000    36.000    37.000         *         *    14.000    14.000    15.000    19.000         *         *     0.000     0.000     0.000    -0.556     0.000     3.000     0.000     3.000     6.000    13.000    16.000    19.000    50.250     2.530    -0.680     0.131    16.870     1.789    -0.188     0.173
    36.000    28.000    30.000         *         *         *    15.000    12.000    12.000         *         *         *     0.000     0.000     0.000    -0.822     0.000     0.000     0.000     3.000     6.000    13.000    16.000    19.000    34.920     2.850    -0.980     0.150    14.398     1.841    -0.406     0.197
    36.000         *         *         *         *         *    17.000         *         *         *         *         *     0.000     1.000     0.000    -0.822     0.000     1.000     0.000     3.000     6.000    13.000    16.000    19.000    37.984     4.115    -0.952     0.164    16.764     2.766    -0.430     0.203
    44.000         *         *         *         *         *    30.000         *         *         *         *         *     0.000     1.000     0.000    -1.150     3.000    -2.000     0.000     3.000     6.000    13.000    16.000    19.000    42.197     4.115    -0.927     0.164    28.557     2.766    -0.552     0.203
    32.000         *         *         *         *         *    23.000         *         *         *         *         *     0.000     0.000     0.000    -1.536     0.000    16.000     0.000     3.000     6.000    13.000    16.000    19.000    39.498     4.115    -1.035     0.164    21.229     2.766    -0.336     0.203
    37.000    49.000    45.000    40.000    30.000    38.000    10.000    13.000         *     9.000    10.000     9.000     0.000     1.000     0.000    -1.538     0.000     0.000     0.000     3.000     6.000    13.000    16.000    19.000    45.337     2.174    -0.692     0.105    12.798     1.927    -0.228     0.137
    38.000         *         *         *         *         *     3.000         *         *         *         *         *     0.000     0.000     1.000    -2.167     0.000     6.000     0.000     3.000     6.000    13.000    16.000    19.000    36.426     4.115    -0.870     0.164     6.508     2.766    -0.257     0.203
    25.000    35.000    24.000    37.000    30.000    25.000    18.000    13.000    25.000    20.000    16.000    20.000     0.000     0.000     1.000    -2.167     0.000    -2.000     0.000     3.000     6.000    13.000    16.000    19.000    36.349     2.171    -0.644     0.104    19.111     1.776    -0.083     0.135
    38.000    31.000    34.000         *         *         *    14.000    12.000    12.000         *         *         *     0.000     1.000     0.000    -2.481     0.000    -8.000     0.000     3.000     6.000    13.000    16.000    19.000    36.654     2.850    -0.869     0.150    14.220     1.841    -0.429     0.197
    41.000    38.000    40.000    21.000    20.000         *    28.000    27.000    24.000    14.000    17.000         *     0.000     1.000     1.000    -2.505     0.000    12.000     0.000     3.000     6.000    13.000    16.000    19.000    41.232     2.320    -1.085     0.116    26.007     1.780    -0.593     0.152
    44.000         *    40.000    45.000         *         *    18.000         *    14.000         *         *         *     0.000     1.000     0.000    -2.505     0.000     9.000     0.000     3.000     6.000    13.000    16.000    19.000    47.050     2.817    -0.803     0.141    17.294     2.173    -0.288     0.193
    43.000    43.000    40.000    37.000    26.000    20.000    33.000    31.000    35.000    32.000    31.000    20.000     0.000     0.000     0.000    -3.381     1.000     5.000     0.000     3.000     6.000    13.000    16.000    19.000    43.599     2.171    -0.910     0.104    33.464     1.776    -0.406     0.135
    42.000    27.000    38.000         *         *         *    15.000    15.000     9.000         *         *         *     0.000     0.000     0.000    -1.962     0.000     3.000     0.000     3.000     6.000    13.000    16.000    19.000    38.312     2.850    -0.954     0.150    14.545     1.841    -0.395     0.197
    49.000         *    46.000         *         *         *    15.000         *    18.000         *         *         *     0.000     0.000     0.000    -1.464     0.000    -1.000     0.000     3.000     6.000    13.000    16.000    19.000    45.053     3.287    -0.763     0.153    17.575     2.173    -0.306     0.197
    35.000    22.000         *         *         *         *    15.000    13.000         *         *         *         *     0.000     1.000     1.000    -2.745     0.000     1.000     0.000     3.000     6.000    13.000    16.000    19.000    33.131     3.324    -0.951     0.158    14.882     2.107    -0.417     0.202
    44.000    40.000    25.000         *         *         *    23.000    16.000    16.000         *         *         *     0.000     1.000     0.000    -2.745     0.000     7.000     0.000     3.000     6.000    13.000    16.000    19.000    40.269     2.850    -0.997     0.150    19.524     1.841    -0.449     0.197
    32.000    38.000    29.000    26.000         *         *     9.000     9.000         *     9.000         *         *     0.000     0.000     0.000    -4.216     0.000    -5.000     0.000     3.000     6.000    13.000    16.000    19.000    35.568     2.530    -0.806     0.131    10.855     1.961    -0.252     0.173
    35.000    30.000    26.000         *         *         *    13.000    18.000     9.000         *         *         *     0.000     0.000     1.000    -4.213     0.000    -7.000     0.000     3.000     6.000    13.000    16.000    19.000    33.361     2.850    -0.868     0.150    14.808     1.841    -0.412     0.197
    29.000    44.000    40.000         *    27.000         *    20.000    17.000    20.000         *     7.000         *     0.000     1.000     0.000    -4.467     0.000     1.000     0.000     3.000     6.000    13.000    16.000    19.000    41.424     2.523    -0.935     0.123    18.961     1.812    -0.505     0.160
    44.000    39.000    40.000    21.000         *    27.000    28.000         *    20.000    17.000     0.000         *     0.000     1.000     0.000    -3.750     0.000    -4.000     0.000     3.000     6.000    13.000    16.000    19.000    42.271     2.339    -1.083     0.115    23.168     2.020    -0.811     0.155
    26.000    40.000    32.000         *         *         *    21.000    16.000    16.000         *         *         *     0.000     1.000     0.000    -2.839     0.000     0.000     0.000     3.000     6.000    13.000    16.000    19.000    37.412     2.850    -0.933     0.150    18.491     1.841    -0.422     0.197
    53.000    36.000    36.000         *         *         *    13.000     7.000    13.000         *         *         *     0.000     1.000     0.000    -2.842     0.000     9.000     0.000     3.000     6.000    13.000    16.000    19.000    43.103     2.850    -0.889     0.150    12.718     1.841    -0.311     0.197
    26.000    54.000         *         *    24.000    29.000    23.000    16.000         *         *    14.000    16.000     1.000     1.000     0.000    -4.333     2.000     8.000     0.000     3.000     6.000    13.000    16.000    19.000    43.302     2.511    -1.004     0.107    19.019     1.985    -0.216     0.138
    41.000    35.000    38.000         *         *         *    13.000    16.000    17.000         *         *         *     0.000     0.000     0.000    -5.003     1.000    10.000     0.000     3.000     6.000    13.000    16.000    19.000    40.660     2.850    -0.862     0.150    16.460     1.841    -0.212     0.197
         *    34.000    43.000    34.000         *         *         *    13.000    15.000     6.000         *         *     0.000     1.000     0.000     0.800     1.000    -5.000     0.000     3.000     6.000    13.000    16.000    19.000    41.593     2.796    -0.897     0.136    15.605     2.171    -0.530     0.185
    36.000         *         *         *    30.000    25.000    24.000         *         *         *    15.000    12.000     0.000     0.000     0.000    -4.027     0.000    -4.000     0.000     3.000     6.000    13.000    16.000    19.000    40.447     2.789    -0.861     0.110    21.597     2.384    -0.437     0.146
    45.000    33.000    31.000         *    27.000    32.000    23.000    23.000    20.000    22.000    21.000     6.000     0.000     1.000     0.000    -3.777     0.000     0.000     0.000     3.000     6.000    13.000    16.000    19.000    41.884     2.313    -0.888     0.105    23.377     1.777    -0.467     0.135
    42.000    37.000    32.000         *         *         *    24.000    20.000    18.000         *         *         *     0.000     1.000     0.000    -3.844     3.000     7.000     0.000     3.000     6.000    13.000    16.000    19.000    40.599     2.850    -0.977     0.150    22.339     1.841    -0.459     0.197
    43.000    43.000    45.000    25.000         *         *    21.000    14.000    16.000    17.000         *         *     0.000     1.000     1.000    -4.372     1.000    11.000     0.000     3.000     6.000    13.000    16.000    19.000    43.580     2.530    -0.837     0.131    18.762     1.789    -0.301     0.173
    42.000         *         *         *         *         *    24.000         *         *         *         *         *     0.000     1.000     0.000    -5.220     2.000     8.000     0.000     3.000     6.000    13.000    16.000    19.000    43.377     4.115    -0.887     0.164    23.791     2.766    -0.367     0.203
    35.000    33.000         *         *         *         *    21.000    13.000         *         *         *         *     0.000     0.000     0.000    -3.258     0.000   -10.000     0.000     3.000     6.000    13.000    16.000    19.000    35.554     3.324    -0.894     0.158    17.443     2.107    -0.462     0.202
    43.000         *         *         *         *         *    25.000         *         *         *         *         *     0.000     1.000     0.000    -3.872     0.000     0.000     0.000     3.000     6.000    13.000    16.000    19.000    42.810     4.115    -0.860     0.164    23.276     2.766    -0.422     0.203
    38.000    40.000    41.000         *         *         *    26.000    22.000    19.000         *         *         *     0.000     0.000     0.000    -5.556     3.000     0.000     0.000     3.000     6.000    13.000    16.000    19.000    41.805     2.850    -0.864     0.150    23.684     1.841    -0.423     0.197
    54.000    51.000    40.000         *         *         *    27.000    23.000    26.000         *         *         *     0.000     0.000     0.000    -5.556     0.000     5.000     0.000     3.000     6.000    13.000    16.000    19.000    48.575     2.850    -0.768     0.150    25.681     1.841    -0.304     0.197
    22.000    39.000    39.000    26.000    20.000         *    27.000    24.000    27.000    19.000    17.000         *     0.000     1.000     1.000    -5.892     0.000     4.000     0.000     3.000     6.000    13.000    16.000    19.000    38.173     2.320    -0.914     0.116    25.457     1.780    -0.440     0.152
    44.000         *         *         *         *         *    16.000         *         *         *         *         *     0.000     0.000     0.000    -5.908     0.000    -1.000     0.000     3.000     6.000    13.000    16.000    19.000    40.921     4.115    -0.804     0.164    16.748     2.766    -0.300     0.203
    43.000    48.000    37.000    30.000         *         *    24.000    21.000    16.000    16.000         *         *     0.000     1.000     0.000    -4.172     1.000     2.000     0.000     3.000     6.000    13.000    16.000    19.000    43.864     2.530    -0.886     0.131    21.641     1.789    -0.452     0.173
    29.000    38.000    36.000         *         *         *    18.000    13.000    17.000         *         *         *     0.000     1.000     0.000    -4.172     0.000     1.000     0.000     3.000     6.000    13.000    16.000    19.000    38.424     2.850    -0.870     0.150    16.854     1.841    -0.337     0.197
    44.000    46.000         *    34.000    18.000         *    22.000    22.000         *    18.000    12.000         *     0.000     1.000     0.000    -3.470     2.000     7.000     0.000     3.000     6.000    13.000    16.000    19.000    42.985     2.520    -0.984     0.117    22.519     1.935    -0.493     0.153
    41.000    40.000    35.000    27.000    31.000    25.000    20.000    23.000    13.000    14.000    19.000    16.000     0.000     0.000     0.000    -6.056     2.000     1.000     0.000     3.000     6.000    13.000    16.000    19.000    40.584     2.171    -0.803     0.104    20.273     1.776    -0.278     0.135
    42.000         *         *         *         *         *    26.000         *         *         *         *         *     0.000     1.000     0.000    -4.866     0.000     0.000     0.000     3.000     6.000    13.000    16.000    19.000    42.767     4.115    -0.850     0.164    24.050     2.766    -0.411     0.203
    35.000         *         *         *         *         *    17.000         *         *         *         *         *     0.000     0.000     0.000    -4.866     0.000     0.000     0.000     3.000     6.000    13.000    16.000    19.000    37.263     4.115    -0.884     0.164    17.012     2.766    -0.330     0.203
    20.000         *    40.000         *         *         *     9.000         *     9.000         *         *         *     0.000     1.000     0.000    -4.430     0.000     1.000     0.000     3.000     6.000    13.000    16.000    19.000    35.582     3.287    -0.866     0.153    10.451     2.173    -0.279     0.197
    42.000    43.000    37.000         *         *         *    30.000    22.000    23.000         *         *         *     0.000     1.000     0.000    -3.928     3.000     3.000     0.000     3.000     6.000    13.000    16.000    19.000    43.380     2.850    -0.914     0.150    26.277     1.841    -0.489     0.197
    45.000    38.000    40.000         *         *         *    26.000    20.000    20.000         *         *         *     0.000     0.000     0.000    -4.833     0.000    -9.000     0.000     3.000     6.000    13.000    16.000    19.000    41.939     2.850    -0.794     0.150    22.804     1.841    -0.434     0.197
    33.000    33.000    39.000    40.000    30.000    26.000    18.000    13.000    19.000    16.000    15.000    15.000     0.000     1.000     0.000    -4.833     0.000    -7.000     0.000     3.000     6.000    13.000    16.000    19.000    39.924     2.171    -0.661     0.104    17.738     1.776    -0.197     0.135
    45.000    39.000         *         *         *         *    21.000    16.000         *         *         *         *     0.000     1.000     0.000    -4.736     0.000    -3.000     0.000     3.000     6.000    13.000    16.000    19.000    42.098     3.324    -0.829     0.158    19.032     2.107    -0.408     0.202
    50.000    38.000    43.000         *         *         *    20.000    17.000    18.000         *         *         *     0.000     1.000     0.000    -4.736     0.000    -4.000     0.000     3.000     6.000    13.000    16.000    19.000    44.148     2.850    -0.771     0.150    19.474     1.841    -0.380     0.197
    38.000    37.000    40.000         *         *         *    33.000    28.000    28.000         *         *         *     0.000     1.000     1.000    -5.777     1.000     2.000     0.000     3.000     6.000    13.000    16.000    19.000    42.316     2.850    -0.826     0.150    29.848     1.841    -0.432     0.197
    48.000    37.000    35.000    13.000         *         *    26.000    16.000     9.000         *         *         *     0.000     1.000     0.000    -5.683     0.000     6.000     0.000     3.000     6.000    13.000    16.000    19.000    39.880     2.539    -1.099     0.141    18.647     1.841    -0.602     0.193
    42.000    36.000    32.000    34.000    20.000    25.000    17.000    21.000    13.000    16.000    15.000    13.000     0.000     1.000     0.000    -4.358     0.000     6.000     0.000     3.000     6.000    13.000    16.000    19.000    40.182     2.171    -0.874     0.104    18.544     1.776    -0.287     0.135
    45.000    43.000    37.000    27.000    20.000         *    24.000    23.000    23.000    16.000    13.000         *     0.000     1.000     0.000    -6.656     0.000     7.000     0.000     3.000     6.000    13.000    16.000    19.000    42.406     2.320    -1.006     0.116    23.475     1.780    -0.510     0.152
    45.000         *         *         *         *         *    26.000         *         *         *         *         *     0.000     1.000     0.000    -5.473     3.000    10.000     0.000     3.000     6.000    13.000    16.000    19.000    45.118     4.115    -0.883     0.164    26.029     2.766    -0.371     0.203
    35.000    37.000    41.000         *         *         *    19.000    13.000    13.000         *         *         *     0.000     1.000     0.000    -5.761     0.000     2.000     0.000     3.000     6.000    13.000    16.000    19.000    40.930     2.850    -0.854     0.150    16.165     1.841    -0.354     0.197
    45.000    39.000    34.000         *         *         *     6.000     4.000    12.000         *         *         *     0.000     1.000     0.000    -5.761     0.000    12.000     0.000     3.000     6.000    13.000    16.000    19.000    41.572     2.850    -0.831     0.150     8.960     1.841    -0.158     0.197
    32.000    40.000    39.000    24.000         *         *    22.000    26.000    30.000    23.000         *         *     0.000     0.000     0.000    -6.973     2.000     8.000     0.000     3.000     6.000    13.000    16.000    19.000    39.714     2.530    -0.851     0.131    26.133     1.789    -0.224     0.173
    52.000    49.000    42.000    42.000    27.000    23.000    30.000    32.000    28.000    28.000    22.000    23.000     0.000     0.000     1.000    -7.570     3.000     2.000     0.000     3.000     6.000    13.000    16.000    19.000    45.753     2.171    -0.802     0.104    31.100     1.776    -0.433     0.135
    43.000    35.000    37.000    33.000    22.000    31.000     6.000     9.000    16.000    16.000    13.000     3.000     0.000     1.000     0.000    -4.978     0.000     4.000     0.000     3.000     6.000    13.000    16.000    19.000    40.490     2.171    -0.764     0.104    12.461     1.776    -0.169     0.135
    38.000    34.000    34.000    23.000    22.000    29.000    17.000    19.000    13.000    16.000    20.000    18.000     0.000     1.000     0.000    -4.978     0.000     2.000     0.000     3.000     6.000    13.000    16.000    19.000    37.797     2.171    -0.746     0.104    18.124     1.776    -0.111     0.135
         *    33.000    30.000    12.000    14.000         *         *     3.000     6.000         *     0.000         *     0.000     0.000     0.000    -3.816     0.000     3.000     0.000     3.000     6.000    13.000    16.000    19.000    32.762     2.542    -1.040     0.124     7.169     2.213    -0.395     0.171
    43.000    37.000    43.000    33.000    28.000         *    27.000    21.000    26.000    19.000    16.000     9.000     0.000     0.000     0.000    -6.917     1.000     3.000     0.000     3.000     6.000    13.000    16.000    19.000    43.715     2.315    -0.967     0.108    24.880     1.780    -0.562     0.136
    38.000    38.000    37.000    38.000    28.000    16.000    25.000    21.000    18.000    21.000    25.000    22.000     0.000     0.000     0.000    -6.917     1.000     2.000     0.000     3.000     6.000    13.000    16.000    19.000    39.883     2.171    -0.739     0.104    22.999     1.776    -0.130     0.135
    35.000    24.000    26.000    24.000    15.000    22.000    24.000    27.000    21.000    27.000    20.000    21.000     0.000     1.000     0.000    -6.092     0.000    -2.000     0.000     3.000     6.000    13.000    16.000    19.000    34.050     2.171    -0.846     0.104    25.332     1.776    -0.260     0.135
    20.000    29.000    29.000    15.000         *         *    14.000    17.000    18.000     9.000         *         *     0.000     1.000     0.000    -6.092     0.000    -3.000     0.000     3.000     6.000    13.000    16.000    19.000    31.228     2.530    -0.965     0.131    16.583     1.789    -0.400     0.173
    36.000    43.000    33.000    19.000    10.000         *    15.000    18.000    16.000     9.000     7.000         *     0.000     1.000     1.000    -6.716     0.000    -7.000     0.000     3.000     6.000    13.000    16.000    19.000    35.366     2.320    -0.931     0.116    17.192     1.780    -0.542     0.152
    47.000    37.000    43.000    42.000    30.000    32.000     9.000    14.000     9.000    10.000     6.000    10.000     0.000     1.000     0.000    -6.716     1.000    -2.000     0.000     3.000     6.000    13.000    16.000    19.000    43.884     2.171    -0.688     0.104    12.504     1.776    -0.242     0.135
    43.000    57.000    46.000         *         *         *    15.000         *         *         *         *         *     0.000     1.000     1.000    -7.611     1.000     2.000     0.000     3.000     6.000    13.000    16.000    19.000    48.047     2.850    -0.622     0.153    17.284     2.751    -0.243     0.201
    45.000    34.000    28.000         *         *         *    26.000    26.000    23.000    22.000         *         *     0.000     0.000     0.000    -8.361     0.000     8.000     0.000     3.000     6.000    13.000    16.000    19.000    40.177     2.849    -0.898     0.136    25.426     1.792    -0.292     0.174
    40.000    33.000    30.000         *         *         *    27.000    28.000    23.000         *         *         *     0.000     0.000     0.000    -8.138     1.000    -6.000     0.000     3.000     6.000    13.000    16.000    19.000    37.826     2.850    -0.847     0.150    26.607     1.841    -0.403     0.197
    30.000    32.000         *         *         *         *    23.000    27.000         *         *         *         *     0.000     0.000     1.000    -7.810     0.000    -3.000     0.000     3.000     6.000    13.000    16.000    19.000    35.643     3.324    -0.805     0.158    24.276     2.107    -0.325     0.202
    44.000    35.000    41.000    46.000         *         *    29.000    27.000    24.000    15.000         *         *     0.000     0.000     0.000    -7.325     1.000     2.000     0.000     3.000     6.000    13.000    16.000    19.000    45.910     2.530    -0.857     0.131    26.113     1.789    -0.482     0.173
    34.000    37.000    29.000    31.000    21.000    12.000    15.000    15.000         *     9.000     9.000     0.000     0.000     1.000     0.000    -8.939     0.000     0.000     0.000     3.000     6.000    13.000    16.000    19.000    37.386     2.174    -0.990     0.105    15.138     1.927    -0.519     0.137
    40.000    31.000    33.000    18.000    16.000         *    16.000    13.000    11.000    10.000    10.000         *     0.000     1.000     0.000    -8.908     0.000     2.000     0.000     3.000     6.000    13.000    16.000    19.000    35.738     2.320    -0.940     0.116    14.995     1.780    -0.358     0.152
    42.000    46.000    50.000    27.000    25.000    24.000    24.000    27.000    26.000    27.000    27.000    23.000     0.000     1.000     0.000    -7.710     2.000    18.000     0.000     3.000     6.000    13.000    16.000    19.000    44.456     2.171    -0.862     0.104    27.018     1.776    -0.163     0.135
    50.000    36.000    44.000    37.000    33.000    19.000    20.000    22.000    19.000    18.000    15.000     6.000     0.000     1.000     0.000    -7.209     0.000    -9.000     0.000     3.000     6.000    13.000    16.000    19.000    43.312     2.171    -0.825     0.104    21.643     1.776    -0.526     0.135
    44.000         *    39.000    22.000         *         *         *         *         *         *         *         *     0.000     0.000     0.000    -6.906     0.000     2.000     0.000     3.000     6.000    13.000    16.000    19.000    40.288     2.889    -0.875     0.145    18.828     5.396    -0.338     0.202
    38.000    38.000    41.000    25.000    14.000    14.000         *    26.000    31.000    25.000    22.000    13.000     0.000     0.000     0.000    -6.906     0.000    -4.000     0.000     3.000     6.000    13.000    16.000    19.000    38.120     2.215    -0.987     0.110    28.905     2.135    -0.542     0.150
    33.000    34.000    38.000         *         *         *    22.000    18.000    21.000         *         *         *     0.000     1.000     0.000    -7.500     0.000    -2.000     0.000     3.000     6.000    13.000    16.000    19.000    39.067     2.850    -0.810     0.150    20.885     1.841    -0.322     0.197
    38.000    34.000    41.000    38.000    32.000    31.000    27.000    22.000    26.000    35.000    25.000    21.000     0.000     0.000     0.000    -7.563     0.000    -5.000     0.000     3.000     6.000    13.000    16.000    19.000    41.722     2.171    -0.609     0.104    26.548     1.776    -0.113     0.135
         *         *    45.000    36.000    27.000    38.000         *         *    12.000    18.000    21.000    20.000     0.000     1.000     0.000    -0.861     2.000    -4.000     0.000     3.000     6.000    13.000    16.000    19.000    43.406     2.622    -0.620     0.117    19.626     2.651    -0.139     0.168
         *         *    41.000    32.000    20.000    26.000         *         *    19.000    13.000     6.000     0.000     0.000     1.000     0.000    -0.828     3.000    -2.000     0.000     3.000     6.000    13.000    16.000    19.000    42.817     2.622    -1.076     0.117    20.695     2.651    -0.797     0.168
    63.000    58.000    44.000    60.000    42.000         *    31.000    31.000    29.000    24.000    26.000         *     0.000     0.000     0.000    -7.908     1.000    19.000     0.000     3.000     6.000    13.000    16.000    19.000    57.419     2.320    -0.751     0.116    29.997     1.780    -0.269     0.152
    63.000    45.000    56.000    35.000    35.000         *    32.000    30.000    34.000    31.000    29.000         *     0.000     0.000     0.000    -7.895     3.000    12.000     0.000     3.000     6.000    13.000    16.000    19.000    51.131     2.320    -0.764     0.116    32.904     1.780    -0.252     0.152
    34.000    31.000    30.000         *         *         *    11.000     8.000    11.000    11.000         *         *     1.000     1.000     1.000    -7.145     1.000    12.000     0.000     3.000     6.000    13.000    16.000    19.000    36.612     2.849    -0.993     0.136    11.016     1.792    -0.065     0.174
    40.000    40.000    35.000    32.000    24.000    27.000    16.000    10.000         *    15.000     9.000     3.000     0.000     0.000     0.000    -6.911     1.000     6.000     0.000     3.000     6.000    13.000    16.000    19.000    41.426     2.174    -0.901     0.105    14.746     1.927    -0.364     0.137
    44.000    41.000    45.000    30.000         *         *    22.000    15.000    22.000    10.000         *         *     0.000     1.000     0.000    -7.683     0.000     6.000     0.000     3.000     6.000    13.000    16.000    19.000    44.820     2.530    -0.888     0.131    19.612     1.789    -0.422     0.173
    49.000    47.000    39.000    34.000    30.000    39.000    35.000    31.000    30.000    27.000    27.000    30.000     0.000     1.000     0.000    -8.208     1.000    -4.000     0.000     3.000     6.000    13.000    16.000    19.000    45.950     2.171    -0.679     0.104    32.269     1.776    -0.301     0.135
    46.000    46.000    44.000         *         *         *    25.000    22.000    26.000         *         *         *     0.000     1.000     0.000    -7.419     1.000     0.000     0.000     3.000     6.000    13.000    16.000    19.000    46.433     2.850    -0.720     0.150    24.909     1.841    -0.308     0.197
    53.000    55.000         *         *         *         *    21.000    29.000         *         *         *         *     0.000     1.000     0.000    -9.153     0.000    -1.000     0.000     3.000     6.000    13.000    16.000    19.000    50.681     3.324    -0.613     0.158    24.865     2.107    -0.247     0.202
    43.000    43.000    43.000         *    37.000    23.000    29.000    23.000    19.000         *    20.000    11.000     0.000     1.000     0.000    -9.156     0.000     3.000     0.000     3.000     6.000    13.000    16.000    19.000    45.683     2.313    -0.877     0.107    24.357     1.807    -0.481     0.137
    43.000    36.000         *         *    17.000         *     9.000    13.000         *         *         *         *     0.000     1.000     0.000    -8.202     0.000    -2.000     0.000     3.000     6.000    13.000    16.000    19.000    37.268     2.817    -0.860     0.141    12.492     2.106    -0.332     0.194
    43.000    41.000    40.000    29.000    20.000    25.000    28.000    20.000    23.000    19.000    21.000    16.000     0.000     1.000     0.000   -10.234     0.000    11.000     0.000     3.000     6.000    13.000    16.000    19.000    42.767     2.171    -0.927     0.104    24.246     1.776    -0.348     0.135
    45.000    36.000    44.000    36.000    31.000    30.000    20.000    20.000    19.000    20.000    14.000    17.000     0.000     1.000     0.000   -10.126     0.000    10.000     0.000     3.000     6.000    13.000    16.000    19.000    44.849     2.171    -0.787     0.104    20.450     1.776    -0.221     0.135
    38.000    41.000    38.000    24.000    22.000         *    18.000    17.000    15.000    14.000    15.000    14.000     0.000     1.000     0.000   -11.108     0.000     4.000     0.000     3.000     6.000    13.000    16.000    19.000    39.692     2.315    -0.817     0.108    17.826     1.780    -0.237     0.136
    47.000    55.000    39.000    47.000    39.000    30.000    23.000    20.000    22.000    20.000    19.000    15.000     0.000     1.000     0.000   -10.317     0.000     2.000     0.000     3.000     6.000    13.000    16.000    19.000    48.688     2.171    -0.690     0.104    22.383     1.776    -0.277     0.135
    50.000    37.000    30.000         *         *         *    17.000    15.000    13.000         *         *         *     1.000     1.000     0.000   -10.169     0.000     4.000     0.000     3.000     6.000    13.000    16.000    19.000    41.592     2.850    -0.951     0.150    15.671     1.841    -0.149     0.197
    57.000    46.000    44.000    47.000    30.000         *    16.000    26.000    21.000    18.000    17.000         *     0.000     1.000     0.000   -11.281     2.000     2.000     0.000     3.000     6.000    13.000    16.000    19.000    48.312     2.320    -0.682     0.116    22.072     1.780    -0.270     0.152
    44.000    43.000    41.000         *         *         *    24.000    24.000    18.000         *         *         *     0.000     1.000     0.000   -10.214     2.000    18.000     0.000     3.000     6.000    13.000    16.000    19.000    46.468     2.850    -0.870     0.150    23.066     1.841    -0.266     0.197
    38.000    37.000    38.000         *         *         *    21.000    28.000    27.000         *         *         *     0.000     1.000     0.000   -10.214     3.000    15.000     0.000     3.000     6.000    13.000    16.000    19.000    42.391     2.850    -0.832     0.150    25.968     1.841    -0.183     0.197
    38.000         *         *         *         *         *    25.000         *         *         *         *         *     0.000     1.000     0.000   -11.850     0.000     4.000     0.000     3.000     6.000    13.000    16.000    19.000    43.086     4.115    -0.762     0.164    23.668     2.766    -0.253     0.203
    37.000         *         *         *         *         *    17.000         *         *         *         *         *     0.000     1.000     0.000   -11.850     0.000     1.000     0.000     3.000     6.000    13.000    16.000    19.000    40.647     4.115    -0.745     0.164    17.627     2.766    -0.222     0.203
    39.000    39.000    40.000    28.000    27.000    31.000    21.000    22.000    21.000    15.000    16.000    21.000     0.000     0.000     0.000   -10.578     2.000    12.000     0.000     3.000     6.000    13.000    16.000    19.000    42.525     2.171    -0.835     0.104    21.540     1.776    -0.215     0.135
    48.000    43.000    39.000    38.000    22.000    29.000    22.000    23.000    25.000    31.000    17.000    23.000     0.000     1.000     0.000   -10.526     2.000    19.000     0.000     3.000     6.000    13.000    16.000    19.000    45.034     2.171    -0.835     0.104    24.927     1.776    -0.144     0.135
    62.000    52.000    50.000    56.000    51.000    32.000    36.000    36.000    33.000    36.000    36.000    29.000     0.000     1.000     1.000   -13.750     1.000     8.000     0.000     3.000     6.000    13.000    16.000    19.000    54.819     2.171    -0.550     0.104    35.628     1.776    -0.190     0.135
    45.000    47.000    40.000    24.000         *         *    34.000         *    31.000    26.000    25.000         *     0.000     1.000     1.000   -13.578     1.000    12.000     0.000     3.000     6.000    13.000    16.000    19.000    45.173     2.532    -0.846     0.123    31.689     2.029    -0.369     0.158
    38.000    34.000    36.000    24.000    25.000    32.000    30.000    29.000    29.000    29.000    28.000    30.000     0.000     0.000     0.000   -11.089     3.000     0.000     0.000     3.000     6.000    13.000    16.000    19.000    39.106     2.171    -0.701     0.104    30.245     1.776    -0.143     0.135
    45.000    51.000    41.000         *         *         *    25.000    27.000    28.000         *         *         *     0.000     1.000     0.000   -13.100     1.000     2.000     0.000     3.000     6.000    13.000    16.000    19.000    47.331     2.850    -0.638     0.150    26.886     1.841    -0.196     0.197
    39.000    39.000    41.000    28.000    23.000    23.000    29.000    24.000    19.000    19.000    26.000    17.000     0.000     0.000     0.000   -13.384     0.000    10.000     0.000     3.000     6.000    13.000    16.000    19.000    41.665     2.171    -0.877     0.104    24.626     1.776    -0.267     0.135
    37.000    28.000    27.000    35.000    20.000    27.000    20.000    22.000    22.000    26.000    21.000    17.000     0.000     1.000     0.000   -11.892     0.000    -2.000     0.000     3.000     6.000    13.000    16.000    19.000    37.105     2.171    -0.710     0.104    22.603     1.776    -0.153     0.135
    35.000    21.000    30.000    17.000         *         *    23.000    18.000    17.000    14.000         *         *     0.000     0.000     0.000   -11.892     0.000     0.000     0.000     3.000     6.000    13.000    16.000    19.000    33.437     2.530    -0.944     0.131    19.963     1.789    -0.366     0.173
    38.000    36.000    42.000         *         *         *    27.000    23.000    23.000         *         *         *     0.000     1.000     0.000   -11.624     1.000     6.000     0.000     3.000     6.000    13.000    16.000    19.000    43.006     2.850    -0.793     0.150    24.830     1.841    -0.275     0.197
    36.000    39.000    46.000    38.000    41.000         *    34.000    35.000    35.000    33.000    32.000         *     0.000     1.000     0.000   -14.545     2.000    13.000     0.000     3.000     6.000    13.000    16.000    19.000    47.121     2.320    -0.690     0.116    34.185     1.780    -0.133     0.152
    11.000         *         *         *         *         *    30.000         *         *         *         *         *     0.000     0.000     0.000   -12.689     1.000    -3.000     0.000     3.000     6.000    13.000    16.000    19.000    30.076     4.115    -0.906     0.164    26.743     2.766    -0.321     0.203
    41.000         *         *         *         *         *     6.000         *         *         *         *         *     0.000     1.000     1.000   -13.725     0.000     4.000     0.000     3.000     6.000    13.000    16.000    19.000    41.117     4.115    -0.633     0.164     9.725     2.766    -0.099     0.203
    50.000         *         *         *         *         *    17.000         *         *         *         *         *     0.000     1.000     0.000   -13.725     0.000     2.000     0.000     3.000     6.000    13.000    16.000    19.000    46.740     4.115    -0.633     0.164    18.371     2.766    -0.167     0.203
    50.000    34.000    35.000         *         *         *    18.000    20.000    21.000         *         *         *     1.000     0.000     1.000   -13.124     0.000     8.000     0.000     3.000     6.000    13.000    16.000    19.000    42.193     2.850    -0.823     0.150    19.518     1.841     0.016     0.197
    65.000    55.000    67.000         *         *         *    20.000    23.000    17.000         *         *         *     0.000     0.000     0.000   -12.884     0.000    10.000     0.000     3.000     6.000    13.000    16.000    19.000    58.836     2.850    -0.521     0.150    20.798     1.841    -0.101     0.197
    53.000    61.000    58.000    60.000    47.000    46.000    30.000    26.000    23.000    21.000    27.000    26.000     0.000     0.000     1.000   -15.213     0.000    13.000     0.000     3.000     6.000    13.000    16.000    19.000    57.606     2.171    -0.489     0.104    26.063     1.776    -0.077     0.135
    50.000    47.000    40.000    33.000    29.000    31.000    21.000    25.000    27.000    27.000    26.000    27.000     0.000     0.000     0.000   -15.210     1.000    10.000     0.000     3.000     6.000    13.000    16.000    19.000    44.533     2.171    -0.642     0.104    25.214     1.776     0.027     0.135
    41.000    45.000    43.000    27.000    27.000    36.000    25.000    25.000    26.000    22.000    28.000    31.000     0.000     1.000     0.000   -16.081     1.000     9.000     0.000     3.000     6.000    13.000    16.000    19.000    43.456     2.171    -0.618     0.104    25.671     1.776     0.034     0.135
    53.000    46.000    43.000         *         *         *    28.000    29.000    26.000         *         *         *     0.000     1.000     0.000   -15.059     0.000     0.000     0.000     3.000     6.000    13.000    16.000    19.000    48.602     2.850    -0.623     0.150    27.862     1.841    -0.230     0.197
    50.000    51.000    49.000    50.000    45.000         *    25.000         *    28.000    23.000    18.000         *     0.000     1.000     1.000   -15.059     0.000    -7.000     0.000     3.000     6.000    13.000    16.000    19.000    51.196     2.326    -0.475     0.118    25.682     2.023    -0.273     0.157
    40.000    40.000         *    34.000    35.000    35.000    16.000    16.000         *    15.000    15.000    12.000     0.000     0.000     0.000   -16.732     0.000     1.000     0.000     3.000     6.000    13.000    16.000    19.000    43.474     2.326    -0.638     0.105    16.560     1.930    -0.137     0.137
    28.000    24.000    20.000         *     6.000    13.000    14.000    14.000     9.000    10.000    12.000     7.000     0.000     1.000     1.000   -16.721     1.000     1.000     0.000     3.000     6.000    13.000    16.000    19.000    28.918     2.313    -0.892     0.105    14.160     1.777    -0.288     0.135
    49.000    50.000    41.000    34.000    31.000    26.000    26.000    22.000    24.000    23.000    23.000    19.000     0.000     1.000     0.000   -17.606     1.000     2.000     0.000     3.000     6.000    13.000    16.000    19.000    45.223     2.171    -0.704     0.104    25.074     1.776    -0.234     0.135
    42.000    42.000    42.000    48.000    43.000    25.000    22.000    20.000    24.000    27.000    21.000    19.000     0.000     1.000     0.000   -17.381     1.000     3.000     0.000     3.000     6.000    13.000    16.000    19.000    46.155     2.171    -0.580     0.104    23.081     1.776    -0.090     0.135
    51.000    41.000    50.000    37.000    39.000    57.000    21.000    20.000    22.000    12.000         *    17.000     0.000     1.000     0.000   -15.594     1.000    13.000     0.000     3.000     6.000    13.000    16.000    19.000    51.978     2.180    -0.660     0.107    20.444     1.784    -0.202     0.141
    57.000    50.000    50.000    52.000    37.000    46.000    24.000    24.000    27.000    25.000    25.000    32.000     0.000     1.000     0.000   -15.538     0.000     7.000     0.000     3.000     6.000    13.000    16.000    19.000    52.195     2.171    -0.445     0.104    25.272     1.776     0.082     0.135
    50.000    47.000    44.000    32.000    32.000    44.000    29.000    30.000    30.000    26.000    28.000    29.000     0.000     1.000     0.000   -15.242     0.000    15.000     0.000     3.000     6.000    13.000    16.000    19.000    48.842     2.171    -0.692     0.104    29.245     1.776    -0.097     0.135
    59.000    51.000         *         *         *         *    10.000    13.000    12.000         *         *         *     0.000     0.000     0.000   -15.605     0.000    10.000     0.000     3.000     6.000    13.000    16.000    19.000    50.984     3.313    -0.567     0.155    13.028     1.841    -0.010     0.198
    50.000    49.000    48.000         *         *         *     9.000     9.000     7.000         *         *         *     0.000     0.000     0.000   -15.603     0.000    11.000     0.000     3.000     6.000    13.000    16.000    19.000    48.802     2.850    -0.615     0.150     9.899     1.841    -0.027     0.197
    51.000    45.000    45.000    36.000    34.000    31.000    30.000    23.000    24.000    24.000    24.000    19.000     0.000     1.000     0.000   -18.250     0.000    12.000     0.000     3.000     6.000    13.000    16.000    19.000    48.206     2.171    -0.764     0.104    26.168     1.776    -0.239     0.135
         *         *    38.000    45.000    35.000    34.000         *         *    25.000    26.000    23.000     9.000     0.000     1.000     0.000   -11.721     2.000    -2.000     0.000     3.000     6.000    13.000    16.000    19.000    47.571     2.622    -0.765     0.117    27.160     2.651    -0.476     0.168
         *         *    40.000    31.000    29.000    35.000         *         *    21.000    18.000    15.000    16.000     0.000     1.000     1.000   -11.721     0.000    -3.000     0.000     3.000     6.000    13.000    16.000    19.000    42.883     2.622    -0.672     0.117    21.540     2.651    -0.306     0.168
         *         *         *    52.000    34.000         *         *         *         *     3.000     6.000         *     0.000     0.000     1.000    -4.306     0.000     6.000     0.000     3.000     6.000    13.000    16.000    19.000    48.226     3.264    -0.721     0.133    10.522     3.323    -0.309     0.195
         *         *         *    45.000    31.000    39.000         *         *         *    20.000    15.000    11.000     0.000     1.000     0.000    -3.381     1.000     6.000     0.000     3.000     6.000    13.000    16.000    19.000    49.259     2.959    -0.812     0.124    21.861     3.301    -0.406     0.187
         *         *         *    29.000    27.000    37.000         *         *         *    13.000     9.000    15.000     0.000     1.000     0.000    -3.475     1.000     6.000     0.000     3.000     6.000    13.000    16.000    19.000    43.844     2.959    -0.837     0.124    17.883     3.301    -0.328     0.187
         *    46.000    45.000    34.000    30.000    45.000         *    19.000    20.000    14.000    13.000    17.000     0.000     0.000     0.000   -13.600     1.000     0.000     0.000     3.000     6.000    13.000    16.000    19.000    46.659     2.366    -0.662     0.110    19.732     2.154    -0.247     0.151
         *    48.000    45.000    42.000         *         *         *    18.000    15.000    13.000         *         *     0.000     0.000     0.000   -13.600     1.000     6.000     0.000     3.000     6.000    13.000    16.000    19.000    48.267     2.796    -0.685     0.136    17.673     2.171    -0.210     0.185
         *    39.000         *         *         *         *         *    18.000         *         *         *         *     0.000     0.000     0.000   -14.078     1.000     1.000     0.000     3.000     6.000    13.000    16.000    19.000    41.925     3.957    -0.702     0.161    19.720     2.820    -0.181     0.206
         *    40.000    34.000    37.000         *         *         *    21.000    18.000    16.000         *         *     0.000     1.000     0.000   -14.150     1.000     0.000     0.000     3.000     6.000    13.000    16.000    19.000    42.894     2.796    -0.723     0.136    20.688     2.171    -0.274     0.185
         *    42.000         *         *         *         *         *    28.000         *         *         *         *     0.000     0.000     0.000   -15.374     0.000     8.000     0.000     3.000     6.000    13.000    16.000    19.000    46.474     3.957    -0.683     0.161    26.937     2.820    -0.134     0.206
         *    46.000    38.000    60.000    41.000    42.000         *    21.000    14.000    21.000    13.000    19.000     0.000     1.000     1.000   -16.471     0.000    10.000     0.000     3.000     6.000    13.000    16.000    19.000    50.979     2.366    -0.521     0.110    18.828     2.154    -0.079     0.151
         *         *         *    34.000    34.000    32.000         *         *         *    13.000         *     9.000     0.000     1.000     0.000    -6.400     1.000    -5.000     0.000     3.000     6.000    13.000    16.000    19.000    43.948     2.959    -0.762     0.124    18.193     3.434    -0.409     0.187
         *         *         *    22.000    19.000    20.000         *         *         *     9.000    10.000         *     0.000     1.000     0.000    -6.406     0.000     2.000     0.000     3.000     6.000    13.000    16.000    19.000    36.753     2.973    -0.936     0.127    15.450     3.322    -0.378     0.194
         *         *         *    22.000    25.000    33.000         *         *         *    24.000    23.000    28.000     0.000     0.000     0.000    -4.598     0.000    11.000     0.000     3.000     6.000    13.000    16.000    19.000    41.275     2.959    -0.808     0.124    25.892     3.301    -0.116     0.187
         *         *         *    30.000    19.000    30.000         *         *         *    30.000    26.000    32.000     0.000     0.000     0.000    -4.542     0.000     2.000     0.000     3.000     6.000    13.000    16.000    19.000    39.840     2.959    -0.749     0.124    29.993     3.301    -0.136     0.187
         *         *         *    44.000    39.000    51.000         *         *         *    21.000    24.000    27.000     0.000     1.000     0.000    -4.589     1.000    13.000     0.000     3.000     6.000    13.000    16.000    19.000    53.058     2.959    -0.635     0.124    25.425     3.301    -0.113     0.187
         *    58.000         *    40.000    40.000    51.000         *    20.000         *    22.000    19.000    20.000     0.000     1.000     0.000   -14.570     1.000    15.000     0.000     3.000     6.000    13.000    16.000    19.000    53.983     2.577    -0.615     0.112    21.841     2.447    -0.098     0.157
         *    59.000    55.000    54.000    52.000    57.000         *    33.000    28.000    36.000    30.000    31.000     0.000     1.000     0.000   -16.377     0.000     6.000     0.000     3.000     6.000    13.000    16.000    19.000    58.416     2.366    -0.382     0.110    31.143     2.154     0.000     0.151
         *    43.000    35.000    37.000    35.000    31.000         *    20.000    19.000    20.000    28.000    17.000     0.000     1.000     0.000   -15.978     0.000    -5.000     0.000     3.000     6.000    13.000    16.000    19.000    42.732     2.366    -0.543     0.110    21.539     2.154    -0.070     0.151
         *    51.000    56.000         *         *         *         *    28.000    29.000         *         *         *     0.000     1.000     0.000   -14.936     1.000     4.000     0.000     3.000     6.000    13.000    16.000    19.000    53.400     3.220    -0.550     0.153    28.722     2.262    -0.167     0.204
         *    55.000    44.000    30.000    29.000    43.000         *    19.000    20.000    18.000    17.000    17.000     0.000     1.000     0.000   -14.936     0.000     4.000     0.000     3.000     6.000    13.000    16.000    19.000    47.400     2.366    -0.664     0.110    20.493     2.154    -0.190     0.151
    34.000    36.000    40.000    39.000    35.000    23.000    10.000    14.000    16.000    15.000    16.000     9.000     0.000     1.000     0.000   -21.172     0.000     2.000     0.000     3.000     6.000    13.000    16.000    19.000    41.162     2.171    -0.605     0.104    14.258     1.776    -0.050     0.135
    38.000    37.000    37.000    28.000    28.000         *    16.000    15.000    17.000    12.000     9.000    12.000     0.000     1.000     0.000   -21.153     0.000    -2.000     0.000     3.000     6.000    13.000    16.000    19.000    40.128     2.315    -0.716     0.108    16.273     1.780    -0.251     0.136
         *         *    56.000    34.000    37.000    35.000         *         *    14.000    24.000    21.000    21.000     0.000     1.000     0.000   -13.511     0.000     2.000     0.000     3.000     6.000    13.000    16.000    19.000    47.051     2.622    -0.537     0.117    20.160     2.651    -0.010     0.168
         *         *    42.000    52.000    50.000    52.000         *         *    28.000    30.000    25.000    28.000     0.000     0.000     0.000   -13.511     0.000     0.000     0.000     3.000     6.000    13.000    16.000    19.000    53.186     2.622    -0.424     0.117    27.848     2.651    -0.040     0.168
         *         *         *    35.000    35.000    48.000         *         *         *    23.000    16.000    17.000     0.000     0.000     1.000    -5.653     0.000    -5.000     0.000     3.000     6.000    13.000    16.000    19.000    46.507     2.959    -0.587     0.124    22.523     3.301    -0.266     0.187
         *         *         *    46.000    26.000    37.000         *         *         *    22.000    20.000    25.000     0.000     0.000     0.000    -5.650     0.000     3.000     0.000     3.000     6.000    13.000    16.000    19.000    45.987     2.959    -0.671     0.124    24.054     3.301    -0.147     0.187
         *    68.000    43.000    49.000    46.000    50.000         *    29.000    30.000    29.000    27.000    27.000     0.000     1.000     0.000   -15.495     0.000    17.000     0.000     3.000     6.000    13.000    16.000    19.000    57.219     2.366    -0.591     0.110    29.153     2.154    -0.092     0.151
         *    55.000    70.000    48.000    51.000    60.000         *    30.000    30.000    28.000    29.000    29.000     0.000     1.000     0.000   -15.495     0.000    21.000     0.000     3.000     6.000    13.000    16.000    19.000    61.522     2.366    -0.520     0.110    29.224     2.154    -0.023     0.151
         *    47.000    39.000    41.000    35.000    26.000         *    18.000    17.000    13.000    10.000    13.000     0.000     1.000     0.000   -17.758     1.000     1.000     0.000     3.000     6.000    13.000    16.000    19.000    45.583     2.366    -0.726     0.110    18.344     2.154    -0.319     0.151
    42.000    44.000    43.000    45.000    35.000    34.000    22.000    19.000    19.000    15.000    17.000    14.000     0.000     1.000     0.000   -21.450     0.000     5.000     0.000     3.000     6.000    13.000    16.000    19.000    47.296     2.171    -0.660     0.104    19.969     1.776    -0.218     0.135
    46.000    40.000    40.000    30.000    24.000    42.000    29.000    31.000    29.000    28.000    32.000    26.000     0.000     1.000     0.000   -21.450     2.000     0.000     0.000     3.000     6.000    13.000    16.000    19.000    43.595     2.171    -0.596     0.104    30.253     1.776    -0.125     0.135
         *         *         *    48.000    39.000         *         *         *         *    16.000    20.000         *     0.000     1.000     0.000    -8.367     0.000     0.000     0.000     3.000     6.000    13.000    16.000    19.000    49.289     3.264    -0.614     0.133    20.984     3.323    -0.213     0.195
    45.000    50.000         *    41.000    42.000    43.000    30.000    24.000         *    23.000    19.000    17.000     0.000     1.000     0.000   -21.525     0.000    10.000     0.000     3.000     6.000    13.000    16.000    19.000    51.886     2.326    -0.689     0.105    25.524     1.930    -0.289     0.137
    42.000    48.000         *    30.000    25.000    43.000    31.000    27.000         *    34.000    29.000    24.000     0.000     0.000     0.000   -21.522     3.000     4.000     0.000     3.000     6.000    13.000    16.000    19.000    44.877     2.326    -0.628     0.105    30.279     1.930    -0.127     0.137
         *         *         *    16.000         *         *         *         *         *     3.000         *         *     0.000     0.000     0.000    -6.025     0.000    -7.000     0.000     3.000     6.000    13.000    16.000    19.000    31.596     3.872    -0.962     0.144    10.792     3.551    -0.438     0.200
         *    45.000    45.000    31.000    31.000         *         *    19.000    23.000    16.000    20.000    21.000     0.000     1.000     0.000   -18.745     0.000     7.000     0.000     3.000     6.000    13.000    16.000    19.000    45.192     2.533    -0.661     0.114    21.092     2.158    -0.102     0.151
         *    48.000    39.000    62.000    38.000    38.000         *    27.000    27.000    31.000    23.000    29.000     0.000     1.000     1.000   -18.691     2.000     5.000     0.000     3.000     6.000    13.000    16.000    19.000    50.167     2.366    -0.465     0.110    28.139     2.154    -0.066     0.151
         *    42.000    43.000    36.000    24.000    28.000         *    21.000    27.000    20.000    17.000    18.000     0.000     0.000     0.000   -19.009     2.000     6.000     0.000     3.000     6.000    13.000    16.000    19.000    43.973     2.366    -0.787     0.110    24.148     2.154    -0.286     0.151
         *    48.000    45.000    30.000    26.000    38.000         *    17.000    20.000    15.000    19.000    17.000     0.000     1.000     0.000   -18.854     0.000     3.000     0.000     3.000     6.000    13.000    16.000    19.000    44.925     2.366    -0.638     0.110    19.285     2.154    -0.127     0.151
         *    42.000    47.000    27.000    35.000    41.000         *    18.000    18.000    18.000    18.000    22.000     0.000     0.000     0.000   -18.138     1.000     6.000     0.000     3.000     6.000    13.000    16.000    19.000    45.147     2.366    -0.581     0.110    19.199     2.154    -0.003     0.151
         *    45.000         *         *         *         *         *    13.000         *         *         *         *     0.000     1.000     0.000   -17.327     3.000     8.000     0.000     3.000     6.000    13.000    16.000    19.000    46.204     3.957    -0.651     0.161    17.418     2.820    -0.124     0.206
         *    23.000    26.000    26.000    19.000    19.000         *     9.000     7.000     9.000     4.000     6.000     0.000     0.000     0.000   -17.250     0.000    -4.000     0.000     3.000     6.000    13.000    16.000    19.000    33.047     2.366    -0.787     0.110    10.192     2.154    -0.218     0.151
         *    50.000    44.000    47.000    41.000    38.000         *    23.000    24.000    30.000    21.000    27.000     0.000     1.000     0.000   -18.731     1.000     7.000     0.000     3.000     6.000    13.000    16.000    19.000    49.846     2.366    -0.516     0.110    25.064     2.154    -0.003     0.151
         *    47.000    60.000    47.000    45.000    40.000         *    30.000    25.000    26.000    20.000    23.000     0.000     1.000     0.000   -18.734     1.000     8.000     0.000     3.000     6.000    13.000    16.000    19.000    54.119     2.366    -0.620     0.110    27.574     2.154    -0.241     0.151
         *    41.000    32.000    51.000         *    40.000         *    25.000    32.000    30.000         *    28.000     0.000     0.000     0.000   -19.008     3.000     2.000     0.000     3.000     6.000    13.000    16.000    19.000    46.652     2.534    -0.509     0.115    29.179     2.167    -0.037     0.157
         *    49.000    50.000    39.000    37.000    40.000         *    25.000    26.000    26.000    28.000    25.000     0.000     0.000     0.000   -19.083     1.000     8.000     0.000     3.000     6.000    13.000    16.000    19.000    49.250     2.366    -0.562     0.110    26.231     2.154    -0.022     0.151
         *    34.000    39.000    34.000    34.000    37.000         *    21.000    15.000    19.000    15.000    13.000     0.000     0.000     0.000   -20.108     1.000    12.000     0.000     3.000     6.000    13.000    16.000    19.000    44.964     2.366    -0.741     0.110    19.138     2.154    -0.175     0.151
         *    44.000    45.000    32.000         *    40.000         *    34.000    31.000    28.000         *    30.000     0.000     1.000     0.000   -19.863     2.000     7.000     0.000     3.000     6.000    13.000    16.000    19.000    47.927     2.534    -0.641     0.115    32.208     2.167    -0.171     0.157
         *    41.000    47.000    37.000    31.000    35.000         *    34.000    36.000    31.000    35.000    31.000     0.000     1.000     0.000   -19.922     1.000    13.000     0.000     3.000     6.000    13.000    16.000    19.000    47.603     2.366    -0.687     0.110    34.206     2.154    -0.117     0.151
         *         *    40.000    40.000    44.000    34.000         *         *    25.000    32.000    25.000    22.000     0.000     0.000     0.000   -17.365     1.000     5.000     0.000     3.000     6.000    13.000    16.000    19.000    47.804     2.622    -0.608     0.117    27.460     2.651    -0.120     0.168
         *         *         *    42.000    37.000    37.000         *         *         *    18.000    13.000    15.000     0.000     1.000     0.000   -10.376     1.000     3.000     0.000     3.000     6.000    13.000    16.000    19.000    48.402     2.959    -0.702     0.124    20.452     3.301    -0.297     0.187
    49.000    58.000    48.000    60.000    50.000    42.000    28.000    26.000    23.000    22.000    29.000    28.000     0.000     1.000     0.000   -24.467     0.000     4.000     0.000     3.000     6.000    13.000    16.000    19.000    54.415     2.171    -0.369     0.104    25.510     1.776     0.047     0.135
    47.000    40.000    44.000    30.000    30.000    35.000    29.000    24.000    19.000    28.000    25.000    20.000     0.000     0.000     1.000   -24.239     3.000     1.000     0.000     3.000     6.000    13.000    16.000    19.000    43.601     2.171    -0.581     0.104    25.974     1.776    -0.159     0.135
         *    60.000    44.000    42.000    40.000    36.000         *    30.000    31.000    33.000    27.000    28.000     0.000     1.000     0.000   -20.433     3.000    -5.000     0.000     3.000     6.000    13.000    16.000    19.000    49.563     2.366    -0.518     0.110    31.989     2.154    -0.201     0.151
         *    50.000    46.000    35.000    32.000    37.000         *    30.000    29.000    28.000    31.000    27.000     0.000     1.000     0.000   -20.377     3.000    -5.000     0.000     3.000     6.000    13.000    16.000    19.000    46.189     2.366    -0.546     0.110    30.906     2.154    -0.174     0.151
         *    46.000    65.000    43.000    37.000    46.000         *    26.000    29.000    19.000    25.000    24.000     0.000     1.000     0.000   -20.299     0.000     6.000     0.000     3.000     6.000    13.000    16.000    19.000    53.158     2.366    -0.557     0.110    26.243     2.154    -0.149     0.151
         *    48.000    42.000    60.000    35.000    39.000         *    29.000    30.000    25.000    26.000    27.000     0.000     1.000     1.000   -20.286     1.000     0.000     0.000     3.000     6.000    13.000    16.000    19.000    49.995     2.366    -0.475     0.110    28.998     2.154    -0.155     0.151
         *         *    36.000    41.000    34.000    36.000         *         *    19.000    15.000    21.000    22.000     0.000     0.000     0.000   -19.303     1.000    10.000     0.000     3.000     6.000    13.000    16.000    19.000    45.634     2.622    -0.613     0.117    19.821     2.651    -0.006     0.168
         *         *    52.000    33.000         *    43.000         *         *    21.000    24.000         *    19.000     0.000     0.000     0.000   -19.303     0.000    10.000     0.000     3.000     6.000    13.000    16.000    19.000    49.931     2.838    -0.603     0.121    22.442     2.687    -0.069     0.171
         *         *         *    39.000    42.000    55.000         *         *         *    35.000    36.000    38.000     0.000     1.000     0.000   -11.224     3.000    10.000     0.000     3.000     6.000    13.000    16.000    19.000    53.435     2.959    -0.540     0.124    36.521     3.301    -0.069     0.187
         *         *         *    54.000    36.000    47.000         *         *         *    34.000    34.000    34.000     0.000     1.000     0.000   -11.055     3.000    12.000     0.000     3.000     6.000    13.000    16.000    19.000    54.270     2.959    -0.602     0.124    35.430     3.301    -0.136     0.187
    55.000         *         *         *         *         *    29.000         *         *         *         *         *     0.000     1.000     0.000   -27.605     0.000    13.000     0.000     3.000     6.000    13.000    16.000    19.000    55.966     4.115    -0.409     0.164    28.671     2.766     0.091     0.203
         *         *         *    43.000    35.000    39.000         *         *         *    23.000    18.000    18.000     0.000     1.000     0.000   -11.892     0.000     4.000     0.000     3.000     6.000    13.000    16.000    19.000    48.804     2.959    -0.663     0.124    23.123     3.301    -0.225     0.187
         *         *         *    41.000    42.000    50.000         *         *         *    15.000    20.000    21.000     0.000     0.000     0.000   -11.854     2.000    10.000     0.000     3.000     6.000    13.000    16.000    19.000    51.844     2.959    -0.604     0.124    21.175     3.301    -0.117     0.187
         *         *         *    46.000    44.000    36.000         *         *         *    32.000    30.000    30.000     0.000     1.000     0.000   -14.597     0.000     0.000     0.000     3.000     6.000    13.000    16.000    19.000    49.805     2.959    -0.512     0.124    31.012     3.301    -0.086     0.187
         *         *         *    33.000         *    47.000         *         *         *    30.000         *    25.000     0.000     1.000     0.000   -13.633     3.000     8.000     0.000     3.000     6.000    13.000    16.000    19.000    50.346     3.272    -0.667     0.128    31.045     3.435    -0.237     0.187
         *         *    60.000    55.000    36.000         *         *         *    25.000    29.000    24.000         *     0.000     1.000     0.000   -19.333     0.000    16.000     0.000     3.000     6.000    13.000    16.000    19.000    55.833     2.841    -0.554     0.128    26.204     2.656    -0.026     0.182
         *         *    45.000    29.000    33.000    45.000         *         *    25.000    21.000    25.000    24.000     0.000     1.000     0.000   -19.275     1.000     8.000     0.000     3.000     6.000    13.000    16.000    19.000    47.216     2.622    -0.619     0.117    25.105     2.651    -0.095     0.168
         *         *         *    56.000    39.000    42.000         *         *         *    31.000    32.000    27.000     0.000     1.000     0.000   -12.616     0.000    -4.000     0.000     3.000     6.000    13.000    16.000    19.000    51.586     2.959    -0.474     0.124    31.001     3.301    -0.129     0.187
         *         *         *    42.000    45.000    56.000         *         *         *    32.000    31.000    37.000     0.000     1.000     0.000   -12.560     0.000    -2.000     0.000     3.000     6.000    13.000    16.000    19.000    52.336     2.959    -0.370     0.124    31.640     3.301     0.031     0.187
         *         *         *    40.000    44.000    38.000         *         *         *    24.000    30.000    31.000     0.000     1.000     0.000   -14.828     1.000    10.000     0.000     3.000     6.000    13.000    16.000    19.000    49.980     2.959    -0.567     0.124    28.210     3.301    -0.020     0.187
         *         *         *    42.000    25.000    41.000         *         *         *    30.000    29.000    30.000     0.000     1.000     0.000   -15.194     2.000     8.000     0.000     3.000     6.000    13.000    16.000    19.000    47.497     2.959    -0.656     0.124    31.382     3.301    -0.141     0.187
         *         *         *    38.000    34.000    40.000         *         *         *    20.000    21.000    14.000     0.000     1.000     0.000   -15.299     1.000    10.000     0.000     3.000     6.000    13.000    16.000    19.000    48.894     2.959    -0.726     0.124    22.623     3.301    -0.246     0.187
         *         *         *    51.000    40.000    42.000         *         *         *    31.000    32.000    28.000     0.000     0.000     0.000   -13.798     3.000    13.000     0.000     3.000     6.000    13.000    16.000    19.000    53.292     2.959    -0.637     0.124    32.422     3.301    -0.147     0.187
         *         *         *    35.000         *         *         *         *         *    33.000         *         *     0.000     1.000     0.000   -14.888     2.000    10.000     0.000     3.000     6.000    13.000    16.000    19.000    47.770     3.872    -0.687     0.144    32.968     3.551    -0.158     0.200
         *         *         *    70.000    70.000    69.000         *         *         *    37.000    27.000    27.000     0.000     1.000     0.000   -15.466     2.000    17.000     0.000     3.000     6.000    13.000    16.000    19.000    70.270     2.959    -0.376     0.124    31.905     3.301    -0.097     0.187
         *         *         *    41.000    30.000    45.000         *         *         *    19.000    24.000    23.000     0.000     1.000     1.000   -16.480     0.000     1.000     0.000     3.000     6.000    13.000    16.000    19.000    46.702     2.959    -0.499     0.124    23.145     3.301    -0.080     0.187
         *         *         *    30.000    16.000    29.000         *         *         *    18.000    23.000    22.000     0.000     1.000     0.000   -16.917     2.000     1.000     0.000     3.000     6.000    13.000    16.000    19.000    39.258     2.959    -0.747     0.124    24.573     3.301    -0.216     0.187
         *         *         *    29.000    24.000    37.000         *         *         *    17.000    21.000    23.000     0.000     1.000     0.000   -16.869     2.000     7.000     0.000     3.000     6.000    13.000    16.000    19.000    43.083     2.959    -0.714     0.124    23.248     3.301    -0.159     0.187
         *         *         *    55.000    54.000    70.000         *         *         *    29.000    29.000    29.000     0.000     1.000     1.000   -18.436     0.000     2.000     0.000     3.000     6.000    13.000    16.000    19.000    59.962     2.959    -0.222     0.124    28.063     3.301     0.037     0.187
         *         *         *    68.000    55.000         *         *         *         *    34.000    33.000    34.000     0.000     1.000     0.000   -18.800     2.000     2.000     0.000     3.000     6.000    13.000    16.000    19.000    60.812     3.263    -0.305     0.129    33.641     3.306    -0.025     0.187
         *         *         *    35.000    36.000    43.000         *         *         *    29.000    28.000    28.000     0.000     1.000     1.000   -18.527     1.000    19.000     0.000     3.000     6.000    13.000    16.000    19.000    49.743     2.959    -0.627     0.124    28.906     3.301    -0.054     0.187
         *         *         *    57.000    44.000    45.000         *         *         *    31.000    28.000    31.000     0.000     1.000     0.000   -18.645     1.000    22.000     0.000     3.000     6.000    13.000    16.000    19.000    57.355     2.959    -0.570     0.124    29.776     3.301     0.000     0.187
         *         *         *    45.000         *         *         *         *         *    19.000         *         *     0.000     1.000     0.000   -17.059     1.000    18.000     0.000     3.000     6.000    13.000    16.000    19.000    52.685     3.872    -0.670     0.144    22.110     3.551    -0.115     0.200
         *         *         *    42.000    33.000    38.000         *         *         *    18.000     8.000    16.000     0.000     1.000     0.000   -16.867     0.000    11.000     0.000     3.000     6.000    13.000    16.000    19.000    48.785     2.959    -0.704     0.124    17.736     3.301    -0.189     0.187
