     0.700         *         *         *         *         *         *         *         *         *         *         *     0.000     0.000     0.000    17.816     0.000    -8.000     0.000     3.000     6.000    13.000    16.000    19.000     0.746     0.134    -0.038     0.019     7.087     5.617    -0.826     0.203
         *         *         *         *         *         *     3.000         *         *         *         *         *     0.000     1.000     0.000    16.108     0.000    -1.000     0.000     3.000     6.000    13.000    16.000    19.000     1.576     0.539    -0.039     0.019     4.711     2.786    -0.694     0.203
     1.600         *         *         *         *         *    11.000         *         *         *         *         *     0.000     0.000     1.000    16.108     0.000    -2.000     0.000     3.000     6.000    13.000    16.000    19.000     1.594     0.134    -0.036     0.019    10.705     2.773    -0.701     0.198
     3.700     3.810     3.990     3.540     2.940         *     0.000    15.000    16.000    10.000    12.000         *     0.000     1.000     0.000    -8.223     0.000    15.000     0.000     3.000     6.000    13.000    16.000    19.000     3.755     0.115    -0.032     0.013    11.079     1.786     0.030     0.152
     3.100     2.900     3.100     2.650         *         *    16.000    12.000    12.000     6.000         *         *     0.000     1.000     0.000    -8.223     0.000    17.000     0.000     3.000     6.000    13.000    16.000    19.000     3.115     0.115    -0.036     0.015    14.025     1.793    -0.351     0.171
     2.200     1.900     1.350     1.150         *         *    20.000         *    18.000         *         *         *     0.000     1.000     0.000    -8.650     0.000    11.000     0.000     3.000     6.000    13.000    16.000    19.000     2.132     0.115    -0.059     0.015    19.989     2.179    -0.363     0.193
     2.400     1.900     1.750         *         *         *    19.000    15.000    16.000         *         *         *     0.000     1.000     0.000    -8.997     0.000     0.000     0.000     3.000     6.000    13.000    16.000    19.000     2.322     0.117    -0.049     0.018    17.879     1.845    -0.362     0.193
     4.000     4.100     4.150     3.540     3.490     2.830    27.000    26.000    39.000    22.000    24.000    25.000     0.000     0.000     0.000   -10.008     0.000     8.000     0.000     3.000     6.000    13.000    16.000    19.000     4.044     0.115    -0.045     0.011    29.044     1.785    -0.232     0.136
     3.400     3.600     3.400     2.520     3.060     2.490    25.000    27.000    28.000    31.000    22.000    23.000     0.000     1.000     0.000   -10.005     0.000     6.000     0.000     3.000     6.000    13.000    16.000    19.000     3.446     0.115    -0.043     0.011    27.314     1.785    -0.173     0.136
         *         *         *         *         *         *     0.000         *         *         *         *         *     0.000     0.000     0.000    12.623     0.000    -7.000     0.000     3.000     6.000    13.000    16.000    19.000     1.571     0.539    -0.037     0.019     2.516     2.786    -0.613     0.203
         *         *         *         *         *         *     0.000    12.000         *         *         *         *     0.000     1.000     1.000     7.288     0.000     5.000     0.000     3.000     6.000    13.000    16.000    19.000     1.920     0.536    -0.033     0.019     7.668     2.115    -0.427     0.203
         *     1.300     0.800         *         *         *    11.000    15.000     5.000         *         *         *     0.000     0.000     0.000     7.288     2.000    -6.000     0.000     3.000     6.000    13.000    16.000    19.000     1.352     0.220    -0.043     0.019    12.801     1.846    -0.693     0.194
     3.100     2.900         *         *         *         *     9.000         *         *         *         *         *     0.000     0.000     0.000     7.122     0.000     1.000     0.000     3.000     6.000    13.000    16.000    19.000     3.039     0.124    -0.041     0.019    10.504     2.773    -0.431     0.198
     2.000     2.000         *         *         *         *     9.000    12.000         *         *         *         *     0.000     0.000     1.000     7.221     0.000    -2.000     0.000     3.000     6.000    13.000    16.000    19.000     2.007     0.123    -0.034     0.019    11.525     2.113    -0.498     0.197
     2.900     2.750     2.810         *         *         *    18.000    16.000    16.000         *         *         *     0.000     0.000     0.000     8.436     3.000     1.000     0.000     3.000     6.000    13.000    16.000    19.000     2.886     0.117    -0.039     0.018    18.545     1.845    -0.544     0.193
     2.100         *         *         *         *         *    23.000         *         *         *         *         *     0.000     0.000     0.000     6.127     3.000     1.000     0.000     3.000     6.000    13.000    16.000    19.000     2.121     0.134    -0.041     0.019    22.296     2.773    -0.627     0.198
     3.200         *         *         *         *         *    23.000         *         *         *         *         *     0.000     0.000     0.000     6.922     3.000     5.000     0.000     3.000     6.000    13.000    16.000    19.000     3.160     0.134    -0.043     0.019    22.794     2.773    -0.531     0.198
     2.900         *         *         *         *         *    17.000         *         *         *         *         *     1.000     0.000     0.000     6.859     3.000     5.000     0.000     3.000     6.000    13.000    16.000    19.000     2.851     0.134    -0.028     0.019    17.275     2.773    -0.321     0.198
     1.600     2.000     1.650         *         *         *    19.000    19.000    15.000         *         *         *     0.000     0.000     0.000     5.583     0.000    -5.000     0.000     3.000     6.000    13.000    16.000    19.000     1.727     0.117    -0.034     0.018    18.800     1.845    -0.605     0.193
     1.900     2.000     1.650         *         *         *    20.000    12.000     4.000         *         *         *     0.000     0.000     1.000     5.581     0.000     2.000     0.000     3.000     6.000    13.000    16.000    19.000     1.926     0.117    -0.036     0.018    13.943     1.845    -0.654     0.193
     2.100     1.770     1.300         *         *         *    23.000    17.000    20.000         *         *         *     0.000     1.000     0.000     7.339     1.000     8.000     0.000     3.000     6.000    13.000    16.000    19.000     2.032     0.117    -0.053     0.018    21.317     1.845    -0.624     0.193
         *     1.590         *         *         *         *    10.000    11.000         *         *         *         *     1.000     1.000     1.000     7.339     0.000     2.000     0.000     3.000     6.000    13.000    16.000    19.000     1.615     0.276    -0.021     0.019    10.849     2.114    -0.367     0.198
     3.100     2.900     2.900         *         *         *     0.000     6.000     3.000         *         *         *     0.000     0.000     0.000     5.217     0.000     6.000     0.000     3.000     6.000    13.000    16.000    19.000     3.054     0.117    -0.036     0.018     5.095     1.845    -0.308     0.193
         *     2.500     2.100         *         *         *         *    20.000    22.000         *         *         *     0.000     0.000     0.000     8.511     0.000     6.000     0.000     3.000     6.000    13.000    16.000    19.000     2.507     0.220    -0.044     0.019    22.051     2.263    -0.532     0.200
         *     2.350         *         *         *         *         *    13.000         *         *         *         *     0.000     0.000     1.000     8.511     0.000     8.000     0.000     3.000     6.000    13.000    16.000    19.000     2.378     0.276    -0.035     0.019    14.331     2.823    -0.496     0.202
     2.400     2.600     2.460     1.550     1.310         *    23.000    23.000    22.000    17.000    16.000         *     0.000     1.000     0.000     4.945     1.000    -1.000     0.000     3.000     6.000    13.000    16.000    19.000     2.447     0.115    -0.056     0.013    23.864     1.786    -0.539     0.152
     2.300     2.180     2.140         *         *         *    26.000    25.000    16.000         *         *         *     0.000     1.000     0.000     5.045     2.000    -1.000     0.000     3.000     6.000    13.000    16.000    19.000     2.314     0.117    -0.043     0.018    23.898     1.845    -0.686     0.193
     2.100     2.350     2.570         *         *         *    15.000    16.000    16.000         *         *         *     1.000     1.000     1.000     3.739     1.000     2.000     0.000     3.000     6.000    13.000    16.000    19.000     2.192     0.117    -0.011     0.018    16.164     1.845    -0.265     0.193
     2.000         *         *         *         *         *     3.000         *         *         *         *         *     0.000     1.000     0.000     5.531     0.000    -4.000     0.000     3.000     6.000    13.000    16.000    19.000     1.992     0.134    -0.038     0.019     5.636     2.773    -0.500     0.198
         *         *         *         *         *         *    10.000         *         *         *         *         *     0.000     1.000     1.000     5.531     0.000    -3.000     0.000     3.000     6.000    13.000    16.000    19.000     1.742     0.539    -0.036     0.019    10.878     2.786    -0.543     0.203
     2.400         *         *         *         *         *    30.000         *         *         *         *         *     0.000     1.000     0.000     2.030     2.000     9.000     0.000     3.000     6.000    13.000    16.000    19.000     2.427     0.134    -0.044     0.019    27.674     2.773    -0.575     0.198
     3.600     3.700     3.520         *         *         *    27.000    21.000    19.000         *         *         *     0.000     0.000     0.000     2.930     1.000     6.000     0.000     3.000     6.000    13.000    16.000    19.000     3.608     0.117    -0.040     0.018    23.306     1.845    -0.457     0.193
     3.400     3.150     3.060         *         *         *    18.000    17.000    17.000         *         *         *     0.000     1.000     0.000     2.930     0.000     8.000     0.000     3.000     6.000    13.000    16.000    19.000     3.339     0.117    -0.045     0.018    18.428     1.845    -0.392     0.193
         *     1.700         *         *         *         *    16.000     9.000         *         *         *         *     0.000     1.000     0.000     2.982     1.000    -2.000     0.000     3.000     6.000    13.000    16.000    19.000     1.911     0.276    -0.041     0.019    13.802     2.114    -0.579     0.198
     2.100     2.120     2.140     1.810         *         *    16.000    16.000    10.000     7.000         *         *     0.000     1.000     0.000     3.127     0.000    -6.000     0.000     3.000     6.000    13.000    16.000    19.000     2.156     0.115    -0.033     0.015    15.454     1.793    -0.592     0.171
         *     2.620     2.870     2.170         *         *    15.000    12.000    10.000         *         *         *     0.000     0.000     0.000     3.127     0.000     2.000     0.000     3.000     6.000    13.000    16.000    19.000     2.798     0.208    -0.040     0.017    13.885     1.845    -0.451     0.193
     3.000     2.870     2.540         *         *         *    14.000    17.000     0.000         *         *         *     0.000     0.000     0.000     3.597     1.000     1.000     0.000     3.000     6.000    13.000    16.000    19.000     2.940     0.117    -0.044     0.018    12.685     1.845    -0.559     0.193
     2.600         *     2.250         *         *         *     9.000         *     0.000         *         *         *     0.000     1.000     0.000     2.597     0.000    -4.000     0.000     3.000     6.000    13.000    16.000    19.000     2.551     0.124    -0.042     0.018     7.442     2.181    -0.520     0.194
         *         *         *         *         *         *    19.000         *         *         *         *         *     0.000     1.000     0.000     1.161     0.000    -2.000     0.000     3.000     6.000    13.000    16.000    19.000     2.333     0.539    -0.042     0.019    18.221     2.786    -0.512     0.203
     2.700     2.700         *         *         *         *    37.000    28.000         *         *         *         *     0.000     1.000     0.000     1.919     0.000    10.000     0.000     3.000     6.000    13.000    16.000    19.000     2.733     0.123    -0.046     0.019    31.045     2.113    -0.581     0.197
     2.800     2.750     3.020     2.210     2.090         *    29.000    30.000    28.000    26.000    21.000    15.000     0.000     0.000     0.000     2.048     0.000     7.000     0.000     3.000     6.000    13.000    16.000    19.000     2.859     0.115    -0.044     0.013    29.315     1.785    -0.541     0.136
     2.200     2.320     1.940         *         *         *    14.000    12.000     9.000         *         *         *     0.000     1.000     0.000     2.303     0.000     1.000     0.000     3.000     6.000    13.000    16.000    19.000     2.232     0.117    -0.039     0.018    13.407     1.845    -0.510     0.193
         *         *         *         *         *         *     9.000         *         *         *         *         *     1.000     0.000     0.000     2.303     0.000    -2.000     0.000     3.000     6.000    13.000    16.000    19.000     1.885     0.539    -0.023     0.019     9.400     2.786    -0.278     0.203
     2.300     2.500         *         *         *         *    16.000    15.000         *         *         *         *     0.000     0.000     0.000     1.484     0.000    11.000     0.000     3.000     6.000    13.000    16.000    19.000     2.373     0.123    -0.035     0.019    16.038     2.113    -0.412     0.197
     2.200     2.300     2.100     1.320     1.520     1.690    15.000    13.000    15.000     9.000     6.000     9.000     0.000     0.000     0.000     1.481     0.000     9.000     0.000     3.000     6.000    13.000    16.000    19.000     2.241     0.115    -0.041     0.011    15.272     1.785    -0.431     0.136
     3.000         *         *         *         *         *    16.000         *         *         *         *         *     0.000     1.000     0.000    -0.223     3.000    13.000     0.000     3.000     6.000    13.000    16.000    19.000     2.992     0.134    -0.039     0.019    18.098     2.773    -0.378     0.198
     2.600         *         *         *         *         *     8.000         *         *         *         *         *     0.000     1.000     0.000    -0.072     3.000    14.000     0.000     3.000     6.000    13.000    16.000    19.000     2.611     0.134    -0.036     0.019    11.856     2.773    -0.351     0.198
     2.000         *         *         *         *         *    18.000         *         *         *         *         *     0.000     0.000     0.000     0.141     0.000     1.000     0.000     3.000     6.000    13.000    16.000    19.000     2.034     0.134    -0.039     0.019    17.283     2.773    -0.478     0.198
         *     1.800     1.700         *         *         *     7.000    11.000    12.000         *         *         *     0.000     0.000     1.000     0.135     0.000    -2.000     0.000     3.000     6.000    13.000    16.000    19.000     1.932     0.220    -0.033     0.019    11.422     1.846    -0.344     0.194
     1.700         *         *         *         *         *     3.000         *         *         *         *         *     0.000     1.000     1.000     1.836     0.000    -6.000     0.000     3.000     6.000    13.000    16.000    19.000     1.699     0.134    -0.033     0.019     5.800     2.773    -0.448     0.198
     2.100         *         *         *         *         *    18.000    18.000         *         *         *         *     0.000     1.000     1.000     1.836     0.000    -7.000     0.000     3.000     6.000    13.000    16.000    19.000     2.087     0.134    -0.039     0.019    18.302     2.113    -0.522     0.198
     2.100     2.300     2.570         *         *         *     6.000     6.000     6.000         *         *         *     0.000     1.000     0.000     1.156     0.000     1.000     0.000     3.000     6.000    13.000    16.000    19.000     2.224     0.117    -0.025     0.018     7.938     1.845    -0.391     0.193
     2.900     2.920     2.860     2.530     2.870     2.450     7.000     6.000    12.000    12.000     3.000     9.000     0.000     1.000     0.000     1.156     0.000     1.000     0.000     3.000     6.000    13.000    16.000    19.000     2.926     0.115    -0.023     0.011    10.276     1.785    -0.192     0.136
     2.500     2.400     2.410     1.590     1.460     1.400    31.000    26.000    25.000    20.000    16.000     0.000     0.000     1.000     0.000     0.575     3.000     6.000     0.000     3.000     6.000    13.000    16.000    19.000     2.509     0.115    -0.058     0.011    28.578     1.785    -0.951     0.136
     2.600     2.550     2.230     1.600     1.240     1.410    22.000    18.000    20.000    15.000    12.000     0.000     0.000     1.000     0.000     0.575     2.000     2.000     0.000     3.000     6.000    13.000    16.000    19.000     2.561     0.115    -0.063     0.011    21.663     1.785    -0.745     0.136
     1.200     0.850     1.020         *         *         *     6.000         *     6.000         *         *         *     0.000     1.000     0.000    -0.200     0.000     1.000     0.000     3.000     6.000    13.000    16.000    19.000     1.224     0.117    -0.037     0.018     8.355     2.181    -0.478     0.194
     1.500     1.300     1.810         *         *         *     9.000     7.000     6.000         *         *         *     0.000     0.000     0.000    -0.200     0.000     1.000     0.000     3.000     6.000    13.000    16.000    19.000     1.589     0.117    -0.028     0.018     9.189     1.845    -0.448     0.193
     3.000     2.650         *         *         *         *    27.000    22.000         *         *         *         *     0.000     0.000     1.000     0.964     0.000     7.000     0.000     3.000     6.000    13.000    16.000    19.000     2.943     0.123    -0.041     0.019    24.046     2.113    -0.431     0.197
     3.000     3.150         *         *         *         *    17.000    19.000         *         *         *         *     0.000     0.000     0.000     0.997     0.000     8.000     0.000     3.000     6.000    13.000    16.000    19.000     3.028     0.123    -0.038     0.019    18.328     2.113    -0.357     0.197
     2.500     2.150     1.750         *         *         *     9.000    12.000    10.000     6.000         *         *     0.000     0.000     1.000    -1.358     0.000     0.000     0.000     3.000     6.000    13.000    16.000    19.000     2.392     0.117    -0.044     0.018    11.737     1.795    -0.372     0.172
         *     1.850     1.550         *         *         *    21.000    19.000    20.000         *         *         *     0.000     1.000     0.000    -1.358     0.000    -4.000     0.000     3.000     6.000    13.000    16.000    19.000     1.982     0.220    -0.045     0.019    20.945     1.846    -0.500     0.194
     3.100         *         *         *         *         *    16.000         *         *         *         *         *     0.000     1.000     0.000    -0.183     2.000     2.000     0.000     3.000     6.000    13.000    16.000    19.000     3.063     0.134    -0.042     0.019    17.516     2.773    -0.404     0.198
     2.800     2.800         *         *         *         *    13.000    13.000         *         *         *         *     0.000     0.000     1.000    -0.183     1.000     8.000     0.000     3.000     6.000    13.000    16.000    19.000     2.797     0.123    -0.033     0.019    14.296     2.113    -0.321     0.197
         *     0.570     2.300     0.440         *         *    15.000     9.000     6.000    10.000         *         *     0.000     0.000     0.000    -0.339     0.000    -6.000     0.000     3.000     6.000    13.000    16.000    19.000     1.529     0.208    -0.046     0.017    12.585     1.794    -0.457     0.171
         *     1.300     0.860         *         *         *    12.000    15.000    10.000         *         *         *     0.000     0.000     0.000    -0.339     0.000    -3.000     0.000     3.000     6.000    13.000    16.000    19.000     1.439     0.220    -0.044     0.019    13.905     1.846    -0.508     0.194
         *     1.500     1.510         *         *         *         *    17.000    17.000         *         *         *     0.000     1.000     0.000    -0.460     0.000     1.000     0.000     3.000     6.000    13.000    16.000    19.000     1.819     0.220    -0.043     0.019    18.731     2.263    -0.504     0.200
     1.500         *         *         *         *         *         *         *         *         *         *         *     0.000     1.000     0.000    -0.447     1.000    -2.000     0.000     3.000     6.000    13.000    16.000    19.000     1.554     0.134    -0.039     0.019    16.847     5.617    -0.549     0.203
     1.000     1.000     0.900         *         *         *    13.000    17.000    10.000         *         *         *     1.000     0.000     1.000    -1.575     0.000    11.000     0.000     3.000     6.000    13.000    16.000    19.000     1.065     0.117    -0.018     0.018    13.836     1.845    -0.266     0.193
         *         *     2.810     1.170     1.900     1.680    27.000    22.000    20.000    16.000    18.000    15.000     0.000     0.000     0.000    -0.167     0.000    -2.000     0.000     3.000     6.000    13.000    16.000    19.000     2.613     0.249    -0.053     0.016    23.800     1.786    -0.478     0.136
     2.900     3.200     3.580     3.230     2.930         *    16.000    12.000    21.000     6.000     4.000         *     0.000     0.000     0.000    -1.277     2.000    16.000     0.000     3.000     6.000    13.000    16.000    19.000     3.081     0.115    -0.011     0.013    16.183     1.786    -0.518     0.152
     2.300         *     2.700         *         *         *     3.000         *     0.000         *         *         *     0.000     1.000     0.000    -0.011     0.000    -2.000     0.000     3.000     6.000    13.000    16.000    19.000     2.373     0.124    -0.026     0.018     4.499     2.181    -0.389     0.194
     1.900     1.600     1.700         *         *         *    17.000     9.000         *         *         *         *     0.000     1.000     1.000    -0.783     0.000    -4.000     0.000     3.000     6.000    13.000    16.000    19.000     1.881     0.117    -0.037     0.018    13.999     2.113    -0.503     0.197
     3.400     3.030     3.060     2.380         *         *    19.000    19.000    18.000     7.000         *         *     0.000     1.000     0.000    -0.247     0.000    -5.000     0.000     3.000     6.000    13.000    16.000    19.000     3.292     0.115    -0.055     0.015    18.973     1.793    -0.577     0.171
     3.000     3.100     3.090     2.600     2.650     1.940    19.000    19.000    18.000    22.000    21.000    15.000     0.000     1.000     0.000    -1.146     1.000     4.000     0.000     3.000     6.000    13.000    16.000    19.000     3.057     0.115    -0.040     0.011    20.811     1.785    -0.201     0.136
     2.800         *         *         *         *         *    21.000         *         *         *         *         *     0.000     1.000     0.000    -0.895     2.000     8.000     0.000     3.000     6.000    13.000    16.000    19.000     2.799     0.134    -0.041     0.019    21.255     2.773    -0.432     0.198
     1.300         *     1.390         *         *         *    18.000    16.000    17.000         *         *         *     0.000     1.000     0.000    -0.881     1.000     2.000     0.000     3.000     6.000    13.000    16.000    19.000     1.410     0.124    -0.034     0.018    18.354     1.845    -0.518     0.194
         *     2.900     2.900     2.260         *         *    16.000    13.000    12.000    15.000         *         *     0.000     0.000     0.000    -2.070     0.000     5.000     0.000     3.000     6.000    13.000    16.000    19.000     2.972     0.208    -0.042     0.017    15.510     1.794    -0.251     0.171
     3.100     3.050     2.600     2.470     2.760         *     9.000     9.000     9.000         *     6.000         *     0.000     1.000     0.000    -2.070     0.000    -3.000     0.000     3.000     6.000    13.000    16.000    19.000     3.049     0.115    -0.035     0.013    10.753     1.816    -0.309     0.159
         *     2.650     2.000     2.140         *         *    19.000    22.000    16.000    17.000    16.000         *     0.000     0.000     0.000    -0.262     1.000     7.000     0.000     3.000     6.000    13.000    16.000    19.000     2.596     0.208    -0.041     0.017    20.483     1.788    -0.344     0.153
     2.600     2.450     2.330     1.610         *         *    21.000    20.000    20.000    15.000         *         *     0.000     1.000     0.000    -0.914     0.000     1.000     0.000     3.000     6.000    13.000    16.000    19.000     2.573     0.115    -0.054     0.015    21.228     1.793    -0.461     0.171
     2.600     2.800     2.650         *         *         *    13.000    17.000    16.000         *         *         *     0.000     1.000     0.000    -1.359     2.000     5.000     0.000     3.000     6.000    13.000    16.000    19.000     2.674     0.117    -0.033     0.018    16.893     1.845    -0.353     0.193
     2.900     2.850     2.670     2.250         *         *    14.000    14.000    15.000    19.000         *         *     0.000     0.000     0.000    -0.556     0.000     3.000     0.000     3.000     6.000    13.000    16.000    19.000     2.892     0.115    -0.041     0.015    16.348     1.793    -0.161     0.171
     2.300         *     1.760         *         *         *    15.000    12.000    12.000         *         *         *     0.000     0.000     0.000    -0.822     0.000     0.000     0.000     3.000     6.000    13.000    16.000    19.000     2.268     0.124    -0.044     0.018    14.462     1.845    -0.434     0.194
         *         *         *         *         *         *    17.000         *         *         *         *         *     0.000     1.000     0.000    -0.822     0.000     1.000     0.000     3.000     6.000    13.000    16.000    19.000     2.475     0.539    -0.041     0.019    16.941     2.786    -0.442     0.203
     1.900         *         *         *         *         *    30.000         *         *         *         *         *     0.000     1.000     0.000    -1.150     3.000    -2.000     0.000     3.000     6.000    13.000    16.000    19.000     1.944     0.134    -0.043     0.019    28.106     2.773    -0.617     0.198
     3.800         *         *         *         *         *    23.000         *         *         *         *         *     0.000     0.000     0.000    -1.536     0.000    16.000     0.000     3.000     6.000    13.000    16.000    19.000     3.761     0.134    -0.042     0.019    22.161     2.773    -0.277     0.198
     2.400     2.080     2.410     1.950     2.050     1.850    10.000    13.000         *     9.000    10.000     9.000     0.000     1.000     0.000    -1.538     0.000     0.000     0.000     3.000     6.000    13.000    16.000    19.000     2.409     0.115    -0.030     0.011    13.120     1.940    -0.268     0.137
     1.300         *         *         *         *         *     3.000         *         *         *         *         *     0.000     0.000     1.000    -2.167     0.000     6.000     0.000     3.000     6.000    13.000    16.000    19.000     1.363     0.134    -0.027     0.019     5.872     2.773    -0.344     0.198
     2.500     2.820     2.860     2.310     2.260         *    18.000    13.000    25.000    20.000    16.000    20.000     0.000     0.000     1.000    -2.167     0.000    -2.000     0.000     3.000     6.000    13.000    16.000    19.000     2.615     0.115    -0.022     0.013    19.464     1.785    -0.110     0.136
     1.700     1.570     1.520         *         *         *    14.000    12.000    12.000         *         *         *     0.000     1.000     0.000    -2.481     0.000    -8.000     0.000     3.000     6.000    13.000    16.000    19.000     1.728     0.117    -0.039     0.018    14.244     1.845    -0.486     0.193
     1.900     2.020     2.150     1.900     1.510         *    28.000    27.000    24.000    14.000    17.000         *     0.000     1.000     1.000    -2.505     0.000    12.000     0.000     3.000     6.000    13.000    16.000    19.000     2.034     0.115    -0.027     0.013    25.870     1.786    -0.580     0.152
     2.400         *     2.570     1.680         *         *    18.000         *    14.000         *         *         *     0.000     1.000     0.000    -2.505     0.000     9.000     0.000     3.000     6.000    13.000    16.000    19.000     2.451     0.121    -0.042     0.015    17.267     2.179    -0.412     0.193
     3.000     3.000     3.090     2.490     2.870     2.180    33.000    31.000    35.000    32.000    31.000    20.000     0.000     0.000     0.000    -3.381     1.000     5.000     0.000     3.000     6.000    13.000    16.000    19.000     3.070     0.115    -0.036     0.011    33.297     1.785    -0.386     0.136
         *         *     2.190         *         *         *    15.000    15.000     9.000         *         *         *     0.000     0.000     0.000    -1.962     0.000     3.000     0.000     3.000     6.000    13.000    16.000    19.000     2.474     0.287    -0.040     0.019    14.510     1.846    -0.418     0.194
     2.700         *     2.600         *         *         *    15.000         *    18.000         *         *         *     0.000     0.000     0.000    -1.464     0.000    -1.000     0.000     3.000     6.000    13.000    16.000    19.000     2.712     0.124    -0.037     0.018    17.375     2.181    -0.330     0.194
     1.700     1.580         *         *         *         *    15.000    13.000         *         *         *         *     0.000     1.000     1.000    -2.745     0.000     1.000     0.000     3.000     6.000    13.000    16.000    19.000     1.726     0.123    -0.035     0.019    14.850     2.113    -0.439     0.197
     0.900         *         *         *         *         *    23.000    16.000    16.000         *         *         *     0.000     1.000     0.000    -2.745     0.000     7.000     0.000     3.000     6.000    13.000    16.000    19.000     1.016     0.134    -0.037     0.019    19.502     1.846    -0.574     0.194
     1.700     2.000     1.250     1.350         *         *     9.000     9.000         *     9.000         *         *     0.000     0.000     0.000    -4.216     0.000    -5.000     0.000     3.000     6.000    13.000    16.000    19.000     1.762     0.115    -0.035     0.015    11.062     1.968    -0.308     0.171
     2.500     2.650     2.490         *         *         *    13.000    18.000     9.000         *         *         *     0.000     0.000     1.000    -4.213     0.000    -7.000     0.000     3.000     6.000    13.000    16.000    19.000     2.537     0.117    -0.030     0.018    14.714     1.845    -0.359     0.193
     2.400     2.500     2.650         *         *         *    20.000    17.000    20.000         *     7.000         *     0.000     1.000     0.000    -4.467     0.000     1.000     0.000     3.000     6.000    13.000    16.000    19.000     2.492     0.117    -0.034     0.018    19.304     1.820    -0.538     0.160
     2.400     1.900     2.100         *     2.080     1.440    28.000         *    20.000    17.000     0.000         *     0.000     1.000     0.000    -3.750     0.000    -4.000     0.000     3.000     6.000    13.000    16.000    19.000     2.366     0.116    -0.041     0.012    23.152     2.037    -0.825     0.157
         *     2.050     1.520         *         *         *    21.000    16.000    16.000         *         *         *     0.000     1.000     0.000    -2.839     0.000     0.000     0.000     3.000     6.000    13.000    16.000    19.000     2.073     0.220    -0.046     0.019    18.894     1.846    -0.492     0.194
     3.000     3.000     2.760         *         *         *    13.000     7.000    13.000         *         *         *     0.000     1.000     0.000    -2.842     0.000     9.000     0.000     3.000     6.000    13.000    16.000    19.000     3.001     0.117    -0.038     0.018    12.475     1.845    -0.284     0.193
     3.000         *         *         *     2.680     2.120    23.000    16.000         *         *    14.000    16.000     1.000     1.000     0.000    -4.333     2.000     8.000     0.000     3.000     6.000    13.000    16.000    19.000     2.966     0.127    -0.032     0.012    19.543     1.994    -0.237     0.139
         *     2.800     2.800         *         *         *    13.000    16.000    17.000         *         *         *     0.000     0.000     0.000    -5.003     1.000    10.000     0.000     3.000     6.000    13.000    16.000    19.000     2.975     0.220    -0.037     0.019    16.462     1.846    -0.218     0.194
         *     2.650     2.700     2.380         *         *         *    13.000    15.000     6.000         *         *     0.000     1.000     0.000     0.800     1.000    -5.000     0.000     3.000     6.000    13.000    16.000    19.000     2.768     0.208    -0.036     0.017    15.623     2.169    -0.533     0.183
         *         *         *         *     2.190     2.030    24.000         *         *         *    15.000    12.000     0.000     0.000     0.000    -4.027     0.000    -4.000     0.000     3.000     6.000    13.000    16.000    19.000     2.761     0.331    -0.039     0.017    21.930     2.402    -0.460     0.147
     3.000     2.800     2.830         *     2.630     2.810    23.000    23.000    20.000    22.000    21.000     6.000     0.000     1.000     0.000    -3.777     0.000     0.000     0.000     3.000     6.000    13.000    16.000    19.000     3.003     0.116    -0.025     0.012    23.311     1.785    -0.461     0.136
     2.000     1.950     2.830         *         *         *    24.000    20.000    18.000         *         *         *     0.000     1.000     0.000    -3.844     3.000     7.000     0.000     3.000     6.000    13.000    16.000    19.000     2.169     0.117    -0.023     0.018    22.191     1.845    -0.477     0.193
     2.200     2.200     2.110     1.790         *         *    21.000    14.000    16.000    17.000         *         *     0.000     1.000     1.000    -4.372     1.000    11.000     0.000     3.000     6.000    13.000    16.000    19.000     2.248     0.115    -0.033     0.015    18.736     1.793    -0.308     0.171
     3.200         *         *         *         *         *    24.000         *         *         *         *         *     0.000     1.000     0.000    -5.220     2.000     8.000     0.000     3.000     6.000    13.000    16.000    19.000     3.187     0.134    -0.042     0.019    24.020     2.773    -0.350     0.198
     2.500     2.370         *         *         *         *    21.000    13.000         *         *         *         *     0.000     0.000     0.000    -3.258     0.000   -10.000     0.000     3.000     6.000    13.000    16.000    19.000     2.489     0.123    -0.041     0.019    17.517     2.113    -0.459     0.197
     2.200         *         *         *         *         *    25.000         *         *         *         *         *     0.000     1.000     0.000    -3.872     0.000     0.000     0.000     3.000     6.000    13.000    16.000    19.000     2.229     0.134    -0.042     0.019    23.068     2.773    -0.479     0.198
     2.700     2.650     2.850         *         *         *    26.000    22.000    19.000         *         *         *     0.000     0.000     0.000    -5.556     3.000     0.000     0.000     3.000     6.000    13.000    16.000    19.000     2.759     0.117    -0.034     0.018    23.728     1.845    -0.437     0.193
     2.300     2.550     2.000         *         *         *    27.000    23.000    26.000         *         *         *     0.000     0.000     0.000    -5.556     0.000     5.000     0.000     3.000     6.000    13.000    16.000    19.000     2.376     0.117    -0.040     0.018    25.556     1.845    -0.371     0.193
     3.400     2.600     2.650     2.390     1.560         *    27.000    24.000    27.000    19.000    17.000         *     0.000     1.000     1.000    -5.892     0.000     4.000     0.000     3.000     6.000    13.000    16.000    19.000     3.199     0.115    -0.072     0.013    26.028     1.786    -0.459     0.152
     2.800         *         *         *         *         *    16.000         *         *         *         *         *     0.000     0.000     0.000    -5.908     0.000    -1.000     0.000     3.000     6.000    13.000    16.000    19.000     2.793     0.134    -0.039     0.019    16.561     2.773    -0.306     0.198
     2.300     2.470     2.230     1.900         *         *    24.000    21.000    16.000    16.000         *         *     0.000     1.000     0.000    -4.172     1.000     2.000     0.000     3.000     6.000    13.000    16.000    19.000     2.376     0.115    -0.037     0.015    21.669     1.793    -0.471     0.171
     1.900     2.250     2.270         *         *         *    18.000    13.000    17.000         *         *         *     0.000     1.000     0.000    -4.172     0.000     1.000     0.000     3.000     6.000    13.000    16.000    19.000     2.060     0.117    -0.027     0.018    17.067     1.845    -0.391     0.193
     3.700     3.250         *     3.170     2.650         *    22.000    22.000         *    18.000    12.000         *     0.000     1.000     0.000    -3.470     2.000     7.000     0.000     3.000     6.000    13.000    16.000    19.000     3.608     0.119    -0.049     0.013    22.310     1.942    -0.445     0.153
     3.800     3.350     3.200     3.250     3.130     2.950    20.000    23.000    13.000    14.000    19.000    16.000     0.000     0.000     0.000    -6.056     2.000     1.000     0.000     3.000     6.000    13.000    16.000    19.000     3.686     0.115    -0.040     0.011    20.134     1.785    -0.253     0.136
     2.700         *         *         *         *         *    26.000         *         *         *         *         *     0.000     1.000     0.000    -4.866     0.000     0.000     0.000     3.000     6.000    13.000    16.000    19.000     2.701     0.134    -0.043     0.019    24.132     2.773    -0.428     0.198
     2.100         *         *         *         *         *    17.000         *         *         *         *         *     0.000     0.000     0.000    -4.866     0.000     0.000     0.000     3.000     6.000    13.000    16.000    19.000     2.137     0.134    -0.038     0.019    16.920     2.773    -0.386     0.198
     2.400     2.060     1.890         *         *         *     9.000         *     9.000         *         *         *     0.000     1.000     0.000    -4.430     0.000     1.000     0.000     3.000     6.000    13.000    16.000    19.000     2.344     0.117    -0.044     0.018    11.113     2.181    -0.346     0.194
     3.300     3.330     2.650         *         *         *    30.000    22.000    23.000         *         *         *     0.000     1.000     0.000    -3.928     3.000     3.000     0.000     3.000     6.000    13.000    16.000    19.000     3.254     0.117    -0.049     0.018    26.347     1.845    -0.465     0.193
     2.900     3.100     2.820         *         *         *    26.000    20.000    20.000         *         *         *     0.000     0.000     0.000    -4.833     0.000    -9.000     0.000     3.000     6.000    13.000    16.000    19.000     2.943     0.117    -0.038     0.018    22.708     1.845    -0.415     0.193
         *         *     2.730     1.890     1.270     1.590    18.000    13.000    19.000    16.000    15.000    15.000     0.000     1.000     0.000    -4.833     0.000    -7.000     0.000     3.000     6.000    13.000    16.000    19.000     2.607     0.249    -0.055     0.016    18.220     1.786    -0.240     0.136
     2.800     2.550         *         *         *         *    21.000    16.000         *         *         *         *     0.000     1.000     0.000    -4.736     0.000    -3.000     0.000     3.000     6.000    13.000    16.000    19.000     2.767     0.123    -0.043     0.019    18.998     2.113    -0.407     0.197
     2.800     2.550     2.740         *         *         *    20.000    17.000    18.000         *         *         *     0.000     1.000     0.000    -4.736     0.000    -4.000     0.000     3.000     6.000    13.000    16.000    19.000     2.793     0.117    -0.040     0.018    19.340     1.845    -0.378     0.193
     2.300     2.450     2.600         *         *         *    33.000    28.000    28.000         *         *         *     0.000     1.000     1.000    -5.777     1.000     2.000     0.000     3.000     6.000    13.000    16.000    19.000     2.412     0.117    -0.030     0.018    29.925     1.845    -0.441     0.193
     3.000     2.800     2.430     1.290         *         *    26.000    16.000     9.000         *         *         *     0.000     1.000     0.000    -5.683     0.000     6.000     0.000     3.000     6.000    13.000    16.000    19.000     2.891     0.115    -0.074     0.015    18.770     1.844    -0.534     0.193
     3.200     3.100     3.150     2.870     2.680     1.870    17.000    21.000    13.000    16.000    15.000    13.000     0.000     1.000     0.000    -4.358     0.000     6.000     0.000     3.000     6.000    13.000    16.000    19.000     3.215     0.115    -0.046     0.011    18.493     1.785    -0.275     0.136
     3.500     3.400     3.450     3.230     3.230         *    24.000    23.000    23.000    16.000    13.000         *     0.000     1.000     0.000    -6.656     0.000     7.000     0.000     3.000     6.000    13.000    16.000    19.000     3.519     0.115    -0.029     0.013    23.049     1.786    -0.440     0.152
     2.500         *         *         *         *         *    26.000         *         *         *         *         *     0.000     1.000     0.000    -5.473     3.000    10.000     0.000     3.000     6.000    13.000    16.000    19.000     2.537     0.134    -0.040     0.019    25.771     2.773    -0.421     0.198
         *     2.400     2.440         *         *         *    19.000    13.000    13.000         *         *         *     0.000     1.000     0.000    -5.761     0.000     2.000     0.000     3.000     6.000    13.000    16.000    19.000     2.604     0.220    -0.040     0.019    16.378     1.846    -0.388     0.194
     1.800     1.880     1.730         *         *         *     6.000     4.000    12.000         *         *         *     0.000     1.000     0.000    -5.761     0.000    12.000     0.000     3.000     6.000    13.000    16.000    19.000     1.888     0.117    -0.031     0.018     8.890     1.845    -0.235     0.193
     2.500     2.350     2.300     1.710         *         *    22.000    26.000    30.000    23.000         *         *     0.000     0.000     0.000    -6.973     2.000     8.000     0.000     3.000     6.000    13.000    16.000    19.000     2.519     0.115    -0.047     0.015    26.430     1.793    -0.267     0.171
     3.100     3.100     2.600     2.530     1.270     1.450    30.000    32.000    28.000    28.000    22.000    23.000     0.000     0.000     1.000    -7.570     3.000     2.000     0.000     3.000     6.000    13.000    16.000    19.000     3.050     0.115    -0.072     0.011    30.940     1.785    -0.415     0.136
     3.700         *     3.520     3.520         *     3.500     6.000     9.000    16.000    16.000    13.000     3.000     0.000     1.000     0.000    -4.978     0.000     4.000     0.000     3.000     6.000    13.000    16.000    19.000     3.683     0.121    -0.021     0.012    12.157     1.785    -0.130     0.136
     3.600     3.450     3.550     3.250     3.200     3.160    17.000    19.000    13.000    16.000    20.000    18.000     0.000     1.000     0.000    -4.978     0.000     2.000     0.000     3.000     6.000    13.000    16.000    19.000     3.591     0.115    -0.028     0.011    17.891     1.785    -0.073     0.136
         *     3.150     2.850     2.160     1.600         *         *     3.000     6.000         *     0.000         *     0.000     0.000     0.000    -3.816     0.000     3.000     0.000     3.000     6.000    13.000    16.000    19.000     2.940     0.207    -0.056     0.016     7.254     2.212    -0.358     0.171
         *     2.900     3.100     3.250     1.380     0.920    27.000    21.000    26.000    19.000    16.000     9.000     0.000     0.000     0.000    -6.917     1.000     3.000     0.000     3.000     6.000    13.000    16.000    19.000     3.152     0.207    -0.075     0.014    25.184     1.785    -0.587     0.136
     3.400     3.050     3.300     2.220     2.260         *    25.000    21.000    18.000    21.000    25.000    22.000     0.000     0.000     0.000    -6.917     1.000     2.000     0.000     3.000     6.000    13.000    16.000    19.000     3.333     0.115    -0.059     0.013    23.050     1.785    -0.123     0.136
     2.800     2.200     2.330     1.620     1.090     0.770    24.000    27.000    21.000    27.000    20.000    21.000     0.000     1.000     0.000    -6.092     0.000    -2.000     0.000     3.000     6.000    13.000    16.000    19.000     2.681     0.115    -0.082     0.011    25.715     1.785    -0.288     0.136
     2.100     1.500     1.400     1.140         *         *    14.000    17.000    18.000     9.000         *         *     0.000     1.000     0.000    -6.092     0.000    -3.000     0.000     3.000     6.000    13.000    16.000    19.000     1.996     0.115    -0.055     0.015    17.090     1.793    -0.452     0.171
     1.500     0.850     0.700     0.790     0.460         *    15.000    18.000    16.000     9.000     7.000         *     0.000     1.000     1.000    -6.716     0.000    -7.000     0.000     3.000     6.000    13.000    16.000    19.000     1.393     0.115    -0.052     0.013    17.183     1.786    -0.545     0.152
     1.800         *     1.650     0.990     0.950     1.110     9.000    14.000     9.000    10.000     6.000    10.000     0.000     1.000     0.000    -6.716     1.000    -2.000     0.000     3.000     6.000    13.000    16.000    19.000     1.818     0.121    -0.044     0.011    12.765     1.785    -0.291     0.136
         *     3.400     3.540         *         *         *    15.000         *         *         *         *         *     0.000     1.000     1.000    -7.611     1.000     2.000     0.000     3.000     6.000    13.000    16.000    19.000     3.441     0.220    -0.030     0.019    16.946     2.776    -0.198     0.197
     1.500     1.350     1.050     0.990         *         *    26.000    26.000    23.000    22.000         *         *     0.000     0.000     0.000    -8.361     0.000     8.000     0.000     3.000     6.000    13.000    16.000    19.000     1.553     0.115    -0.043     0.015    25.591     1.793    -0.373     0.171
     2.400     2.500     1.850         *         *         *    27.000    28.000    23.000         *         *         *     0.000     0.000     0.000    -8.138     1.000    -6.000     0.000     3.000     6.000    13.000    16.000    19.000     2.413     0.117    -0.045     0.018    26.622     1.845    -0.426     0.193
     2.000     2.300         *         *         *         *    23.000    27.000         *         *         *         *     0.000     0.000     1.000    -7.810     0.000    -3.000     0.000     3.000     6.000    13.000    16.000    19.000     2.092     0.123    -0.032     0.019    24.429     2.113    -0.350     0.197
     1.800     2.300     2.330     2.080         *         *    29.000    27.000    24.000    15.000         *         *     0.000     0.000     0.000    -7.325     1.000     2.000     0.000     3.000     6.000    13.000    16.000    19.000     2.040     0.115    -0.017     0.015    26.281     1.793    -0.559     0.171
     2.900     3.050     2.700     1.770     2.190     1.620    15.000    15.000         *     9.000     9.000     0.000     0.000     1.000     0.000    -8.939     0.000     0.000     0.000     3.000     6.000    13.000    16.000    19.000     2.895     0.115    -0.057     0.011    15.353     1.940    -0.521     0.137
     3.000         *     2.900     2.500     1.550         *    16.000    13.000    11.000    10.000    10.000         *     0.000     1.000     0.000    -8.908     0.000     2.000     0.000     3.000     6.000    13.000    16.000    19.000     2.976     0.121    -0.055     0.013    14.835     1.786    -0.323     0.152
     2.000     1.400     1.590     0.590     0.750         *    24.000    27.000    26.000    27.000    27.000    23.000     0.000     1.000     0.000    -7.710     2.000    18.000     0.000     3.000     6.000    13.000    16.000    19.000     1.946     0.115    -0.068     0.013    27.321     1.785    -0.202     0.136
     2.600     2.500     2.550     2.460         *     1.960    20.000    22.000    19.000    18.000    15.000     6.000     0.000     1.000     0.000    -7.209     0.000    -9.000     0.000     3.000     6.000    13.000    16.000    19.000     2.636     0.115    -0.033     0.012    21.358     1.785    -0.505     0.136
     2.000     1.880     1.990     1.610         *         *         *         *         *         *         *         *     0.000     0.000     0.000    -6.906     0.000     2.000     0.000     3.000     6.000    13.000    16.000    19.000     2.061     0.115    -0.035     0.015    17.089     5.609    -0.350     0.202
     2.200     2.180     2.410     1.760     1.710     1.320         *    26.000    31.000    25.000    22.000    13.000     0.000     0.000     0.000    -6.906     0.000    -4.000     0.000     3.000     6.000    13.000    16.000    19.000     2.293     0.115    -0.042     0.011    28.648     2.153    -0.519     0.151
     3.000     2.610     2.890         *         *         *    22.000    18.000    21.000         *         *         *     0.000     1.000     0.000    -7.500     0.000    -2.000     0.000     3.000     6.000    13.000    16.000    19.000     2.969     0.117    -0.041     0.018    21.101     1.845    -0.318     0.193
     3.400     2.980     3.230     2.620     2.790     2.390    27.000    22.000    26.000    35.000    25.000    21.000     0.000     0.000     0.000    -7.563     0.000    -5.000     0.000     3.000     6.000    13.000    16.000    19.000     3.346     0.115    -0.045     0.011    26.756     1.785    -0.126     0.136
         *         *     2.870     2.630     2.560     2.600         *         *    12.000    18.000    21.000    20.000     0.000     1.000     0.000    -0.861     2.000    -4.000     0.000     3.000     6.000    13.000    16.000    19.000     3.018     0.249    -0.029     0.016    19.453     2.650    -0.127     0.168
         *         *     2.980     2.260     1.820     3.050         *         *    19.000    13.000     6.000     0.000     0.000     1.000     0.000    -0.828     3.000    -2.000     0.000     3.000     6.000    13.000    16.000    19.000     2.892     0.249    -0.031     0.016    20.427     2.650    -0.776     0.168
     4.400     4.550     4.490     4.040     4.290         *    31.000    31.000    29.000    24.000    26.000         *     0.000     0.000     0.000    -7.908     1.000    19.000     0.000     3.000     6.000    13.000    16.000    19.000     4.450     0.115    -0.026     0.013    29.688     1.786    -0.235     0.152
     3.700     3.900     4.010     3.510     3.250         *    32.000    30.000    34.000    31.000    29.000         *     0.000     0.000     0.000    -7.895     3.000    12.000     0.000     3.000     6.000    13.000    16.000    19.000     3.800     0.115    -0.030     0.013    32.281     1.786    -0.187     0.152
     1.700     1.390     1.680     1.040         *         *    11.000     8.000    11.000    11.000         *         *     1.000     1.000     1.000    -7.145     1.000    12.000     0.000     3.000     6.000    13.000    16.000    19.000     1.684     0.115    -0.028     0.015    11.184     1.793    -0.094     0.171
     2.700     3.250     3.440     3.150     2.910     2.790    16.000    10.000         *    15.000     9.000     3.000     0.000     0.000     0.000    -6.911     1.000     6.000     0.000     3.000     6.000    13.000    16.000    19.000     2.926     0.115    -0.006     0.011    14.525     1.940    -0.345     0.137
         *     3.530     3.200     1.960         *         *    22.000    15.000    22.000    10.000         *         *     0.000     1.000     0.000    -7.683     0.000     6.000     0.000     3.000     6.000    13.000    16.000    19.000     3.286     0.208    -0.060     0.017    19.753     1.794    -0.426     0.171
     3.300     3.120     3.230     2.780     2.230     2.130    35.000    31.000    30.000    27.000    27.000    30.000     0.000     1.000     0.000    -8.208     1.000    -4.000     0.000     3.000     6.000    13.000    16.000    19.000     3.294     0.115    -0.054     0.011    32.243     1.785    -0.295     0.136
     3.400         *     2.740         *         *         *    25.000    22.000    26.000         *         *         *     0.000     1.000     0.000    -7.419     1.000     0.000     0.000     3.000     6.000    13.000    16.000    19.000     3.317     0.124    -0.050     0.018    24.989     1.845    -0.305     0.194
     2.900     2.750         *         *         *         *    21.000    29.000         *         *         *         *     0.000     1.000     0.000    -9.153     0.000    -1.000     0.000     3.000     6.000    13.000    16.000    19.000     2.896     0.123    -0.042     0.019    24.712     2.113    -0.287     0.197
         *     2.350     2.500         *     1.060     1.770    29.000    23.000    19.000         *    20.000    11.000     0.000     1.000     0.000    -9.156     0.000     3.000     0.000     3.000     6.000    13.000    16.000    19.000     2.563     0.212    -0.056     0.015    24.625     1.816    -0.511     0.138
     1.200     1.100         *         *         *         *     9.000    13.000         *         *         *         *     0.000     1.000     0.000    -8.202     0.000    -2.000     0.000     3.000     6.000    13.000    16.000    19.000     1.273     0.123    -0.035     0.019    12.244     2.113    -0.378     0.197
     3.100     3.300     3.490     2.890     2.630     2.510    28.000    20.000    23.000    19.000    21.000    16.000     0.000     1.000     0.000   -10.234     0.000    11.000     0.000     3.000     6.000    13.000    16.000    19.000     3.220     0.115    -0.033     0.011    24.010     1.785    -0.316     0.136
     3.000     3.100     3.310     2.830     2.440     2.420    20.000    20.000    19.000    20.000    14.000    17.000     0.000     1.000     0.000   -10.126     0.000    10.000     0.000     3.000     6.000    13.000    16.000    19.000     3.098     0.115    -0.033     0.011    20.453     1.785    -0.222     0.136
     3.100     2.900     2.700     2.680     1.800     2.080    18.000    17.000    15.000    14.000    15.000    14.000     0.000     1.000     0.000   -11.108     0.000     4.000     0.000     3.000     6.000    13.000    16.000    19.000     3.059     0.115    -0.052     0.011    17.839     1.785    -0.227     0.136
     3.400     3.800     3.780     3.080     2.410         *    23.000    20.000    22.000    20.000    19.000    15.000     0.000     1.000     0.000   -10.317     0.000     2.000     0.000     3.000     6.000    13.000    16.000    19.000     3.500     0.115    -0.043     0.013    22.372     1.785    -0.271     0.136
         *     1.750     2.280         *         *         *    17.000    15.000    13.000         *         *         *     1.000     1.000     0.000   -10.169     0.000     4.000     0.000     3.000     6.000    13.000    16.000    19.000     2.174     0.220    -0.023     0.019    15.433     1.846    -0.141     0.194
     2.600         *     2.300     1.540     1.730         *    16.000    26.000    21.000    18.000    17.000         *     0.000     1.000     0.000   -11.281     2.000     2.000     0.000     3.000     6.000    13.000    16.000    19.000     2.576     0.121    -0.053     0.013    22.041     1.786    -0.293     0.152
     4.000     4.000     3.990         *         *         *    24.000    24.000    18.000         *         *         *     0.000     1.000     0.000   -10.214     2.000    18.000     0.000     3.000     6.000    13.000    16.000    19.000     4.016     0.117    -0.036     0.018    23.098     1.845    -0.208     0.193
     3.200     3.350     2.760         *         *         *    21.000    28.000    27.000         *         *         *     0.000     1.000     0.000   -10.214     3.000    15.000     0.000     3.000     6.000    13.000    16.000    19.000     3.224     0.117    -0.041     0.018    26.113     1.845    -0.188     0.193
     2.700         *         *         *         *         *    25.000         *         *         *         *         *     0.000     1.000     0.000   -11.850     0.000     4.000     0.000     3.000     6.000    13.000    16.000    19.000     2.725     0.134    -0.041     0.019    23.903     2.773    -0.293     0.198
         *         *         *         *         *         *    17.000         *         *         *         *         *     0.000     1.000     0.000   -11.850     0.000     1.000     0.000     3.000     6.000    13.000    16.000    19.000     2.887     0.539    -0.039     0.019    17.917     2.786    -0.230     0.203
     3.900     3.500     3.420     3.250     3.380     3.240    21.000    22.000    21.000    15.000    16.000    21.000     0.000     0.000     0.000   -10.578     2.000    12.000     0.000     3.000     6.000    13.000    16.000    19.000     3.817     0.115    -0.036     0.011    21.536     1.785    -0.202     0.136
     3.100     3.000     2.750     2.900     2.780     2.420    22.000    23.000    25.000    31.000    17.000    23.000     0.000     1.000     0.000   -10.526     2.000    19.000     0.000     3.000     6.000    13.000    16.000    19.000     3.132     0.115    -0.032     0.011    24.700     1.785    -0.124     0.136
     3.600     3.500     3.100     3.440     3.390     2.420    36.000    36.000    33.000    36.000    36.000    29.000     0.000     1.000     1.000   -13.750     1.000     8.000     0.000     3.000     6.000    13.000    16.000    19.000     3.591     0.115    -0.038     0.011    35.301     1.785    -0.160     0.136
         *     2.350     2.650     1.870     1.920         *    34.000         *    31.000    26.000    25.000         *     0.000     1.000     1.000   -13.578     1.000    12.000     0.000     3.000     6.000    13.000    16.000    19.000     2.694     0.207    -0.047     0.016    31.562     2.039    -0.359     0.157
     2.800     2.500     2.540     2.260     2.210     2.110    30.000    29.000    29.000    29.000    28.000    30.000     0.000     0.000     0.000   -11.089     3.000     0.000     0.000     3.000     6.000    13.000    16.000    19.000     2.799     0.115    -0.038     0.011    30.317     1.785    -0.151     0.136
     3.100     3.000     2.800         *         *         *    25.000    27.000    28.000         *         *         *     0.000     1.000     0.000   -13.100     1.000     2.000     0.000     3.000     6.000    13.000    16.000    19.000     3.101     0.117    -0.042     0.018    26.967     1.845    -0.215     0.193
     3.900     3.900         *     3.540     2.970     2.840    29.000    24.000    19.000    19.000    26.000    17.000     0.000     0.000     0.000   -13.384     0.000    10.000     0.000     3.000     6.000    13.000    16.000    19.000     3.890     0.119    -0.048     0.011    24.524     1.785    -0.237     0.136
     3.300     2.850     2.910     2.630     2.760     2.750    20.000    22.000    22.000    26.000    21.000    17.000     0.000     1.000     0.000   -11.892     0.000    -2.000     0.000     3.000     6.000    13.000    16.000    19.000     3.231     0.115    -0.035     0.011    22.607     1.785    -0.144     0.136
     3.200     2.800     3.170     2.240         *         *    23.000    18.000    17.000    14.000         *         *     0.000     0.000     0.000   -11.892     0.000     0.000     0.000     3.000     6.000    13.000    16.000    19.000     3.154     0.115    -0.050     0.015    19.951     1.793    -0.332     0.171
     3.400         *     2.890         *         *         *    27.000    23.000    23.000         *         *         *     0.000     1.000     0.000   -11.624     1.000     6.000     0.000     3.000     6.000    13.000    16.000    19.000     3.352     0.124    -0.047     0.018    25.054     1.845    -0.274     0.194
     2.200     2.200     1.900     1.860     1.760         *    34.000    35.000    35.000    33.000    32.000         *     0.000     1.000     0.000   -14.545     2.000    13.000     0.000     3.000     6.000    13.000    16.000    19.000     2.290     0.115    -0.037     0.013    34.807     1.786    -0.221     0.152
     2.400         *         *         *         *         *    30.000         *         *         *         *         *     0.000     0.000     0.000   -12.689     1.000    -3.000     0.000     3.000     6.000    13.000    16.000    19.000     2.443     0.134    -0.040     0.019    27.959     2.773    -0.350     0.198
     2.900         *         *         *         *         *     6.000         *         *         *         *         *     0.000     1.000     1.000   -13.725     0.000     4.000     0.000     3.000     6.000    13.000    16.000    19.000     2.883     0.134    -0.031     0.019     9.822     2.773    -0.079     0.198
     3.000         *         *         *         *         *    17.000         *         *         *         *         *     0.000     1.000     0.000   -13.725     0.000     2.000     0.000     3.000     6.000    13.000    16.000    19.000     2.999     0.134    -0.039     0.019    18.111     2.773    -0.186     0.198
     3.100     3.120     3.120         *         *         *    18.000    20.000    21.000         *         *         *     1.000     0.000     1.000   -13.124     0.000     8.000     0.000     3.000     6.000    13.000    16.000    19.000     3.107     0.117    -0.017     0.018    19.229     1.845     0.101     0.193
     3.600     3.400     3.630         *         *         *    20.000    23.000    17.000         *         *         *     0.000     0.000     0.000   -12.884     0.000    10.000     0.000     3.000     6.000    13.000    16.000    19.000     3.607     0.117    -0.035     0.018    20.608     1.845    -0.138     0.193
     4.000     3.600     3.700     3.440     3.500     3.110    30.000    26.000    23.000    21.000    27.000    26.000     0.000     0.000     1.000   -15.213     0.000    13.000     0.000     3.000     6.000    13.000    16.000    19.000     3.931     0.115    -0.038     0.011    26.170     1.785    -0.084     0.136
     3.900     3.500     3.650     3.540     2.500     3.020    21.000    25.000    27.000    27.000    26.000    27.000     0.000     0.000     0.000   -15.210     1.000    10.000     0.000     3.000     6.000    13.000    16.000    19.000     3.843     0.115    -0.049     0.011    24.916     1.785     0.063     0.136
     3.100     3.000     3.100     2.780     1.740     2.360    25.000    25.000    26.000    22.000    28.000    31.000     0.000     1.000     0.000   -16.081     1.000     9.000     0.000     3.000     6.000    13.000    16.000    19.000     3.135     0.115    -0.047     0.011    25.732     1.785     0.034     0.136
     3.100     3.220     3.200         *         *         *    28.000    29.000    26.000         *         *         *     0.000     1.000     0.000   -15.059     0.000     0.000     0.000     3.000     6.000    13.000    16.000    19.000     3.174     0.117    -0.036     0.018    27.730     1.845    -0.226     0.193
     2.800     3.000     3.040     3.410     3.360         *    25.000         *    28.000    23.000    18.000         *     0.000     1.000     1.000   -15.059     0.000    -7.000     0.000     3.000     6.000    13.000    16.000    19.000     2.942     0.115     0.004     0.013    25.340     2.037    -0.250     0.157
     3.000     3.150         *     3.090     2.900     2.750    16.000    16.000         *    15.000    15.000    12.000     0.000     0.000     0.000   -16.732     0.000     1.000     0.000     3.000     6.000    13.000    16.000    19.000     3.086     0.119    -0.018     0.011    16.629     1.940    -0.147     0.138
     2.800     2.900     2.500     2.650     1.760     1.200    14.000    14.000     9.000    10.000    12.000     7.000     0.000     1.000     1.000   -16.721     1.000     1.000     0.000     3.000     6.000    13.000    16.000    19.000     2.808     0.115    -0.055     0.011    14.118     1.785    -0.263     0.136
     3.000     3.250     2.800     2.520     2.210     2.550    26.000    22.000    24.000    23.000    23.000    19.000     0.000     1.000     0.000   -17.606     1.000     2.000     0.000     3.000     6.000    13.000    16.000    19.000     3.055     0.115    -0.038     0.011    24.758     1.785    -0.202     0.136
     2.800     2.550     2.450     1.990     2.550     1.710    22.000    20.000    24.000    27.000    21.000    19.000     0.000     1.000     0.000   -17.381     1.000     3.000     0.000     3.000     6.000    13.000    16.000    19.000     2.790     0.115    -0.043     0.011    23.358     1.785    -0.121     0.136
     3.600     3.650     3.570     3.280     3.150     2.340    21.000    20.000    22.000    12.000         *    17.000     0.000     1.000     0.000   -15.594     1.000    13.000     0.000     3.000     6.000    13.000    16.000    19.000     3.641     0.115    -0.044     0.011    20.821     1.791    -0.247     0.143
     4.600     4.120     4.490     4.490     3.400     3.900    24.000    24.000    27.000    25.000    25.000    32.000     0.000     1.000     0.000   -15.538     0.000     7.000     0.000     3.000     6.000    13.000    16.000    19.000     4.529     0.115    -0.039     0.011    24.995     1.785     0.118     0.136
     3.200     3.500     3.620     3.440         *     3.100    29.000    30.000    30.000    26.000    28.000    29.000     0.000     1.000     0.000   -15.242     0.000    15.000     0.000     3.000     6.000    13.000    16.000    19.000     3.376     0.115    -0.016     0.012    29.038     1.785    -0.079     0.136
     3.100     2.850     2.570         *         *         *    10.000    13.000    12.000         *         *         *     0.000     0.000     0.000   -15.605     0.000    10.000     0.000     3.000     6.000    13.000    16.000    19.000     3.054     0.117    -0.040     0.018    12.858     1.845    -0.060     0.193
     3.700     3.680     3.250         *         *         *     9.000     9.000     7.000         *         *         *     0.000     0.000     0.000   -15.603     0.000    11.000     0.000     3.000     6.000    13.000    16.000    19.000     3.662     0.117    -0.038     0.018     9.873     1.845    -0.029     0.193
     3.300     3.250     3.330     2.570     2.240     2.430    30.000    23.000    24.000    24.000    24.000    19.000     0.000     1.000     0.000   -18.250     0.000    12.000     0.000     3.000     6.000    13.000    16.000    19.000     3.329     0.115    -0.051     0.011    26.123     1.785    -0.233     0.136
         *         *     2.980     2.310     2.070     1.950         *         *    25.000    26.000    23.000     9.000     0.000     1.000     0.000   -11.721     2.000    -2.000     0.000     3.000     6.000    13.000    16.000    19.000     3.025     0.249    -0.053     0.016    27.605     2.650    -0.512     0.168
         *         *     3.170     2.910     2.780     2.760         *         *    21.000    18.000    15.000    16.000     0.000     1.000     1.000   -11.721     0.000    -3.000     0.000     3.000     6.000    13.000    16.000    19.000     3.223     0.249    -0.028     0.016    21.224     2.650    -0.273     0.168
         *         *         *     2.020     1.760         *         *         *         *     3.000     6.000         *     0.000     0.000     1.000    -4.306     0.000     6.000     0.000     3.000     6.000    13.000    16.000    19.000     2.391     0.305    -0.034     0.018    10.989     3.319    -0.369     0.194
         *         *         *     3.230     2.060     2.510         *         *         *    20.000    15.000    11.000     0.000     1.000     0.000    -3.381     1.000     6.000     0.000     3.000     6.000    13.000    16.000    19.000     3.197     0.302    -0.040     0.017    22.154     3.296    -0.429     0.186
         *         *         *         *     1.920     2.720         *         *         *    13.000     9.000    15.000     0.000     1.000     0.000    -3.475     1.000     6.000     0.000     3.000     6.000    13.000    16.000    19.000     2.865     0.331    -0.032     0.017    18.044     3.297    -0.342     0.186
         *     3.200     3.330     3.100     2.990     2.450         *    19.000    20.000    14.000    13.000    17.000     0.000     0.000     0.000   -13.600     1.000     0.000     0.000     3.000     6.000    13.000    16.000    19.000     3.408     0.207    -0.037     0.014    19.805     2.155    -0.255     0.151
         *     2.950         *     1.630         *         *         *    18.000    15.000    13.000         *         *     0.000     0.000     0.000   -13.600     1.000     6.000     0.000     3.000     6.000    13.000    16.000    19.000     2.801     0.240    -0.056     0.018    18.075     2.170    -0.287     0.183
         *     3.200         *         *         *         *         *    18.000         *         *         *         *     0.000     0.000     0.000   -14.078     1.000     1.000     0.000     3.000     6.000    13.000    16.000    19.000     3.259     0.276    -0.038     0.019    19.782     2.823    -0.168     0.202
         *     3.250         *     2.140         *         *         *    21.000    18.000    16.000         *         *     0.000     1.000     0.000   -14.150     1.000     0.000     0.000     3.000     6.000    13.000    16.000    19.000     3.083     0.240    -0.051     0.018    20.894     2.170    -0.294     0.183
         *     2.750         *         *         *         *         *    28.000         *         *         *         *     0.000     0.000     0.000   -15.374     0.000     8.000     0.000     3.000     6.000    13.000    16.000    19.000     3.039     0.276    -0.041     0.019    26.931     2.823    -0.178     0.202
         *     2.700     2.650     2.360     2.360     2.000         *    21.000    14.000    21.000    13.000    19.000     0.000     1.000     1.000   -16.471     0.000    10.000     0.000     3.000     6.000    13.000    16.000    19.000     2.864     0.207    -0.038     0.014    19.271     2.155    -0.127     0.151
         *         *         *     2.570     2.220     1.950         *         *         *    13.000         *     9.000     0.000     1.000     0.000    -6.400     1.000    -5.000     0.000     3.000     6.000    13.000    16.000    19.000     2.827     0.302    -0.039     0.017    18.379     3.431    -0.430     0.186
         *         *         *     2.910     2.370     2.480         *         *         *     9.000    10.000         *     0.000     1.000     0.000    -6.406     0.000     2.000     0.000     3.000     6.000    13.000    16.000    19.000     3.076     0.302    -0.034     0.017    15.088     3.316    -0.334     0.194
         *         *         *     3.020     3.170     2.880         *         *         *    24.000    23.000    28.000     0.000     0.000     0.000    -4.598     0.000    11.000     0.000     3.000     6.000    13.000    16.000    19.000     3.554     0.302    -0.035     0.017    25.653     3.296    -0.090     0.186
         *         *         *     3.420     2.590     2.140         *         *         *    30.000    26.000    32.000     0.000     0.000     0.000    -4.542     0.000     2.000     0.000     3.000     6.000    13.000    16.000    19.000     3.455     0.302    -0.048     0.017    29.908     3.296    -0.117     0.186
         *         *         *     3.900     1.930     3.600         *         *         *    21.000    24.000    27.000     0.000     1.000     0.000    -4.589     1.000    13.000     0.000     3.000     6.000    13.000    16.000    19.000     3.654     0.302    -0.035     0.017    25.680     3.296    -0.134     0.186
         *     4.000         *     3.070     3.640     3.500         *    20.000         *    22.000    19.000    20.000     0.000     1.000     0.000   -14.570     1.000    15.000     0.000     3.000     6.000    13.000    16.000    19.000     3.925     0.233    -0.032     0.015    21.751     2.447    -0.091     0.157
         *     3.900     4.150     2.930     3.710     3.330         *    33.000    28.000    36.000    30.000    31.000     0.000     1.000     0.000   -16.377     0.000     6.000     0.000     3.000     6.000    13.000    16.000    19.000     4.026     0.207    -0.040     0.014    31.320     2.155    -0.019     0.151
         *         *     3.100     2.520     2.930     2.810         *    20.000    19.000    20.000    28.000    17.000     0.000     1.000     0.000   -15.978     0.000    -5.000     0.000     3.000     6.000    13.000    16.000    19.000     3.235     0.249    -0.031     0.016    21.411     2.155    -0.055     0.151
         *     3.400     2.220         *         *         *         *    28.000    29.000         *         *         *     0.000     1.000     0.000   -14.936     1.000     4.000     0.000     3.000     6.000    13.000    16.000    19.000     3.076     0.220    -0.049     0.019    28.856     2.263    -0.235     0.200
         *     3.000     1.750     1.770     1.990     2.840         *    19.000    20.000    18.000    17.000    17.000     0.000     1.000     0.000   -14.936     0.000     4.000     0.000     3.000     6.000    13.000    16.000    19.000     2.638     0.207    -0.029     0.014    20.446     2.155    -0.195     0.151
     2.400     2.650     2.200     2.280     2.600     2.340    10.000    14.000    16.000    15.000    16.000     9.000     0.000     1.000     0.000   -21.172     0.000     2.000     0.000     3.000     6.000    13.000    16.000    19.000     2.504     0.115    -0.014     0.011    14.390     1.785    -0.066     0.136
     2.700     2.600     2.700     2.740     2.240     2.440    16.000    15.000    17.000    12.000     9.000    12.000     0.000     1.000     0.000   -21.153     0.000    -2.000     0.000     3.000     6.000    13.000    16.000    19.000     2.761     0.115    -0.024     0.011    16.226     1.785    -0.245     0.136
         *         *     3.580     2.760     2.310     1.930         *         *    14.000    24.000    21.000    21.000     0.000     1.000     0.000   -13.511     0.000     2.000     0.000     3.000     6.000    13.000    16.000    19.000     3.420     0.249    -0.059     0.016    20.271     2.650    -0.013     0.168
         *         *     3.520     3.490     3.470     3.320         *         *    28.000    30.000    25.000    28.000     0.000     0.000     0.000   -13.511     0.000     0.000     0.000     3.000     6.000    13.000    16.000    19.000     3.782     0.249    -0.028     0.016    28.156     2.650    -0.070     0.168
         *         *         *     2.640     1.160     2.440         *         *         *    23.000    16.000    17.000     0.000     0.000     1.000    -5.653     0.000    -5.000     0.000     3.000     6.000    13.000    16.000    19.000     2.605     0.302    -0.034     0.017    23.079     3.296    -0.312     0.186
         *         *         *     4.180     3.500     3.300         *         *         *    22.000    20.000    25.000     0.000     0.000     0.000    -5.650     0.000     3.000     0.000     3.000     6.000    13.000    16.000    19.000     4.018     0.302    -0.030     0.017    23.574     3.296    -0.105     0.186
         *     4.100     3.900     3.880     3.590     3.360         *    29.000    30.000    29.000    27.000    27.000     0.000     1.000     0.000   -15.495     0.000    17.000     0.000     3.000     6.000    13.000    16.000    19.000     4.171     0.207    -0.038     0.014    29.098     2.155    -0.085     0.151
         *     4.050     4.530     2.680     3.800     3.850         *    30.000    30.000    28.000    29.000    29.000     0.000     1.000     0.000   -15.495     0.000    21.000     0.000     3.000     6.000    13.000    16.000    19.000     4.207     0.207    -0.039     0.014    29.392     2.155    -0.042     0.151
         *     2.500     2.050     1.320     1.970     2.030         *    18.000    17.000    13.000    10.000    13.000     0.000     1.000     0.000   -17.758     1.000     1.000     0.000     3.000     6.000    13.000    16.000    19.000     2.464     0.207    -0.040     0.014    18.466     2.155    -0.338     0.151
     3.800     3.800     3.700     2.970     2.600     2.780    22.000    19.000    19.000    15.000    17.000    14.000     0.000     1.000     0.000   -21.450     0.000     5.000     0.000     3.000     6.000    13.000    16.000    19.000     3.780     0.115    -0.055     0.011    20.248     1.785    -0.233     0.136
     2.900     2.850     2.400     2.440     1.560     2.290    29.000    31.000    29.000    28.000    32.000    26.000     0.000     1.000     0.000   -21.450     2.000     0.000     0.000     3.000     6.000    13.000    16.000    19.000     2.898     0.115    -0.048     0.011    30.300     1.785    -0.133     0.136
         *         *         *         *     1.210         *         *         *         *    16.000    20.000         *     0.000     1.000     0.000    -8.367     0.000     0.000     0.000     3.000     6.000    13.000    16.000    19.000     2.264     0.349    -0.052     0.018    21.944     3.320    -0.312     0.194
     3.800     3.900         *     3.330     3.360     2.860    30.000    24.000         *    23.000    19.000    17.000     0.000     1.000     0.000   -21.525     0.000    10.000     0.000     3.000     6.000    13.000    16.000    19.000     3.826     0.119    -0.041     0.011    25.855     1.940    -0.311     0.138
     3.500     3.100         *     2.690     2.220     2.620    31.000    27.000         *    34.000    29.000    24.000     0.000     0.000     0.000   -21.522     3.000     4.000     0.000     3.000     6.000    13.000    16.000    19.000     3.437     0.119    -0.053     0.011    30.450     1.940    -0.137     0.138
         *         *         *     2.190         *         *         *         *         *     3.000         *         *     0.000     0.000     0.000    -6.025     0.000    -7.000     0.000     3.000     6.000    13.000    16.000    19.000     2.551     0.329    -0.034     0.018    10.709     3.555    -0.409     0.199
         *     2.800     2.800     2.080     1.110     1.870         *    19.000    23.000    16.000    20.000    21.000     0.000     1.000     0.000   -18.745     0.000     7.000     0.000     3.000     6.000    13.000    16.000    19.000     2.891     0.207    -0.063     0.014    21.380     2.155    -0.127     0.151
         *     2.750     2.810     2.410     2.570     2.370         *    27.000    27.000    31.000    23.000    29.000     0.000     1.000     1.000   -18.691     2.000     5.000     0.000     3.000     6.000    13.000    16.000    19.000     2.982     0.207    -0.033     0.014    28.245     2.155    -0.081     0.151
         *     3.450     3.170     3.500     2.190     2.710         *    21.000    27.000    20.000    17.000    18.000     0.000     0.000     0.000   -19.009     2.000     6.000     0.000     3.000     6.000    13.000    16.000    19.000     3.510     0.207    -0.045     0.014    23.994     2.155    -0.267     0.151
         *     3.350     3.360     3.040     2.180     2.600         *    17.000    20.000    15.000    19.000    17.000     0.000     1.000     0.000   -18.854     0.000     3.000     0.000     3.000     6.000    13.000    16.000    19.000     3.434     0.207    -0.048     0.014    19.196     2.155    -0.112     0.151
         *     3.060     3.090     2.650     2.520     2.350         *    18.000    18.000    18.000    18.000    22.000     0.000     0.000     0.000   -18.138     1.000     6.000     0.000     3.000     6.000    13.000    16.000    19.000     3.234     0.207    -0.042     0.014    19.358     2.155    -0.019     0.151
         *     3.300         *         *         *         *         *    13.000         *         *         *         *     0.000     1.000     0.000   -17.327     3.000     8.000     0.000     3.000     6.000    13.000    16.000    19.000     3.375     0.276    -0.036     0.019    17.382     2.823    -0.118     0.202
         *     2.100     2.570     2.300     1.900     1.630         *     9.000     7.000     9.000     4.000     6.000     0.000     0.000     0.000   -17.250     0.000    -4.000     0.000     3.000     6.000    13.000    16.000    19.000     2.550     0.207    -0.038     0.014    10.367     2.155    -0.232     0.151
         *     4.100     3.750     3.940     4.040     2.970         *    23.000    24.000    30.000    21.000    27.000     0.000     1.000     0.000   -18.731     1.000     7.000     0.000     3.000     6.000    13.000    16.000    19.000     4.117     0.207    -0.035     0.014    24.866     2.155     0.023     0.151
         *     3.780     4.290     3.980     3.140     3.650         *    30.000    25.000    26.000    20.000    23.000     0.000     1.000     0.000   -18.734     1.000     8.000     0.000     3.000     6.000    13.000    16.000    19.000     4.114     0.207    -0.035     0.014    27.413     2.155    -0.223     0.151
         *     3.550     3.540     2.360         *     3.100         *    25.000    32.000    30.000         *    28.000     0.000     0.000     0.000   -19.008     3.000     2.000     0.000     3.000     6.000    13.000    16.000    19.000     3.565     0.208    -0.042     0.015    29.461     2.167    -0.067     0.156
         *     3.500     3.310     3.280     3.020     2.730         *    25.000    26.000    26.000    28.000    25.000     0.000     0.000     0.000   -19.083     1.000     8.000     0.000     3.000     6.000    13.000    16.000    19.000     3.625     0.207    -0.040     0.014    26.180     2.155    -0.018     0.151
         *     3.200     3.400     2.670     3.390     3.090         *    21.000    15.000    19.000    15.000    13.000     0.000     0.000     0.000   -20.108     1.000    12.000     0.000     3.000     6.000    13.000    16.000    19.000     3.460     0.207    -0.027     0.014    19.268     2.155    -0.189     0.151
         *     2.800     2.980     2.520         *     2.220         *    34.000    31.000    28.000         *    30.000     0.000     1.000     0.000   -19.863     2.000     7.000     0.000     3.000     6.000    13.000    16.000    19.000     3.145     0.208    -0.046     0.015    32.382     2.167    -0.190     0.156
         *     3.700     3.820     3.670     3.300     3.190         *    34.000    36.000    31.000    35.000    31.000     0.000     1.000     0.000   -19.922     1.000    13.000     0.000     3.000     6.000    13.000    16.000    19.000     3.975     0.207    -0.039     0.014    33.985     2.155    -0.086     0.151
         *         *     3.520     2.850     3.440     3.320         *         *    25.000    32.000    25.000    22.000     0.000     0.000     0.000   -17.365     1.000     5.000     0.000     3.000     6.000    13.000    16.000    19.000     3.673     0.249    -0.030     0.016    27.360     2.650    -0.112     0.168
         *         *         *     3.150     3.490     3.010         *         *         *    18.000    13.000    15.000     0.000     1.000     0.000   -10.376     1.000     3.000     0.000     3.000     6.000    13.000    16.000    19.000     3.574     0.302    -0.027     0.017    20.206     3.296    -0.279     0.186
     3.000     2.950     2.800     2.730     2.900     2.940    28.000    26.000    23.000    22.000    29.000    28.000     0.000     1.000     0.000   -24.467     0.000     4.000     0.000     3.000     6.000    13.000    16.000    19.000     3.058     0.115    -0.019     0.011    25.670     1.785     0.022     0.136
     2.900     2.900     2.700     2.390     2.370     2.120    29.000    24.000    19.000    28.000    25.000    20.000     0.000     0.000     1.000   -24.239     3.000     1.000     0.000     3.000     6.000    13.000    16.000    19.000     2.925     0.115    -0.038     0.011    25.806     1.785    -0.144     0.136
         *     3.500     3.810     3.540     3.330     2.900         *    30.000    31.000    33.000    27.000    28.000     0.000     1.000     0.000   -20.433     3.000    -5.000     0.000     3.000     6.000    13.000    16.000    19.000     3.798     0.207    -0.037     0.014    31.572     2.155    -0.157     0.151
         *     3.600     3.710     3.960     3.750     3.570         *    30.000    29.000    28.000    31.000    27.000     0.000     1.000     0.000   -20.377     3.000    -5.000     0.000     3.000     6.000    13.000    16.000    19.000     3.884     0.207    -0.019     0.014    30.248     2.155    -0.107     0.151
         *         *     3.060     2.470     1.320     1.470         *    26.000    29.000    19.000    25.000    24.000     0.000     1.000     0.000   -20.299     0.000     6.000     0.000     3.000     6.000    13.000    16.000    19.000     3.090     0.249    -0.072     0.016    26.770     2.155    -0.200     0.151
         *     2.550     2.780     2.120     2.570     2.340         *    29.000    30.000    25.000    26.000    27.000     0.000     1.000     1.000   -20.286     1.000     0.000     0.000     3.000     6.000    13.000    16.000    19.000     2.851     0.207    -0.032     0.014    29.056     2.155    -0.165     0.151
         *         *     3.860     3.250     3.310     3.350         *         *    19.000    15.000    21.000    22.000     0.000     0.000     0.000   -19.303     1.000    10.000     0.000     3.000     6.000    13.000    16.000    19.000     3.878     0.249    -0.034     0.016    19.762     2.650     0.003     0.168
         *         *     3.310     3.460         *     3.140         *         *    21.000    24.000         *    19.000     0.000     0.000     0.000   -19.303     0.000    10.000     0.000     3.000     6.000    13.000    16.000    19.000     3.682     0.253    -0.031     0.016    22.345     2.685    -0.062     0.171
         *         *         *     2.060     2.770     3.670         *         *         *    35.000    36.000    38.000     0.000     1.000     0.000   -11.224     3.000    10.000     0.000     3.000     6.000    13.000    16.000    19.000     3.323     0.302    -0.028     0.017    36.659     3.296    -0.089     0.186
         *         *         *     4.180     2.690     3.830         *         *         *    34.000    34.000    34.000     0.000     1.000     0.000   -11.055     3.000    12.000     0.000     3.000     6.000    13.000    16.000    19.000     4.089     0.302    -0.036     0.017    35.185     3.296    -0.117     0.186
     4.600         *         *         *         *         *    29.000         *         *         *         *         *     0.000     1.000     0.000   -27.605     0.000    13.000     0.000     3.000     6.000    13.000    16.000    19.000     4.565     0.134    -0.042     0.019    29.019     2.773     0.127     0.198
         *         *         *     3.140     2.620     2.620         *         *         *    23.000    18.000    18.000     0.000     1.000     0.000   -11.892     0.000     4.000     0.000     3.000     6.000    13.000    16.000    19.000     3.383     0.302    -0.039     0.017    23.267     3.296    -0.234     0.186
         *         *         *     2.240     2.890     3.080         *         *         *    15.000    20.000    21.000     0.000     0.000     0.000   -11.854     2.000    10.000     0.000     3.000     6.000    13.000    16.000    19.000     3.210     0.302    -0.029     0.017    21.572     3.296    -0.158     0.186
         *         *         *     2.390     2.650     2.470         *         *         *    32.000    30.000    30.000     0.000     1.000     0.000   -14.597     0.000     0.000     0.000     3.000     6.000    13.000    16.000    19.000     3.184     0.302    -0.041     0.017    31.184     3.296    -0.100     0.186
         *         *         *     2.260         *     1.930         *         *         *    30.000         *    25.000     0.000     1.000     0.000   -13.633     3.000     8.000     0.000     3.000     6.000    13.000    16.000    19.000     3.001     0.315    -0.051     0.017    31.741     3.432    -0.297     0.187
         *         *     3.670     3.330     2.790         *         *         *    25.000    29.000    24.000         *     0.000     1.000     0.000   -19.333     0.000    16.000     0.000     3.000     6.000    13.000    16.000    19.000     3.813     0.249    -0.047     0.017    26.241     2.652    -0.029     0.181
         *         *     3.390     3.100     3.310     2.290         *         *    25.000    21.000    25.000    24.000     0.000     1.000     0.000   -19.275     1.000     8.000     0.000     3.000     6.000    13.000    16.000    19.000     3.629     0.249    -0.046     0.016    25.226     2.650    -0.099     0.168
         *         *         *     1.920     2.340     2.370         *         *         *    31.000    32.000    27.000     0.000     1.000     0.000   -12.616     0.000    -4.000     0.000     3.000     6.000    13.000    16.000    19.000     2.880     0.302    -0.040     0.017    31.363     3.296    -0.164     0.186
         *         *         *     2.170     3.020         *         *         *         *    32.000    31.000    37.000     0.000     1.000     0.000   -12.560     0.000    -2.000     0.000     3.000     6.000    13.000    16.000    19.000     3.176     0.304    -0.038     0.018    32.223     3.300    -0.017     0.186
         *         *         *     2.520     2.050     2.000         *         *         *    24.000    30.000    31.000     0.000     1.000     0.000   -14.828     1.000    10.000     0.000     3.000     6.000    13.000    16.000    19.000     3.094     0.302    -0.053     0.017    28.815     3.296    -0.065     0.186
         *         *         *     3.620     3.660     2.930         *         *         *    30.000    29.000    30.000     0.000     1.000     0.000   -15.194     2.000     8.000     0.000     3.000     6.000    13.000    16.000    19.000     3.975     0.302    -0.039     0.017    31.010     3.296    -0.104     0.186
         *         *         *     3.380     2.440     3.290         *         *         *    20.000    21.000    14.000     0.000     1.000     0.000   -15.299     1.000    10.000     0.000     3.000     6.000    13.000    16.000    19.000     3.559     0.302    -0.035     0.017    22.584     3.296    -0.241     0.186
         *         *         *     2.850     1.650     1.340         *         *         *    31.000    32.000    28.000     0.000     0.000     0.000   -13.798     3.000    13.000     0.000     3.000     6.000    13.000    16.000    19.000     3.108     0.302    -0.067     0.017    33.510     3.296    -0.230     0.186
         *         *         *     3.460         *         *         *         *         *    33.000         *         *     0.000     1.000     0.000   -14.888     2.000    10.000     0.000     3.000     6.000    13.000    16.000    19.000     3.876     0.329    -0.039     0.018    32.833     3.555    -0.114     0.199
         *         *         *     3.790     3.760     4.130         *         *         *    37.000    27.000    27.000     0.000     1.000     0.000   -15.466     2.000    17.000     0.000     3.000     6.000    13.000    16.000    19.000     4.274     0.302    -0.028     0.017    32.418     3.296    -0.150     0.186
         *         *         *     2.190     1.610         *         *         *         *    19.000    24.000    23.000     0.000     1.000     1.000   -16.480     0.000     1.000     0.000     3.000     6.000    13.000    16.000    19.000     2.606     0.304    -0.044     0.018    23.670     3.300    -0.120     0.186
         *         *         *     3.660         *     3.440         *         *         *    18.000    23.000    22.000     0.000     1.000     0.000   -16.917     2.000     1.000     0.000     3.000     6.000    13.000    16.000    19.000     3.863     0.314    -0.027     0.017    23.587     3.298    -0.131     0.186
         *         *         *     3.330     3.830     3.670         *         *         *    17.000    21.000    23.000     0.000     1.000     0.000   -16.869     2.000     7.000     0.000     3.000     6.000    13.000    16.000    19.000     3.901     0.302    -0.023     0.017    22.457     3.296    -0.094     0.186
         *         *         *     3.860     3.250     3.480         *         *         *    29.000    29.000    29.000     0.000     1.000     1.000   -18.436     0.000     2.000     0.000     3.000     6.000    13.000    16.000    19.000     3.865     0.302    -0.026     0.017    28.391     3.296     0.008     0.186
         *         *         *     2.050     1.730     2.110         *         *         *    34.000    33.000    34.000     0.000     1.000     0.000   -18.800     2.000     2.000     0.000     3.000     6.000    13.000    16.000    19.000     2.877     0.302    -0.052     0.017    34.766     3.296    -0.124     0.186
         *         *         *     3.510     3.410     3.390         *         *         *    29.000    28.000    28.000     0.000     1.000     1.000   -18.527     1.000    19.000     0.000     3.000     6.000    13.000    16.000    19.000     3.897     0.302    -0.031     0.017    28.482     3.296    -0.016     0.186
         *         *         *     3.310     3.390     2.040         *         *         *    31.000    28.000    31.000     0.000     1.000     0.000   -18.645     1.000    22.000     0.000     3.000     6.000    13.000    16.000    19.000     3.842     0.302    -0.056     0.017    30.332     3.296    -0.038     0.186
         *         *         *     2.680         *         *         *         *         *    19.000         *         *     0.000     1.000     0.000   -17.059     1.000    18.000     0.000     3.000     6.000    13.000    16.000    19.000     3.354     0.329    -0.044     0.018    22.357     3.555    -0.157     0.199
         *         *         *     3.880     3.490     3.360         *         *         *    18.000     8.000    16.000     0.000     1.000     0.000   -16.867     0.000    11.000     0.000     3.000     6.000    13.000    16.000    19.000     3.970     0.302    -0.030     0.017    17.388     3.296    -0.159     0.186
