     8.000         *         *         *         *         *         *         *         *         *         *         *     0.000     0.000     0.000    17.816     0.000    -8.000     0.000     3.000     6.000    13.000    16.000    19.000    17.588     4.254    -1.424     0.169    14.430     8.514    -1.522     0.262
    14.000         *         *         *         *         *     5.000         *         *         *         *         *     0.000     1.000     0.000    16.108     0.000    -1.000     0.000     3.000     6.000    13.000    16.000    19.000    22.074     4.160    -1.411     0.168     7.997     4.267    -1.449     0.247
    28.000         *         *         *         *         *    28.000         *         *         *         *         *     0.000     0.000     1.000    16.108     0.000    -2.000     0.000     3.000     6.000    13.000    16.000    19.000    28.862     4.160    -1.243     0.168    25.911     4.267    -1.493     0.247
    40.000    34.000    39.000    45.000    23.000         *    28.000    23.000    19.000    16.000     9.000         *     0.000     1.000     0.000    -8.223     0.000    15.000     0.000     3.000     6.000    13.000    16.000    19.000    43.277     2.373    -0.844     0.138    25.911     2.686    -0.764     0.210
    35.000    50.000    45.000    27.000         *         *    34.000    25.000    23.000    11.000         *         *     0.000     1.000     0.000    -8.223     0.000    17.000     0.000     3.000     6.000    13.000    16.000    19.000    44.920     2.554    -0.887     0.146    28.550     2.716    -0.784     0.227
    50.000    45.000    45.000    46.000         *         *    22.000         *         *         *         *         *     0.000     1.000     0.000    -8.650     0.000    11.000     0.000     3.000     6.000    13.000    16.000    19.000    49.166     2.556    -0.712     0.147    27.188     4.248    -0.489     0.246
    30.000    35.000    33.000         *         *         *    47.000    41.000    46.000         *         *         *     0.000     1.000     0.000    -8.997     0.000     0.000     0.000     3.000     6.000    13.000    16.000    19.000    37.978     2.866    -0.843     0.156    45.920     2.837    -0.822     0.245
    56.000    51.000    42.000    35.000    34.000    46.000    46.000    47.000    34.000    37.000    36.000    41.000     0.000     0.000     0.000   -10.008     0.000     8.000     0.000     3.000     6.000    13.000    16.000    19.000    49.667     2.269    -0.688     0.130    44.446     2.683    -0.459     0.192
    59.000    50.000    48.000    55.000    42.000    43.000    41.000    40.000    42.000    35.000    40.000    37.000     0.000     1.000     0.000   -10.005     0.000     6.000     0.000     3.000     6.000    13.000    16.000    19.000    53.847     2.269    -0.601     0.130    43.383     2.683    -0.458     0.192
    12.000         *         *         *         *         *    10.000         *         *         *         *         *     0.000     0.000     0.000    12.623     0.000    -7.000     0.000     3.000     6.000    13.000    16.000    19.000    20.167     4.160    -1.318     0.168    12.150     4.267    -1.278     0.247
    23.000    25.000         *         *         *         *    13.000         *         *         *         *         *     0.000     1.000     1.000     7.288     0.000     5.000     0.000     3.000     6.000    13.000    16.000    19.000    29.178     3.349    -1.186     0.162    15.731     4.256    -1.160     0.246
    22.000    29.000    25.000         *         *         *    39.000    31.000    29.000         *         *         *     0.000     0.000     0.000     7.288     2.000    -6.000     0.000     3.000     6.000    13.000    16.000    19.000    29.956     2.866    -1.109     0.156    36.011     2.837    -1.193     0.245
    19.000    26.000         *         *         *         *    30.000         *         *         *         *         *     0.000     0.000     0.000     7.122     0.000     1.000     0.000     3.000     6.000    13.000    16.000    19.000    28.307     3.349    -1.189     0.162    28.717     4.256    -1.175     0.246
    32.000    27.000         *         *         *         *    15.000         *         *         *         *         *     0.000     0.000     1.000     7.221     0.000    -2.000     0.000     3.000     6.000    13.000    16.000    19.000    30.889     3.349    -1.082     0.162    17.690     4.256    -1.052     0.246
    36.000    25.000    15.000         *         *         *    42.000    29.000         *         *         *         *     0.000     0.000     0.000     8.436     3.000     1.000     0.000     3.000     6.000    13.000    16.000    19.000    30.043     2.866    -1.231     0.156    37.179     3.264    -1.177     0.246
    32.000         *         *         *         *         *    54.000         *         *         *         *         *     0.000     0.000     0.000     6.127     3.000     1.000     0.000     3.000     6.000    13.000    16.000    19.000    34.781     4.160    -1.101     0.168    50.242     4.267    -1.181     0.247
    37.000         *         *         *         *         *    32.000         *         *         *         *         *     0.000     0.000     0.000     6.922     3.000     5.000     0.000     3.000     6.000    13.000    16.000    19.000    35.575     4.160    -1.127     0.168    34.072     4.267    -0.977     0.247
    32.000         *         *         *         *         *    36.000         *         *         *         *         *     1.000     0.000     0.000     6.859     3.000     5.000     0.000     3.000     6.000    13.000    16.000    19.000    32.396     4.160    -1.339     0.168    36.750     4.267    -1.051     0.247
    36.000    26.000    28.000         *         *         *    25.000    23.000    17.000         *         *         *     0.000     0.000     0.000     5.583     0.000    -5.000     0.000     3.000     6.000    13.000    16.000    19.000    32.728     2.866    -1.056     0.156    25.304     2.837    -1.082     0.245
    41.000    33.000    30.000         *         *         *    25.000         *    21.000         *         *         *     0.000     0.000     1.000     5.581     0.000     2.000     0.000     3.000     6.000    13.000    16.000    19.000    36.590     2.866    -1.015     0.156    26.522     3.355    -1.021     0.245
    42.000    44.000    41.000         *         *         *    42.000    37.000         *         *         *         *     0.000     1.000     0.000     7.339     1.000     8.000     0.000     3.000     6.000    13.000    16.000    19.000    44.072     2.866    -1.035     0.156    40.260     3.264    -1.233     0.246
    50.000    30.000         *         *         *         *    25.000    17.000         *         *         *         *     1.000     1.000     1.000     7.339     0.000     2.000     0.000     3.000     6.000    13.000    16.000    19.000    38.029     3.349    -1.212     0.162    23.843     3.271    -1.224     0.246
    30.000    35.000    21.000         *         *         *    25.000    31.000    32.000         *         *         *     0.000     0.000     0.000     5.217     0.000     6.000     0.000     3.000     6.000    13.000    16.000    19.000    33.280     2.866    -1.153     0.156    31.806     2.837    -0.964     0.245
         *    44.000    34.000         *         *         *         *    33.000    31.000         *         *         *     0.000     0.000     0.000     8.511     0.000     6.000     0.000     3.000     6.000    13.000    16.000    19.000    41.220     3.230    -1.062     0.157    35.866     3.477    -1.137     0.252
         *    29.000         *         *         *         *         *    22.000         *         *         *         *     0.000     0.000     1.000     8.511     0.000     8.000     0.000     3.000     6.000    13.000    16.000    19.000    33.900     3.984    -1.144     0.164    25.833     4.394    -1.126     0.252
    49.000    45.000    39.000    22.000    22.000         *    44.000    38.000    45.000    34.000    20.000         *     0.000     1.000     0.000     4.945     1.000    -1.000     0.000     3.000     6.000    13.000    16.000    19.000    42.052     2.373    -1.052     0.138    44.615     2.686    -1.200     0.210
    36.000    36.000    35.000         *         *         *    43.000    37.000    29.000         *         *         *     0.000     1.000     0.000     5.045     2.000    -1.000     0.000     3.000     6.000    13.000    16.000    19.000    38.422     2.866    -1.017     0.156    39.592     2.837    -1.231     0.245
    37.000    45.000    31.000         *         *         *    40.000    37.000    42.000         *         *         *     1.000     1.000     1.000     3.739     1.000     2.000     0.000     3.000     6.000    13.000    16.000    19.000    39.918     2.866    -1.130     0.156    41.831     2.837    -1.141     0.245
    40.000         *         *         *         *         *     8.000         *         *         *         *         *     0.000     1.000     0.000     5.531     0.000    -4.000     0.000     3.000     6.000    13.000    16.000    19.000    35.210     4.160    -1.046     0.168    13.151     4.267    -1.024     0.247
    22.000         *         *         *         *         *    24.000         *         *         *         *         *     0.000     1.000     1.000     5.531     0.000    -3.000     0.000     3.000     6.000    13.000    16.000    19.000    28.888     4.160    -1.102     0.168    23.921     4.267    -1.243     0.247
    37.000         *         *         *         *         *         *         *         *         *         *         *     0.000     1.000     0.000     2.030     2.000     9.000     0.000     3.000     6.000    13.000    16.000    19.000    39.317     4.254    -1.056     0.169    39.220     8.514    -1.016     0.262
    32.000    33.000    32.000         *         *         *    41.000    26.000    30.000         *         *         *     0.000     0.000     0.000     2.930     1.000     6.000     0.000     3.000     6.000    13.000    16.000    19.000    36.519     2.866    -1.049     0.156    35.174     2.837    -0.985     0.245
    24.000    25.000    19.000         *         *         *    30.000    29.000         *         *         *         *     0.000     1.000     0.000     2.930     0.000     8.000     0.000     3.000     6.000    13.000    16.000    19.000    30.139     2.866    -1.205     0.156    30.662     3.264    -1.132     0.246
    37.000    32.000         *         *         *         *    31.000    26.000         *         *         *         *     0.000     1.000     0.000     2.982     1.000    -2.000     0.000     3.000     6.000    13.000    16.000    19.000    36.053     3.349    -1.024     0.162    30.617     3.271    -1.091     0.246
    46.000    45.000    41.000    27.000         *         *    40.000    29.000    23.000     8.000         *         *     0.000     1.000     0.000     3.127     0.000    -6.000     0.000     3.000     6.000    13.000    16.000    19.000    42.648     2.554    -0.893     0.146    32.476     2.716    -1.354     0.227
    54.000    35.000    43.000    36.000         *         *    28.000    27.000         *         *         *         *     0.000     0.000     0.000     3.127     0.000     2.000     0.000     3.000     6.000    13.000    16.000    19.000    44.278     2.556    -0.880     0.147    30.092     3.260    -0.886     0.246
    32.000    20.000    20.000         *         *         *    39.000    36.000    37.000         *         *         *     0.000     0.000     0.000     3.597     1.000     1.000     0.000     3.000     6.000    13.000    16.000    19.000    29.772     2.866    -1.156     0.156    39.854     2.837    -1.062     0.245
    35.000         *    17.000         *         *         *    21.000         *    18.000         *         *         *     0.000     1.000     0.000     2.597     0.000    -4.000     0.000     3.000     6.000    13.000    16.000    19.000    30.876     3.312    -1.102     0.159    23.744     3.360    -1.073     0.246
    35.000         *         *         *         *         *    38.000         *         *         *         *         *     0.000     1.000     0.000     1.161     0.000    -2.000     0.000     3.000     6.000    13.000    16.000    19.000    37.002     4.160    -0.981     0.168    36.071     4.267    -1.134     0.247
    47.000    47.000         *         *         *         *    53.000    46.000         *         *         *         *     0.000     1.000     0.000     1.919     0.000    10.000     0.000     3.000     6.000    13.000    16.000    19.000    47.125     3.349    -0.943     0.162    48.755     3.271    -1.163     0.246
    37.000    35.000    37.000    35.000    28.000    22.000    55.000    50.000    51.000    39.000    30.000    21.000     0.000     0.000     0.000     2.048     0.000     7.000     0.000     3.000     6.000    13.000    16.000    19.000    41.461     2.269    -0.934     0.130    52.458     2.683    -1.309     0.192
    44.000    41.000    34.000         *         *         *    25.000    14.000    18.000         *         *         *     0.000     1.000     0.000     2.303     0.000     1.000     0.000     3.000     6.000    13.000    16.000    19.000    40.936     2.866    -0.958     0.156    22.935     2.837    -0.984     0.245
    18.000         *         *         *         *         *    26.000         *         *         *         *         *     1.000     0.000     0.000     2.303     0.000    -2.000     0.000     3.000     6.000    13.000    16.000    19.000    25.875     4.160    -1.298     0.168    26.144     4.267    -1.020     0.247
    40.000    43.000         *         *         *         *    16.000    16.000         *         *         *         *     0.000     0.000     0.000     1.484     0.000    11.000     0.000     3.000     6.000    13.000    16.000    19.000    41.096     3.349    -0.992     0.162    19.391     3.271    -0.697     0.246
    34.000    26.000    25.000    15.000    12.000    24.000     9.000    14.000    21.000    24.000    11.000    12.000     0.000     0.000     0.000     1.481     0.000     9.000     0.000     3.000     6.000    13.000    16.000    19.000    33.566     2.269    -1.075     0.130    20.226     2.683    -0.477     0.192
    20.000         *         *         *         *         *    39.000         *         *         *         *         *     0.000     1.000     0.000    -0.223     3.000    13.000     0.000     3.000     6.000    13.000    16.000    19.000    32.832     4.160    -1.152     0.168    39.531     4.267    -0.928     0.247
    22.000         *         *         *         *         *    21.000         *         *         *         *         *     0.000     1.000     0.000    -0.072     3.000    14.000     0.000     3.000     6.000    13.000    16.000    19.000    32.241     4.160    -1.165     0.168    26.177     4.267    -0.764     0.247
    36.000         *         *         *         *         *    39.000         *         *         *         *         *     0.000     0.000     0.000     0.141     0.000     1.000     0.000     3.000     6.000    13.000    16.000    19.000    37.257     4.160    -0.965     0.168    37.357     4.267    -0.949     0.247
    28.000    36.000    30.000         *         *         *    30.000    33.000    25.000         *         *         *     0.000     0.000     1.000     0.135     0.000    -2.000     0.000     3.000     6.000    13.000    16.000    19.000    34.763     2.866    -0.916     0.156    31.798     2.837    -0.935     0.245
    35.000         *         *         *         *         *    11.000         *         *         *         *         *     0.000     1.000     1.000     1.836     0.000    -6.000     0.000     3.000     6.000    13.000    16.000    19.000    33.542     4.160    -0.954     0.168    15.345     4.267    -0.971     0.247
    44.000    40.000         *         *         *         *    35.000    32.000         *         *         *         *     0.000     1.000     1.000     1.836     0.000    -7.000     0.000     3.000     6.000    13.000    16.000    19.000    40.504     3.349    -0.849     0.162    34.448     3.271    -1.146     0.246
    33.000    35.000    39.000         *         *         *    21.000    21.000    10.000         *         *         *     0.000     1.000     0.000     1.156     0.000     1.000     0.000     3.000     6.000    13.000    16.000    19.000    38.304     2.866    -0.950     0.156    21.310     2.837    -0.990     0.245
    48.000    44.000    38.000    40.000    30.000    34.000    32.000    25.000    32.000    22.000    10.000         *     0.000     1.000     0.000     1.156     0.000     1.000     0.000     3.000     6.000    13.000    16.000    19.000    45.554     2.271    -0.815     0.130    32.411     2.685    -1.052     0.210
    39.000    45.000    38.000    26.000    24.000    12.000    50.000    47.000    50.000    36.000    36.000         *     0.000     1.000     0.000     0.575     3.000     6.000     0.000     3.000     6.000    13.000    16.000    19.000    40.921     2.271    -1.084     0.130    50.585     2.685    -0.992     0.210
    39.000    37.000    32.000    32.000    24.000    15.000    48.000    45.000    42.000    42.000    20.000         *     0.000     1.000     0.000     0.575     2.000     2.000     0.000     3.000     6.000    13.000    16.000    19.000    39.451     2.271    -0.999     0.130    47.556     2.685    -1.155     0.210
    45.000    45.000    33.000         *         *         *    24.000         *    22.000         *         *         *     0.000     1.000     0.000    -0.200     0.000     1.000     0.000     3.000     6.000    13.000    16.000    19.000    42.020     2.866    -0.914     0.156    27.115     3.355    -0.897     0.245
    60.000    46.000    43.000         *         *         *    25.000         *    23.000         *         *         *     0.000     0.000     0.000    -0.200     0.000     1.000     0.000     3.000     6.000    13.000    16.000    19.000    47.330     2.866    -0.806     0.156    27.909     3.355    -0.727     0.245
    38.000    35.000         *         *         *         *    46.000    37.000         *         *         *         *     0.000     0.000     1.000     0.964     0.000     7.000     0.000     3.000     6.000    13.000    16.000    19.000    39.000     3.349    -0.957     0.162    41.505     3.271    -1.020     0.246
    42.000    30.000         *         *         *         *    48.000    48.000         *         *         *         *     0.000     0.000     0.000     0.997     0.000     8.000     0.000     3.000     6.000    13.000    16.000    19.000    38.858     3.349    -1.029     0.162    47.455     3.271    -1.026     0.246
    28.000    24.000    35.000    22.000    22.000     1.000    18.000    18.000    20.000    10.000         *         *     0.000     0.000     1.000    -1.358     0.000     0.000     0.000     3.000     6.000    13.000    16.000    19.000    31.954     2.272    -0.996     0.130    21.420     2.712    -0.793     0.227
    33.000    36.000    36.000         *         *         *    38.000    39.000    46.000         *         *         *     0.000     1.000     0.000    -1.358     0.000    -4.000     0.000     3.000     6.000    13.000    16.000    19.000    38.348     2.866    -0.905     0.156    42.537     2.837    -0.994     0.245
    45.000         *         *         *         *         *    39.000         *         *         *         *         *     0.000     1.000     0.000    -0.183     2.000     2.000     0.000     3.000     6.000    13.000    16.000    19.000    41.887     4.160    -0.931     0.168    39.568     4.267    -0.950     0.247
    38.000    42.000         *         *         *         *    30.000    30.000         *         *         *         *     0.000     0.000     1.000    -0.183     1.000     8.000     0.000     3.000     6.000    13.000    16.000    19.000    40.511     3.349    -0.915     0.162    31.885     3.271    -0.772     0.246
    27.000    26.000    25.000         *         *         *    33.000    16.000    22.000         *         *         *     0.000     0.000     0.000    -0.339     0.000    -6.000     0.000     3.000     6.000    13.000    16.000    19.000    30.718     2.866    -0.991     0.156    26.832     2.837    -0.941     0.245
    18.000    21.000    17.000         *         *         *    25.000    28.000    20.000         *         *         *     0.000     0.000     0.000    -0.339     0.000    -3.000     0.000     3.000     6.000    13.000    16.000    19.000    25.667     2.866    -1.100     0.156    27.291     2.837    -0.930     0.245
    31.000    34.000    34.000         *         *         *    47.000    26.000    34.000         *         *         *     0.000     1.000     0.000    -0.460     0.000     1.000     0.000     3.000     6.000    13.000    16.000    19.000    37.677     2.866    -0.964     0.156    38.147     2.837    -1.112     0.245
         *         *         *         *         *         *    30.000         *         *         *         *         *     0.000     1.000     0.000    -0.447     1.000    -2.000     0.000     3.000     6.000    13.000    16.000    19.000    37.323     5.533    -0.954     0.176    31.374     4.292    -0.957     0.249
    43.000    46.000    33.000         *         *         *    45.000    35.000    38.000         *         *         *     1.000     0.000     1.000    -1.575     0.000    11.000     0.000     3.000     6.000    13.000    16.000    19.000    42.934     2.866    -1.062     0.156    41.194     2.837    -0.865     0.245
    40.000    37.000    36.000    22.000     9.000    17.000    44.000    49.000    36.000    33.000    23.000    25.000     0.000     0.000     0.000    -0.167     0.000    -2.000     0.000     3.000     6.000    13.000    16.000    19.000    36.643     2.269    -1.047     0.130    44.406     2.683    -1.054     0.192
    57.000    63.000    65.000    46.000    44.000         *    36.000    26.000    19.000    17.000    17.000         *     0.000     0.000     0.000    -1.277     2.000    16.000     0.000     3.000     6.000    13.000    16.000    19.000    57.148     2.373    -0.728     0.138    29.582     2.686    -0.704     0.210
    40.000         *    33.000         *         *         *    11.000         *         *         *         *         *     0.000     1.000     0.000    -0.011     0.000    -2.000     0.000     3.000     6.000    13.000    16.000    19.000    37.574     3.312    -0.944     0.159    16.378     4.256    -0.835     0.246
    41.000    34.000    35.000         *         *         *    30.000     8.000     7.000         *         *         *     0.000     1.000     1.000    -0.783     0.000    -4.000     0.000     3.000     6.000    13.000    16.000    19.000    38.443     2.866    -0.851     0.156    19.524     2.837    -1.031     0.245
    48.000    41.000    42.000    31.000         *         *    37.000    38.000    25.000    24.000         *         *     0.000     1.000     0.000    -0.247     0.000    -5.000     0.000     3.000     6.000    13.000    16.000    19.000    43.420     2.554    -0.842     0.146    36.506     2.716    -1.048     0.227
    40.000    35.000    35.000    35.000    30.000    25.000    54.000    55.000    41.000    38.000    30.000    34.000     0.000     1.000     0.000    -1.146     1.000     4.000     0.000     3.000     6.000    13.000    16.000    19.000    42.187     2.269    -0.888     0.130    51.868     2.683    -1.121     0.192
    25.000         *         *         *         *         *    46.000         *         *         *         *         *     0.000     1.000     0.000    -0.895     2.000     8.000     0.000     3.000     6.000    13.000    16.000    19.000    35.111     4.160    -1.068     0.168    44.039     4.267    -1.019     0.247
    35.000    36.000    32.000         *         *         *    39.000    36.000    39.000         *         *         *     0.000     1.000     0.000    -0.881     1.000     2.000     0.000     3.000     6.000    13.000    16.000    19.000    38.226     2.866    -0.974     0.156    40.346     2.837    -0.972     0.245
    45.000    32.000    32.000     7.000         *         *    22.000    17.000    15.000     9.000         *         *     0.000     0.000     0.000    -2.070     0.000     5.000     0.000     3.000     6.000    13.000    16.000    19.000    34.874     2.554    -1.099     0.146    21.223     2.716    -0.742     0.227
    47.000    34.000    28.000    18.000    24.000         *    21.000    27.000    11.000    16.000    17.000         *     0.000     1.000     0.000    -2.070     0.000    -3.000     0.000     3.000     6.000    13.000    16.000    19.000    37.130     2.373    -0.974     0.138    24.753     2.686    -0.755     0.210
    39.000    45.000    43.000    28.000    18.000         *    38.000    35.000    32.000    29.000    17.000         *     0.000     0.000     0.000    -0.262     1.000     7.000     0.000     3.000     6.000    13.000    16.000    19.000    41.543     2.373    -0.992     0.138    37.016     2.686    -0.888     0.210
    42.000    32.000    39.000    20.000         *         *    44.000    35.000    34.000    21.000         *         *     0.000     1.000     0.000    -0.914     0.000     1.000     0.000     3.000     6.000    13.000    16.000    19.000    38.941     2.554    -0.985     0.146    39.439     2.716    -1.149     0.227
    52.000    40.000    50.000         *         *         *    36.000    36.000    27.000         *         *         *     0.000     1.000     0.000    -1.359     2.000     5.000     0.000     3.000     6.000    13.000    16.000    19.000    47.181     2.866    -0.833     0.156    36.449     2.837    -0.861     0.245
    68.000    63.000    36.000    37.000         *         *    41.000    44.000    38.000    34.000         *         *     0.000     0.000     0.000    -0.556     0.000     3.000     0.000     3.000     6.000    13.000    16.000    19.000    51.418     2.554    -0.823     0.146    43.233     2.716    -0.783     0.227
    36.000    28.000    30.000         *         *         *    47.000    41.000    41.000         *         *         *     0.000     0.000     0.000    -0.822     0.000     0.000     0.000     3.000     6.000    13.000    16.000    19.000    35.670     2.866    -0.980     0.156    44.704     2.837    -0.996     0.245
    36.000         *         *         *         *         *    39.000         *         *         *         *         *     0.000     1.000     0.000    -0.822     0.000     1.000     0.000     3.000     6.000    13.000    16.000    19.000    38.499     4.160    -0.956     0.168    37.284     4.267    -1.049     0.247
    44.000         *         *         *         *         *    53.000         *         *         *         *         *     0.000     1.000     0.000    -1.150     3.000    -2.000     0.000     3.000     6.000    13.000    16.000    19.000    41.853     4.160    -0.892     0.168    50.918     4.267    -1.024     0.247
    32.000         *         *         *         *         *    38.000         *         *         *         *         *     0.000     0.000     0.000    -1.536     0.000    16.000     0.000     3.000     6.000    13.000    16.000    19.000    38.626     4.160    -1.042     0.168    37.196     4.267    -0.802     0.247
    37.000    49.000    45.000    40.000    30.000    38.000    20.000    30.000    19.000    25.000    16.000         *     0.000     1.000     0.000    -1.538     0.000     0.000     0.000     3.000     6.000    13.000    16.000    19.000    45.848     2.271    -0.737     0.130    27.491     2.685    -0.685     0.210
    38.000         *         *         *         *         *    12.000         *         *         *         *         *     0.000     0.000     1.000    -2.167     0.000     6.000     0.000     3.000     6.000    13.000    16.000    19.000    36.985     4.160    -0.921     0.168    17.523     4.267    -0.617     0.247
    25.000    35.000    24.000    37.000    30.000    25.000    40.000    28.000    29.000    29.000    19.000     8.000     0.000     0.000     1.000    -2.167     0.000    -2.000     0.000     3.000     6.000    13.000    16.000    19.000    36.998     2.269    -0.725     0.130    35.292     2.683    -1.053     0.192
    38.000    31.000    34.000         *         *         *    44.000    24.000    22.000         *         *         *     0.000     1.000     0.000    -2.481     0.000    -8.000     0.000     3.000     6.000    13.000    16.000    19.000    37.331     2.866    -0.868     0.156    33.302     2.837    -1.107     0.245
    41.000    38.000    40.000    21.000    20.000         *    37.000    49.000    39.000    27.000    21.000         *     0.000     1.000     1.000    -2.505     0.000    12.000     0.000     3.000     6.000    13.000    16.000    19.000    40.267     2.373    -1.021     0.138    42.360     2.686    -1.070     0.210
    44.000         *    40.000    45.000         *         *    40.000         *    20.000         *         *         *     0.000     1.000     0.000    -2.505     0.000     9.000     0.000     3.000     6.000    13.000    16.000    19.000    47.239     2.838    -0.797     0.147    33.796     3.355    -0.937     0.245
    43.000    43.000    40.000    37.000    26.000    20.000    58.000    53.000    51.000    40.000    40.000    39.000     0.000     0.000     0.000    -3.381     1.000     5.000     0.000     3.000     6.000    13.000    16.000    19.000    43.388     2.269    -0.916     0.130    54.431     2.683    -0.886     0.192
    42.000    27.000    38.000         *         *         *    33.000         *    16.000         *         *         *     0.000     0.000     0.000    -1.962     0.000     3.000     0.000     3.000     6.000    13.000    16.000    19.000    38.312     2.866    -0.921     0.156    27.941     3.355    -0.846     0.245
    49.000         *    46.000         *         *         *    42.000         *    45.000         *         *         *     0.000     0.000     0.000    -1.464     0.000    -1.000     0.000     3.000     6.000    13.000    16.000    19.000    45.884     3.312    -0.788     0.159    44.391     3.360    -0.833     0.246
    35.000    22.000         *         *         *         *    22.000    26.000         *         *         *         *     0.000     1.000     1.000    -2.745     0.000     1.000     0.000     3.000     6.000    13.000    16.000    19.000    32.737     3.349    -0.978     0.162    26.459     3.271    -0.900     0.246
    44.000    40.000    25.000         *         *         *    33.000    24.000    28.000         *         *         *     0.000     1.000     0.000    -2.745     0.000     7.000     0.000     3.000     6.000    13.000    16.000    19.000    39.798     2.866    -0.987     0.156    31.462     2.837    -0.862     0.245
    32.000    38.000    29.000    26.000         *         *    18.000    15.000    14.000    11.000         *         *     0.000     0.000     0.000    -4.216     0.000    -5.000     0.000     3.000     6.000    13.000    16.000    19.000    35.729     2.554    -0.850     0.146    19.188     2.716    -0.644     0.227
    35.000    30.000    26.000         *         *         *    30.000    32.000    28.000         *         *         *     0.000     0.000     1.000    -4.213     0.000    -7.000     0.000     3.000     6.000    13.000    16.000    19.000    33.498     2.866    -0.856     0.156    32.473     2.837    -0.806     0.245
    29.000    44.000    40.000         *    27.000         *    40.000    32.000    20.000         *    15.000         *     0.000     1.000     0.000    -4.467     0.000     1.000     0.000     3.000     6.000    13.000    16.000    19.000    40.864     2.556    -0.833     0.143    33.126     2.758    -1.017     0.216
    44.000    39.000    40.000    21.000         *    27.000    34.000    27.000    22.000    12.000    15.000         *     0.000     1.000     0.000    -3.750     0.000    -4.000     0.000     3.000     6.000    13.000    16.000    19.000    40.592     2.376    -0.852     0.135    30.035     2.685    -0.993     0.210
    26.000    40.000    32.000         *         *         *    35.000    31.000    30.000         *         *         *     0.000     1.000     0.000    -2.839     0.000     0.000     0.000     3.000     6.000    13.000    16.000    19.000    37.166     2.866    -0.923     0.156    34.371     2.837    -0.949     0.245
    53.000    36.000    36.000         *         *         *    18.000    12.000    11.000         *         *         *     0.000     1.000     0.000    -2.842     0.000     9.000     0.000     3.000     6.000    13.000    16.000    19.000    42.928     2.866    -0.931     0.156    18.183     2.837    -0.718     0.245
    26.000    54.000         *         *    24.000    29.000    53.000         *         *         *    33.000         *     1.000     1.000     0.000    -4.333     2.000     8.000     0.000     3.000     6.000    13.000    16.000    19.000    43.459     2.592    -1.008     0.133    49.992     3.720    -0.954     0.222
    41.000    35.000    38.000         *         *         *    43.000    32.000    36.000         *         *         *     0.000     0.000     0.000    -5.003     1.000    10.000     0.000     3.000     6.000    13.000    16.000    19.000    41.394     2.866    -0.904     0.156    39.319     2.837    -0.679     0.245
         *    34.000    43.000    34.000         *         *         *    23.000         *    10.000         *         *     0.000     1.000     0.000     0.800     1.000    -5.000     0.000     3.000     6.000    13.000    16.000    19.000    41.138     2.800    -0.831     0.146    26.807     3.786    -1.041     0.242
    36.000         *         *         *    30.000    25.000    38.000         *         *         *    22.000    13.000     0.000     0.000     0.000    -4.027     0.000    -4.000     0.000     3.000     6.000    13.000    16.000    19.000    39.187     2.869    -0.780     0.132    35.410     3.615    -0.944     0.207
    45.000    33.000    31.000         *    27.000    32.000    46.000    42.000    46.000    34.000    18.000         *     0.000     1.000     0.000    -3.777     0.000     0.000     0.000     3.000     6.000    13.000    16.000    19.000    41.142     2.388    -0.817     0.132    45.727     2.685    -1.161     0.210
    42.000    37.000    32.000         *         *         *    41.000    42.000    42.000         *         *         *     0.000     1.000     0.000    -3.844     3.000     7.000     0.000     3.000     6.000    13.000    16.000    19.000    40.451     2.866    -0.958     0.156    44.323     2.837    -0.774     0.245
    43.000    43.000    45.000    25.000         *         *    53.000    41.000    48.000    43.000         *         *     0.000     1.000     1.000    -4.372     1.000    11.000     0.000     3.000     6.000    13.000    16.000    19.000    44.539     2.554    -0.911     0.146    49.667     2.716    -0.802     0.227
    42.000         *         *         *         *         *    50.000         *         *         *         *         *     0.000     1.000     0.000    -5.220     2.000     8.000     0.000     3.000     6.000    13.000    16.000    19.000    43.735     4.160    -0.883     0.168    48.619     4.267    -0.840     0.247
    35.000    33.000         *         *         *         *    42.000    38.000         *         *         *         *     0.000     0.000     0.000    -3.258     0.000   -10.000     0.000     3.000     6.000    13.000    16.000    19.000    35.642     3.349    -0.851     0.162    40.136     3.271    -0.927     0.246
    43.000         *         *         *         *         *    48.000         *         *         *         *         *     0.000     1.000     0.000    -3.872     0.000     0.000     0.000     3.000     6.000    13.000    16.000    19.000    42.778     4.160    -0.845     0.168    44.829     4.267    -1.000     0.247
    38.000    40.000    41.000         *         *         *    57.000    53.000    52.000         *         *         *     0.000     0.000     0.000    -5.556     3.000     0.000     0.000     3.000     6.000    13.000    16.000    19.000    42.070     2.866    -0.803     0.156    55.288     2.837    -0.753     0.245
    54.000    51.000    40.000         *         *         *    59.000    51.000    47.000         *         *         *     0.000     0.000     0.000    -5.556     0.000     5.000     0.000     3.000     6.000    13.000    16.000    19.000    48.808     2.866    -0.762     0.156    53.387     2.837    -0.834     0.245
    22.000    39.000    39.000    26.000    20.000         *    44.000    37.000    43.000    26.000    29.000         *     0.000     1.000     1.000    -5.892     0.000     4.000     0.000     3.000     6.000    13.000    16.000    19.000    37.686     2.373    -0.881     0.138    42.046     2.686    -0.925     0.210
    44.000         *         *         *         *         *    31.000         *         *         *         *         *     0.000     0.000     0.000    -5.908     0.000    -1.000     0.000     3.000     6.000    13.000    16.000    19.000    40.854     4.160    -0.807     0.168    32.641     4.267    -0.648     0.247
    43.000    48.000    37.000    30.000         *         *    42.000    37.000    35.000    31.000         *         *     0.000     1.000     0.000    -4.172     1.000     2.000     0.000     3.000     6.000    13.000    16.000    19.000    43.706     2.554    -0.861     0.146    40.664     2.716    -0.834     0.227
    29.000    38.000    36.000         *         *         *    37.000    33.000    27.000         *         *         *     0.000     1.000     0.000    -4.172     0.000     1.000     0.000     3.000     6.000    13.000    16.000    19.000    38.533     2.866    -0.887     0.156    34.848     2.837    -0.932     0.245
    44.000    46.000         *    34.000    18.000         *    43.000    43.000         *    25.000    18.000         *     0.000     1.000     0.000    -3.470     2.000     7.000     0.000     3.000     6.000    13.000    16.000    19.000    42.675     2.570    -0.957     0.138    41.325     2.931    -1.077     0.211
    41.000    40.000    35.000    27.000    31.000    25.000    45.000    41.000    44.000    37.000    35.000    29.000     0.000     0.000     0.000    -6.056     2.000     1.000     0.000     3.000     6.000    13.000    16.000    19.000    40.895     2.269    -0.825     0.130    45.204     2.683    -0.707     0.192
    42.000         *         *         *         *         *    35.000         *         *         *         *         *     0.000     1.000     0.000    -4.866     0.000     0.000     0.000     3.000     6.000    13.000    16.000    19.000    41.373     4.160    -0.847     0.168    35.189     4.267    -0.855     0.247
    35.000         *         *         *         *         *    34.000         *         *         *         *         *     0.000     0.000     0.000    -4.866     0.000     0.000     0.000     3.000     6.000    13.000    16.000    19.000    37.193     4.160    -0.884     0.168    34.273     4.267    -0.737     0.247
    20.000         *    40.000         *         *         *    24.000         *         *         *         *         *     0.000     1.000     0.000    -4.430     0.000     1.000     0.000     3.000     6.000    13.000    16.000    19.000    36.021     3.312    -0.894     0.159    26.348     4.256    -0.806     0.246
    42.000    43.000    37.000         *         *         *    41.000    38.000    33.000         *         *         *     0.000     1.000     0.000    -3.928     3.000     3.000     0.000     3.000     6.000    13.000    16.000    19.000    42.656     2.866    -0.869     0.156    40.429     2.837    -0.800     0.245
    45.000    38.000    40.000         *         *         *    24.000    24.000    31.000         *         *         *     0.000     0.000     0.000    -4.833     0.000    -9.000     0.000     3.000     6.000    13.000    16.000    19.000    40.766     2.866    -0.746     0.156    28.871     2.837    -0.620     0.245
    33.000    33.000    39.000    40.000    30.000    26.000    30.000    21.000    22.000         *    18.000    17.000     0.000     1.000     0.000    -4.833     0.000    -7.000     0.000     3.000     6.000    13.000    16.000    19.000    40.354     2.270    -0.718     0.130    28.328     2.743    -0.722     0.194
    45.000    39.000         *         *         *         *    37.000    37.000         *         *         *         *     0.000     1.000     0.000    -4.736     0.000    -3.000     0.000     3.000     6.000    13.000    16.000    19.000    41.995     3.349    -0.818     0.162    37.994     3.271    -0.891     0.246
    50.000    38.000    43.000         *         *         *    52.000    44.000    42.000         *         *         *     0.000     1.000     0.000    -4.736     0.000    -4.000     0.000     3.000     6.000    13.000    16.000    19.000    44.785     2.866    -0.769     0.156    47.831     2.837    -1.011     0.245
    38.000    37.000    40.000         *         *         *    56.000    52.000    60.000         *         *         *     0.000     1.000     1.000    -5.777     1.000     2.000     0.000     3.000     6.000    13.000    16.000    19.000    42.025     2.866    -0.805     0.156    56.644     2.837    -0.933     0.245
    48.000    37.000    35.000    13.000         *         *    44.000         *         *         *         *         *     0.000     1.000     0.000    -5.683     0.000     6.000     0.000     3.000     6.000    13.000    16.000    19.000    39.491     2.556    -1.027     0.147    41.801     4.248    -0.900     0.246
    42.000    36.000    32.000    34.000    20.000    25.000    40.000    35.000    47.000    29.000    27.000    32.000     0.000     1.000     0.000    -4.358     0.000     6.000     0.000     3.000     6.000    13.000    16.000    19.000    40.886     2.269    -0.934     0.130    42.082     2.683    -0.786     0.192
    45.000    43.000    37.000    27.000    20.000         *    37.000    42.000    38.000    28.000    35.000         *     0.000     1.000     0.000    -6.656     0.000     7.000     0.000     3.000     6.000    13.000    16.000    19.000    41.923     2.373    -0.964     0.138    40.927     2.686    -0.681     0.210
    45.000         *         *         *         *         *    42.000         *         *         *         *         *     0.000     1.000     0.000    -5.473     3.000    10.000     0.000     3.000     6.000    13.000    16.000    19.000    44.458     4.160    -0.885     0.168    43.830     4.267    -0.696     0.247
    35.000    37.000    41.000         *         *         *    36.000    21.000    31.000         *         *         *     0.000     1.000     0.000    -5.761     0.000     2.000     0.000     3.000     6.000    13.000    16.000    19.000    40.962     2.866    -0.835     0.156    31.973     2.837    -0.793     0.245
    45.000    39.000    34.000         *         *         *    33.000     6.000    16.000         *         *         *     0.000     1.000     0.000    -5.761     0.000    12.000     0.000     3.000     6.000    13.000    16.000    19.000    42.617     2.866    -0.915     0.156    22.402     2.837    -0.720     0.245
    32.000    40.000    39.000    24.000         *         *    60.000    51.000    54.000    39.000         *         *     0.000     0.000     0.000    -6.973     2.000     8.000     0.000     3.000     6.000    13.000    16.000    19.000    40.257     2.554    -0.901     0.146    54.790     2.716    -0.837     0.227
    52.000    49.000    42.000    42.000    27.000    23.000    56.000    49.000    55.000    55.000    50.000    37.000     0.000     0.000     1.000    -7.570     3.000     2.000     0.000     3.000     6.000    13.000    16.000    19.000    45.744     2.269    -0.803     0.130    55.598     2.683    -0.591     0.192
    43.000    35.000    37.000    33.000    22.000    31.000    35.000    32.000    30.000    22.000    33.000    32.000     0.000     1.000     0.000    -4.978     0.000     4.000     0.000     3.000     6.000    13.000    16.000    19.000    42.003     2.269    -0.867     0.130    35.738     2.683    -0.550     0.192
    38.000    34.000    34.000    23.000    22.000    29.000    43.000    38.000    35.000    33.000    34.000    33.000     0.000     1.000     0.000    -4.978     0.000     2.000     0.000     3.000     6.000    13.000    16.000    19.000    39.409     2.269    -0.900     0.130    42.050     2.683    -0.694     0.192
         *    33.000    30.000    12.000    14.000         *         *    22.000    17.000    13.000    15.000         *     0.000     0.000     0.000    -3.816     0.000     3.000     0.000     3.000     6.000    13.000    16.000    19.000    33.197     2.564    -1.053     0.138    24.093     3.205    -0.680     0.226
    43.000    37.000    43.000    33.000    28.000         *    41.000    39.000    46.000    35.000    31.000    24.000     0.000     0.000     0.000    -6.917     1.000     3.000     0.000     3.000     6.000    13.000    16.000    19.000    42.382     2.366    -0.807     0.138    43.114     2.684    -0.746     0.192
    38.000    38.000    37.000    38.000    28.000    16.000    53.000    44.000    51.000    40.000    44.000    42.000     0.000     0.000     0.000    -6.917     1.000     2.000     0.000     3.000     6.000    13.000    16.000    19.000    41.102     2.269    -0.864     0.130    50.568     2.683    -0.589     0.192
    35.000    24.000    26.000    24.000    15.000    22.000    26.000    24.000    20.000    27.000    14.000    23.000     0.000     1.000     0.000    -6.092     0.000    -2.000     0.000     3.000     6.000    13.000    16.000    19.000    34.134     2.269    -0.916     0.130    28.201     2.683    -0.591     0.192
    20.000    29.000    29.000    15.000         *         *    22.000    15.000    12.000     7.000         *         *     0.000     1.000     0.000    -6.092     0.000    -3.000     0.000     3.000     6.000    13.000    16.000    19.000    30.816     2.554    -0.956     0.146    19.619     2.716    -0.836     0.227
    36.000    43.000    33.000    19.000    10.000         *    34.000    34.000    30.000    25.000     8.000         *     0.000     1.000     1.000    -6.716     0.000    -7.000     0.000     3.000     6.000    13.000    16.000    19.000    35.356     2.373    -0.922     0.138    34.074     2.686    -1.026     0.210
    47.000    37.000    43.000    42.000    30.000    32.000    40.000    32.000    30.000    26.000     9.000    10.000     0.000     1.000     0.000    -6.716     1.000    -2.000     0.000     3.000     6.000    13.000    16.000    19.000    44.376     2.269    -0.700     0.130    35.785     2.683    -1.125     0.192
    43.000    57.000    46.000         *         *         *    43.000         *    36.000         *         *         *     0.000     1.000     1.000    -7.611     1.000     2.000     0.000     3.000     6.000    13.000    16.000    19.000    48.851     2.866    -0.646     0.156    41.974     3.355    -0.753     0.245
    45.000    34.000    28.000         *         *         *    56.000    53.000         *    33.000         *         *     0.000     0.000     0.000    -8.361     0.000     8.000     0.000     3.000     6.000    13.000    16.000    19.000    39.728     2.851    -0.903     0.156    51.177     3.001    -0.922     0.227
    40.000    33.000    30.000         *         *         *    45.000    39.000    45.000         *         *         *     0.000     0.000     0.000    -8.138     1.000    -6.000     0.000     3.000     6.000    13.000    16.000    19.000    37.324     2.866    -0.810     0.156    44.621     2.837    -0.677     0.245
    30.000    32.000         *         *         *         *    39.000    37.000         *         *         *         *     0.000     0.000     1.000    -7.810     0.000    -3.000     0.000     3.000     6.000    13.000    16.000    19.000    35.042     3.349    -0.804     0.162    38.426     3.271    -0.738     0.246
    44.000    35.000    41.000    46.000         *         *    39.000    33.000    35.000    35.000         *         *     0.000     0.000     0.000    -7.325     1.000     2.000     0.000     3.000     6.000    13.000    16.000    19.000    44.611     2.554    -0.682     0.146    38.706     2.716    -0.537     0.227
    34.000    37.000    29.000    31.000    21.000    12.000    35.000    44.000    12.000    32.000    21.000         *     0.000     1.000     0.000    -8.939     0.000     0.000     0.000     3.000     6.000    13.000    16.000    19.000    36.894     2.271    -0.915     0.130    34.513     2.685    -0.759     0.210
    40.000    31.000    33.000    18.000    16.000         *    43.000    34.000    32.000    27.000    25.000         *     0.000     1.000     0.000    -8.908     0.000     2.000     0.000     3.000     6.000    13.000    16.000    19.000    36.300     2.373    -0.976     0.138    38.508     2.686    -0.824     0.210
    42.000    46.000    50.000    27.000    25.000    24.000    51.000    52.000    52.000    50.000    46.000    38.000     0.000     1.000     0.000    -7.710     2.000    18.000     0.000     3.000     6.000    13.000    16.000    19.000    45.730     2.269    -1.001     0.130    53.602     2.683    -0.619     0.192
    50.000    36.000    44.000    37.000    33.000    19.000    24.000    26.000    22.000    27.000         *         *     0.000     1.000     0.000    -7.209     0.000    -9.000     0.000     3.000     6.000    13.000    16.000    19.000    42.494     2.272    -0.762     0.130    28.403     2.712    -0.590     0.227
    44.000         *    39.000    22.000         *         *         *         *         *         *         *         *     0.000     0.000     0.000    -6.906     0.000     2.000     0.000     3.000     6.000    13.000    16.000    19.000    40.276     2.870    -0.874     0.147    37.646     8.385    -0.667     0.261
    38.000    38.000    41.000    25.000    14.000    14.000         *    47.000    47.000    35.000    31.000    26.000     0.000     0.000     0.000    -6.906     0.000    -4.000     0.000     3.000     6.000    13.000    16.000    19.000    37.376     2.272    -0.943     0.130    46.964     3.198    -0.913     0.211
    33.000    34.000    38.000         *         *         *    31.000    33.000    31.000         *         *         *     0.000     1.000     0.000    -7.500     0.000    -2.000     0.000     3.000     6.000    13.000    16.000    19.000    38.562     2.866    -0.819     0.156    34.016     2.837    -0.758     0.245
    38.000    34.000    41.000    38.000    32.000    31.000    44.000    37.000    38.000    34.000    40.000    32.000     0.000     0.000     0.000    -7.563     0.000    -5.000     0.000     3.000     6.000    13.000    16.000    19.000    42.056     2.269    -0.672     0.130    42.329     2.683    -0.557     0.192
         *         *    45.000    36.000    27.000    38.000         *         *    36.000    32.000    30.000    44.000     0.000     1.000     0.000    -0.861     2.000    -4.000     0.000     3.000     6.000    13.000    16.000    19.000    45.629     2.651    -0.785     0.131    43.988     3.875    -0.678     0.231
         *         *    41.000    32.000    20.000    26.000         *         *    41.000    35.000    16.000         *     0.000     1.000     0.000    -0.828     3.000    -2.000     0.000     3.000     6.000    13.000    16.000    19.000    41.044     2.653    -0.898     0.131    43.873     3.888    -1.108     0.243
    63.000    58.000    44.000    60.000    42.000         *    44.000    56.000    57.000    52.000    52.000         *     0.000     0.000     0.000    -7.908     1.000    19.000     0.000     3.000     6.000    13.000    16.000    19.000    56.745     2.373    -0.693     0.138    53.981     2.686    -0.297     0.210
    63.000    45.000    56.000    35.000    35.000         *    59.000    51.000    54.000    49.000    45.000         *     0.000     0.000     0.000    -7.895     3.000    12.000     0.000     3.000     6.000    13.000    16.000    19.000    51.278     2.373    -0.808     0.138    55.973     2.686    -0.573     0.210
    34.000    31.000    30.000         *         *         *    32.000    38.000    31.000    25.000         *         *     1.000     1.000     1.000    -7.145     1.000    12.000     0.000     3.000     6.000    13.000    16.000    19.000    36.905     2.850    -1.105     0.156    36.047     2.716    -0.760     0.227
    40.000    40.000    35.000    32.000    24.000    27.000    39.000    35.000    33.000    29.000    37.000    29.000     0.000     0.000     0.000    -6.911     1.000     6.000     0.000     3.000     6.000    13.000    16.000    19.000    41.317     2.269    -0.854     0.130    38.440     2.683    -0.491     0.192
    44.000    41.000    45.000    30.000         *         *    47.000    39.000    17.000    30.000         *         *     0.000     1.000     0.000    -7.683     0.000     6.000     0.000     3.000     6.000    13.000    16.000    19.000    44.679     2.554    -0.819     0.146    37.969     2.716    -0.838     0.227
    49.000    47.000    39.000    34.000    30.000    39.000    44.000    46.000    36.000    33.000    33.000    30.000     0.000     1.000     0.000    -8.208     1.000    -4.000     0.000     3.000     6.000    13.000    16.000    19.000    45.528     2.269    -0.696     0.130    44.260     2.683    -0.775     0.192
    46.000    46.000    44.000         *         *         *    41.000    43.000    45.000         *         *         *     0.000     1.000     0.000    -7.419     1.000     0.000     0.000     3.000     6.000    13.000    16.000    19.000    46.221     2.866    -0.736     0.156    44.714     2.837    -0.717     0.245
    53.000    55.000         *         *         *         *    41.000    35.000         *         *         *         *     0.000     1.000     0.000    -9.153     0.000    -1.000     0.000     3.000     6.000    13.000    16.000    19.000    50.624     3.349    -0.630     0.162    39.140     3.271    -0.689     0.246
    43.000    43.000    43.000         *    37.000    23.000    40.000    38.000    42.000         *    22.000    20.000     0.000     1.000     0.000    -9.156     0.000     3.000     0.000     3.000     6.000    13.000    16.000    19.000    44.400     2.392    -0.774     0.132    40.496     2.744    -0.913     0.194
    43.000    36.000         *         *    17.000         *    19.000    23.000         *         *         *         *     0.000     1.000     0.000    -8.202     0.000    -2.000     0.000     3.000     6.000    13.000    16.000    19.000    37.517     2.838    -0.901     0.144    23.925     3.264    -0.634     0.246
    43.000    41.000    40.000    29.000    20.000    25.000    41.000    32.000    29.000    22.000    29.000    28.000     0.000     1.000     0.000   -10.234     0.000    11.000     0.000     3.000     6.000    13.000    16.000    19.000    42.465     2.269    -0.926     0.130    36.056     2.683    -0.595     0.192
    45.000    36.000    44.000    36.000    31.000    30.000    47.000    36.000    27.000    25.000    21.000    18.000     0.000     1.000     0.000   -10.126     0.000    10.000     0.000     3.000     6.000    13.000    16.000    19.000    44.854     2.269    -0.783     0.130    38.331     2.683    -0.943     0.192
    38.000    41.000    38.000    24.000    22.000         *    49.000    38.000    44.000    33.000    41.000    24.000     0.000     1.000     0.000   -11.108     0.000     4.000     0.000     3.000     6.000    13.000    16.000    19.000    40.291     2.366    -0.893     0.138    45.042     2.684    -0.757     0.192
    47.000    55.000    39.000    47.000    39.000    30.000    39.000    49.000    38.000    34.000    23.000    31.000     0.000     1.000     0.000   -10.317     0.000     2.000     0.000     3.000     6.000    13.000    16.000    19.000    48.442     2.269    -0.676     0.130    42.818     2.683    -0.763     0.192
    50.000    37.000    30.000         *         *         *    35.000    34.000    40.000         *         *         *     1.000     1.000     0.000   -10.169     0.000     4.000     0.000     3.000     6.000    13.000    16.000    19.000    41.562     2.866    -0.998     0.156    38.525     2.837    -0.628     0.245
    57.000    46.000    44.000    47.000    30.000         *    37.000    39.000    41.000    36.000    25.000         *     0.000     1.000     0.000   -11.281     2.000     2.000     0.000     3.000     6.000    13.000    16.000    19.000    48.456     2.373    -0.688     0.138    40.912     2.686    -0.601     0.210
    44.000    43.000    41.000         *         *         *    45.000    43.000    42.000         *         *         *     0.000     1.000     0.000   -10.214     2.000    18.000     0.000     3.000     6.000    13.000    16.000    19.000    46.432     2.866    -0.853     0.156    45.454     2.837    -0.553     0.245
    38.000    37.000    38.000         *         *         *    28.000    38.000    27.000         *         *         *     0.000     1.000     0.000   -10.214     3.000    15.000     0.000     3.000     6.000    13.000    16.000    19.000    41.758     2.866    -0.887     0.156    34.296     2.837    -0.441     0.245
    38.000         *         *         *         *         *    36.000         *         *         *         *         *     0.000     1.000     0.000   -11.850     0.000     4.000     0.000     3.000     6.000    13.000    16.000    19.000    41.898     4.160    -0.770     0.168    36.916     4.267    -0.604     0.247
    37.000         *         *         *         *         *    35.000         *         *         *         *         *     0.000     1.000     0.000   -11.850     0.000     1.000     0.000     3.000     6.000    13.000    16.000    19.000    40.801     4.160    -0.761     0.168    36.001     4.267    -0.618     0.247
    39.000    39.000    40.000    28.000    27.000    31.000    56.000    55.000    53.000    50.000    45.000    48.000     0.000     0.000     0.000   -10.578     2.000    12.000     0.000     3.000     6.000    13.000    16.000    19.000    42.911     2.269    -0.838     0.130    55.683     2.683    -0.520     0.192
    48.000    43.000    39.000    38.000    22.000    29.000    46.000    53.000    46.000    46.000    41.000    39.000     0.000     1.000     0.000   -10.526     2.000    19.000     0.000     3.000     6.000    13.000    16.000    19.000    45.873     2.269    -0.928     0.130    50.358     2.683    -0.544     0.192
    62.000    52.000    50.000    56.000    51.000    32.000    46.000    53.000    52.000    49.000    48.000    35.000     0.000     1.000     1.000   -13.750     1.000     8.000     0.000     3.000     6.000    13.000    16.000    19.000    54.481     2.269    -0.573     0.130    51.946     2.683    -0.519     0.192
    45.000    47.000    40.000    24.000         *         *    53.000    50.000    52.000    40.000    42.000         *     0.000     1.000     1.000   -13.578     1.000    12.000     0.000     3.000     6.000    13.000    16.000    19.000    44.625     2.543    -0.814     0.146    51.931     2.687    -0.643     0.210
    38.000    34.000    36.000    24.000    25.000    32.000    57.000    61.000    65.000    62.000    56.000    57.000     0.000     0.000     0.000   -11.089     3.000     0.000     0.000     3.000     6.000    13.000    16.000    19.000    39.787     2.269    -0.779     0.130    62.602     2.683    -0.395     0.192
    45.000    51.000    41.000         *         *         *    47.000    42.000    49.000         *         *         *     0.000     1.000     0.000   -13.100     1.000     2.000     0.000     3.000     6.000    13.000    16.000    19.000    47.308     2.866    -0.665     0.156    47.300     2.837    -0.547     0.245
    39.000    39.000    41.000    28.000    23.000    23.000    43.000    44.000    44.000    37.000    37.000    26.000     0.000     0.000     0.000   -13.384     0.000    10.000     0.000     3.000     6.000    13.000    16.000    19.000    41.066     2.269    -0.853     0.130    44.150     2.683    -0.592     0.192
    37.000    28.000    27.000    35.000    20.000    27.000    52.000    49.000    25.000    46.000    23.000    30.000     0.000     1.000     0.000   -11.892     0.000    -2.000     0.000     3.000     6.000    13.000    16.000    19.000    37.723     2.269    -0.765     0.130    45.556     2.683    -0.876     0.192
    35.000    21.000    30.000    17.000         *         *    45.000    37.000    33.000    29.000         *         *     0.000     0.000     0.000   -11.892     0.000     0.000     0.000     3.000     6.000    13.000    16.000    19.000    33.074     2.554    -0.890     0.146    39.916     2.716    -0.687     0.227
    38.000    36.000    42.000         *         *         *    39.000         *    36.000         *         *         *     0.000     1.000     0.000   -11.624     1.000     6.000     0.000     3.000     6.000    13.000    16.000    19.000    42.391     2.866    -0.776     0.156    39.650     3.355    -0.586     0.245
    36.000    39.000    46.000    38.000    41.000         *    56.000    57.000    59.000    53.000    54.000         *     0.000     1.000     0.000   -14.545     2.000    13.000     0.000     3.000     6.000    13.000    16.000    19.000    46.833     2.373    -0.691     0.138    58.485     2.686    -0.446     0.210
    11.000         *         *         *         *         *    61.000         *         *         *         *         *     0.000     0.000     0.000   -12.689     1.000    -3.000     0.000     3.000     6.000    13.000    16.000    19.000    29.907     4.160    -0.861     0.168    55.159     4.267    -0.753     0.247
    41.000         *         *         *         *         *    38.000         *         *         *         *         *     0.000     1.000     1.000   -13.725     0.000     4.000     0.000     3.000     6.000    13.000    16.000    19.000    43.631     4.160    -0.672     0.168    38.601     4.267    -0.567     0.247
    50.000         *         *         *         *         *    29.000         *         *         *         *         *     0.000     1.000     0.000   -13.725     0.000     2.000     0.000     3.000     6.000    13.000    16.000    19.000    46.481     4.160    -0.659     0.168    32.542     4.267    -0.446     0.247
    50.000    34.000    35.000         *         *         *    32.000    37.000    21.000         *         *         *     1.000     0.000     1.000   -13.124     0.000     8.000     0.000     3.000     6.000    13.000    16.000    19.000    41.704     2.866    -0.894     0.156    32.758     2.837    -0.461     0.245
    65.000    55.000    67.000         *         *         *    47.000    42.000    42.000         *         *         *     0.000     0.000     0.000   -12.884     0.000    10.000     0.000     3.000     6.000    13.000    16.000    19.000    59.248     2.866    -0.492     0.156    45.022     2.837    -0.369     0.245
    53.000    61.000    58.000    60.000    47.000    46.000    47.000    37.000    45.000    46.000    35.000    37.000     0.000     0.000     1.000   -15.213     0.000    13.000     0.000     3.000     6.000    13.000    16.000    19.000    57.184     2.269    -0.461     0.130    44.225     2.683    -0.318     0.192
    50.000    47.000    40.000    33.000    29.000    31.000    57.000    48.000    61.000    47.000    56.000    49.000     0.000     0.000     0.000   -15.210     1.000    10.000     0.000     3.000     6.000    13.000    16.000    19.000    46.082     2.269    -0.785     0.130    55.563     2.683    -0.312     0.192
    41.000    45.000    43.000    27.000    27.000    36.000    49.000    48.000    53.000    47.000    50.000    44.000     0.000     1.000     0.000   -16.081     1.000     9.000     0.000     3.000     6.000    13.000    16.000    19.000    44.753     2.269    -0.766     0.130    51.478     2.683    -0.350     0.192
    53.000    46.000    43.000         *         *         *    43.000    44.000    50.000         *         *         *     0.000     1.000     0.000   -15.059     0.000     0.000     0.000     3.000     6.000    13.000    16.000    19.000    48.139     2.866    -0.617     0.156    46.795     2.837    -0.490     0.245
    50.000    51.000    49.000    50.000    45.000         *    46.000    45.000    46.000    40.000    28.000         *     0.000     1.000     1.000   -15.059     0.000    -7.000     0.000     3.000     6.000    13.000    16.000    19.000    50.640     2.373    -0.401     0.138    46.247     2.686    -0.723     0.210
    40.000    40.000         *    34.000    35.000    35.000    36.000    32.000         *    31.000    28.000    35.000     0.000     0.000     0.000   -16.732     0.000     1.000     0.000     3.000     6.000    13.000    16.000    19.000    43.224     2.424    -0.593     0.130    35.619     2.919    -0.267     0.195
    28.000    24.000    20.000         *     6.000    13.000    44.000    34.000    35.000    29.000    31.000    32.000     0.000     1.000     1.000   -16.721     1.000     1.000     0.000     3.000     6.000    13.000    16.000    19.000    29.559     2.387    -0.926     0.132    39.522     2.683    -0.541     0.192
    49.000    50.000    41.000    34.000    31.000    26.000    66.000    57.000    55.000    50.000    46.000    41.000     0.000     1.000     0.000   -17.606     1.000     2.000     0.000     3.000     6.000    13.000    16.000    19.000    45.833     2.269    -0.739     0.130    59.158     2.683    -0.749     0.192
    42.000    42.000    42.000    48.000    43.000    25.000    54.000    49.000    57.000    49.000    50.000    41.000     0.000     1.000     0.000   -17.381     1.000     3.000     0.000     3.000     6.000    13.000    16.000    19.000    46.738     2.269    -0.615     0.130    54.200     2.683    -0.485     0.192
    51.000    41.000    50.000    37.000    39.000    57.000    52.000    49.000    40.000    26.000         *    20.000     0.000     1.000     0.000   -15.594     1.000    13.000     0.000     3.000     6.000    13.000    16.000    19.000    50.883     2.270    -0.525     0.130    46.349     2.704    -1.006     0.200
    57.000    50.000    50.000    52.000    37.000    46.000    53.000    54.000    61.000    40.000    55.000    49.000     0.000     1.000     0.000   -15.538     0.000     7.000     0.000     3.000     6.000    13.000    16.000    19.000    53.505     2.269    -0.575     0.130    55.655     2.683    -0.447     0.192
    50.000    47.000    44.000    32.000    32.000    44.000    45.000    42.000    44.000    40.000    41.000    47.000     0.000     1.000     0.000   -15.242     0.000    15.000     0.000     3.000     6.000    13.000    16.000    19.000    48.962     2.269    -0.733     0.130    45.577     2.683    -0.266     0.192
    59.000    51.000         *         *         *         *    40.000    35.000    36.000         *         *         *     0.000     0.000     0.000   -15.605     0.000    10.000     0.000     3.000     6.000    13.000    16.000    19.000    52.293     3.333    -0.590     0.162    38.842     2.838    -0.259     0.245
    50.000    49.000    48.000         *         *         *    27.000    32.000    39.000         *         *         *     0.000     0.000     0.000   -15.603     0.000    11.000     0.000     3.000     6.000    13.000    16.000    19.000    49.463     2.866    -0.630     0.156    34.269     2.837    -0.121     0.245
    51.000    45.000    45.000    36.000    34.000    31.000    51.000    37.000    43.000    39.000    37.000    36.000     0.000     1.000     0.000   -18.250     0.000    12.000     0.000     3.000     6.000    13.000    16.000    19.000    47.787     2.269    -0.734     0.130    44.900     2.683    -0.443     0.192
         *         *    38.000    45.000    35.000    34.000         *         *    44.000    42.000    35.000    24.000     0.000     1.000     0.000   -11.721     2.000    -2.000     0.000     3.000     6.000    13.000    16.000    19.000    45.832     2.651    -0.624     0.131    47.419     3.875    -0.810     0.231
         *         *    40.000    31.000    29.000    35.000         *         *    41.000    39.000    47.000    41.000     0.000     1.000     1.000   -11.721     0.000    -3.000     0.000     3.000     6.000    13.000    16.000    19.000    43.343     2.651    -0.678     0.131    47.572     3.875    -0.491     0.231
         *         *         *    52.000    34.000         *         *         *         *    17.000    20.000         *     0.000     0.000     1.000    -4.306     0.000     6.000     0.000     3.000     6.000    13.000    16.000    19.000    48.271     3.200    -0.656     0.138    29.932     4.841    -0.697     0.259
         *         *         *    45.000    31.000    39.000         *         *         *    39.000    34.000    25.000     0.000     1.000     0.000    -3.381     1.000     6.000     0.000     3.000     6.000    13.000    16.000    19.000    48.907     2.912    -0.762     0.131    46.507     4.753    -0.905     0.253
         *         *         *    29.000    27.000    37.000         *         *         *    30.000    34.000    32.000     0.000     1.000     0.000    -3.475     1.000     6.000     0.000     3.000     6.000    13.000    16.000    19.000    44.517     2.912    -0.851     0.131    44.115     4.753    -0.795     0.253
         *    46.000    45.000    34.000    30.000    45.000         *    42.000    39.000    31.000    32.000    27.000     0.000     0.000     0.000   -13.600     1.000     0.000     0.000     3.000     6.000    13.000    16.000    19.000    45.930     2.435    -0.585     0.131    41.496     3.200    -0.596     0.211
         *    48.000    45.000    42.000         *         *         *    42.000    24.000    34.000         *         *     0.000     0.000     0.000   -13.600     1.000     6.000     0.000     3.000     6.000    13.000    16.000    19.000    48.097     2.799    -0.622     0.146    37.151     3.257    -0.355     0.240
         *    39.000         *         *         *         *         *    59.000         *         *         *         *     0.000     0.000     0.000   -14.078     1.000     1.000     0.000     3.000     6.000    13.000    16.000    19.000    43.487     3.984    -0.685     0.164    57.112     4.394    -0.549     0.252
         *    40.000    34.000    37.000         *         *         *    51.000         *    46.000         *         *     0.000     1.000     0.000   -14.150     1.000     0.000     0.000     3.000     6.000    13.000    16.000    19.000    43.318     2.800    -0.695     0.146    51.855     3.786    -0.602     0.242
         *    42.000         *         *         *         *         *    50.000         *         *         *         *     0.000     0.000     0.000   -15.374     0.000     8.000     0.000     3.000     6.000    13.000    16.000    19.000    46.027     3.984    -0.679     0.164    49.746     4.394    -0.422     0.252
         *    46.000    38.000    60.000    41.000    42.000         *    32.000    30.000    33.000    25.000    35.000     0.000     1.000     1.000   -16.471     0.000    10.000     0.000     3.000     6.000    13.000    16.000    19.000    50.798     2.435    -0.494     0.131    35.141     3.200    -0.308     0.211
         *         *         *    34.000    34.000    32.000         *         *         *    24.000    25.000    31.000     0.000     1.000     0.000    -6.400     1.000    -5.000     0.000     3.000     6.000    13.000    16.000    19.000    43.671     2.912    -0.715     0.131    38.336     4.753    -0.727     0.253
         *         *         *    22.000    19.000    20.000         *         *         *    12.000    29.000    23.000     0.000     1.000     0.000    -6.406     0.000     2.000     0.000     3.000     6.000    13.000    16.000    19.000    37.128     2.912    -0.952     0.131    32.692     4.753    -0.695     0.253
         *         *         *    22.000    25.000    33.000         *         *         *    42.000    48.000    51.000     0.000     0.000     0.000    -4.598     0.000    11.000     0.000     3.000     6.000    13.000    16.000    19.000    42.927     2.912    -0.932     0.131    53.404     4.753    -0.533     0.253
         *         *         *    30.000    19.000    30.000         *         *         *    45.000    44.000    51.000     0.000     0.000     0.000    -4.542     0.000     2.000     0.000     3.000     6.000    13.000    16.000    19.000    41.344     2.912    -0.889     0.131    53.620     4.753    -0.584     0.253
         *         *         *    44.000    39.000    51.000         *         *         *    53.000    42.000    43.000     0.000     1.000     0.000    -4.589     1.000    13.000     0.000     3.000     6.000    13.000    16.000    19.000    54.324     2.912    -0.706     0.131    56.814     4.753    -0.778     0.253
         *    58.000         *    40.000    40.000    51.000         *    47.000         *    41.000    41.000    45.000     0.000     1.000     0.000   -14.570     1.000    15.000     0.000     3.000     6.000    13.000    16.000    19.000    54.448     2.629    -0.629     0.131    48.453     3.625    -0.384     0.219
         *    59.000    55.000    54.000    52.000    57.000         *    52.000    51.000    43.000    36.000    47.000     0.000     1.000     0.000   -16.377     0.000     6.000     0.000     3.000     6.000    13.000    16.000    19.000    58.272     2.435    -0.394     0.131    51.506     3.200    -0.525     0.211
         *    43.000    35.000    37.000    35.000    31.000         *    44.000    53.000    34.000    38.000    40.000     0.000     1.000     0.000   -15.978     0.000    -5.000     0.000     3.000     6.000    13.000    16.000    19.000    43.648     2.435    -0.620     0.131    48.255     3.200    -0.602     0.211
         *    51.000    56.000         *         *         *         *    48.000    48.000         *         *         *     0.000     1.000     0.000   -14.936     1.000     4.000     0.000     3.000     6.000    13.000    16.000    19.000    53.144     3.230    -0.546     0.157    49.860     3.477    -0.491     0.252
         *    55.000    44.000    30.000    29.000    43.000         *    44.000    49.000    46.000    18.000    47.000     0.000     1.000     0.000   -14.936     0.000     4.000     0.000     3.000     6.000    13.000    16.000    19.000    47.829     2.435    -0.685     0.131    46.943     3.200    -0.560     0.211
    34.000    36.000    40.000    39.000    35.000    23.000    33.000    43.000    26.000    27.000    27.000    34.000     0.000     1.000     0.000   -21.172     0.000     2.000     0.000     3.000     6.000    13.000    16.000    19.000    41.550     2.269    -0.620     0.130    35.321     2.683    -0.329     0.192
    38.000    37.000    37.000    28.000    28.000         *    29.000    34.000    35.000    36.000    35.000    28.000     0.000     1.000     0.000   -21.153     0.000    -2.000     0.000     3.000     6.000    13.000    16.000    19.000    39.691     2.366    -0.667     0.138    35.223     2.684    -0.202     0.192
         *         *    56.000    34.000    37.000    35.000         *         *    38.000    31.000    33.000    37.000     0.000     1.000     0.000   -13.511     0.000     2.000     0.000     3.000     6.000    13.000    16.000    19.000    48.613     2.651    -0.669     0.131    40.895     3.875    -0.456     0.231
         *         *    42.000    52.000    50.000    52.000         *         *    41.000    35.000    46.000    33.000     0.000     0.000     0.000   -13.511     0.000     0.000     0.000     3.000     6.000    13.000    16.000    19.000    52.522     2.651    -0.394     0.131    44.633     3.875    -0.440     0.231
         *         *         *    35.000    35.000    48.000         *         *         *    24.000    16.000    26.000     0.000     0.000     1.000    -5.653     0.000    -5.000     0.000     3.000     6.000    13.000    16.000    19.000    45.604     2.912    -0.543     0.131    33.557     4.753    -0.705     0.253
         *         *         *    46.000    26.000    37.000         *         *         *    35.000    34.000    33.000     0.000     0.000     0.000    -5.650     0.000     3.000     0.000     3.000     6.000    13.000    16.000    19.000    46.552     2.912    -0.730     0.131    43.508     4.753    -0.640     0.253
         *    68.000    43.000    49.000    46.000    50.000         *    71.000    63.000    53.000    52.000    54.000     0.000     1.000     0.000   -15.495     0.000    17.000     0.000     3.000     6.000    13.000    16.000    19.000    57.514     2.435    -0.601     0.131    65.133     3.200    -0.668     0.211
         *    55.000    70.000    48.000    51.000    60.000         *    52.000    56.000    50.000    55.000    49.000     0.000     1.000     0.000   -15.495     0.000    21.000     0.000     3.000     6.000    13.000    16.000    19.000    61.607     2.435    -0.522     0.131    55.588     3.200    -0.327     0.211
         *    47.000    39.000    41.000    35.000    26.000         *    33.000    37.000    29.000    22.000    33.000     0.000     1.000     0.000   -17.758     1.000     1.000     0.000     3.000     6.000    13.000    16.000    19.000    44.946     2.435    -0.653     0.131    36.423     3.200    -0.420     0.211
    42.000    44.000    43.000    45.000    35.000    34.000    46.000    36.000    42.000    39.000    35.000    28.000     0.000     1.000     0.000   -21.450     0.000     5.000     0.000     3.000     6.000    13.000    16.000    19.000    46.552     2.269    -0.565     0.130    42.395     2.683    -0.462     0.192
    46.000    40.000    40.000    30.000    24.000    42.000    47.000    47.000    47.000    49.000    45.000    43.000     0.000     1.000     0.000   -21.450     2.000     0.000     0.000     3.000     6.000    13.000    16.000    19.000    43.505     2.269    -0.614     0.130    49.074     2.683    -0.259     0.192
         *         *         *    48.000    39.000         *         *         *         *    35.000    32.000         *     0.000     1.000     0.000    -8.367     0.000     0.000     0.000     3.000     6.000    13.000    16.000    19.000    49.679     3.200    -0.628     0.138    43.211     4.841    -0.723     0.259
    45.000    50.000         *    41.000    42.000    43.000    61.000    53.000         *    47.000    44.000    32.000     0.000     1.000     0.000   -21.525     0.000    10.000     0.000     3.000     6.000    13.000    16.000    19.000    50.431     2.424    -0.528     0.130    54.450     2.919    -0.707     0.195
    42.000    48.000         *    30.000    25.000    43.000    38.000    44.000         *    50.000    45.000    46.000     0.000     0.000     0.000   -21.522     3.000     4.000     0.000     3.000     6.000    13.000    16.000    19.000    44.099     2.424    -0.604     0.130    44.614     2.919     0.079     0.195
         *         *         *    16.000         *         *         *         *         *     3.000         *         *     0.000     0.000     0.000    -6.025     0.000    -7.000     0.000     3.000     6.000    13.000    16.000    19.000    30.835     3.822    -0.913     0.150    18.813     5.340    -0.768     0.261
         *    45.000    45.000    31.000    31.000         *         *    44.000    50.000    36.000    46.000    48.000     0.000     1.000     0.000   -18.745     0.000     7.000     0.000     3.000     6.000    13.000    16.000    19.000    46.047     2.555    -0.713     0.138    47.619     3.202    -0.269     0.211
         *    48.000    39.000    62.000    38.000    38.000         *    53.000    50.000    51.000    49.000    52.000     0.000     1.000     1.000   -18.691     2.000     5.000     0.000     3.000     6.000    13.000    16.000    19.000    50.562     2.435    -0.495     0.131    54.156     3.200    -0.293     0.211
         *    42.000    43.000    36.000    24.000    28.000         *    45.000    49.000    50.000    42.000    39.000     0.000     0.000     0.000   -19.009     2.000     6.000     0.000     3.000     6.000    13.000    16.000    19.000    43.331     2.435    -0.719     0.131    48.686     3.200    -0.288     0.211
         *    48.000    45.000    30.000    26.000    38.000         *    49.000    46.000    38.000    42.000    38.000     0.000     1.000     0.000   -18.854     0.000     3.000     0.000     3.000     6.000    13.000    16.000    19.000    45.596     2.435    -0.678     0.131    47.994     3.200    -0.486     0.211
         *    42.000    47.000    27.000    35.000    41.000         *    44.000    50.000    43.000    49.000    45.000     0.000     0.000     0.000   -18.138     1.000     6.000     0.000     3.000     6.000    13.000    16.000    19.000    45.927     2.435    -0.625     0.131    48.520     3.200    -0.200     0.211
         *    45.000         *         *         *         *         *    51.000         *         *         *         *     0.000     1.000     0.000   -17.327     3.000     8.000     0.000     3.000     6.000    13.000    16.000    19.000    48.213     3.984    -0.648     0.164    53.341     4.394    -0.376     0.252
         *    23.000    26.000    26.000    19.000    19.000         *    16.000         *    18.000    21.000    22.000     0.000     0.000     0.000   -17.250     0.000    -4.000     0.000     3.000     6.000    13.000    16.000    19.000    32.747     2.435    -0.745     0.131    23.226     3.622    -0.196     0.219
         *    50.000    44.000    47.000    41.000    38.000         *    52.000    57.000    53.000    49.000    45.000     0.000     1.000     0.000   -18.731     1.000     7.000     0.000     3.000     6.000    13.000    16.000    19.000    50.689     2.435    -0.581     0.131    55.757     3.200    -0.430     0.211
         *    47.000    60.000    47.000    45.000    40.000         *    57.000    52.000    51.000    56.000    50.000     0.000     1.000     0.000   -18.734     1.000     8.000     0.000     3.000     6.000    13.000    16.000    19.000    53.666     2.435    -0.554     0.131    56.319     3.200    -0.312     0.211
         *    41.000    32.000    51.000         *    40.000         *    63.000    74.000    69.000         *    60.000     0.000     0.000     0.000   -19.008     3.000     2.000     0.000     3.000     6.000    13.000    16.000    19.000    47.032     2.576    -0.505     0.135    69.109     3.238    -0.346     0.216
         *    49.000    50.000    39.000    37.000    40.000         *    37.000    46.000    45.000    37.000    44.000     0.000     0.000     0.000   -19.083     1.000     8.000     0.000     3.000     6.000    13.000    16.000    19.000    49.295     2.435    -0.587     0.131    43.480     3.200    -0.106     0.211
         *    34.000    39.000    34.000    34.000    37.000         *    43.000    40.000    31.000    35.000    41.000     0.000     0.000     0.000   -20.108     1.000    12.000     0.000     3.000     6.000    13.000    16.000    19.000    43.931     2.435    -0.628     0.131    41.831     3.200    -0.262     0.211
         *    44.000    45.000    32.000         *    40.000         *    58.000    58.000    51.000         *    50.000     0.000     1.000     0.000   -19.863     2.000     7.000     0.000     3.000     6.000    13.000    16.000    19.000    47.572     2.576    -0.620     0.135    58.435     3.238    -0.434     0.216
         *    41.000    47.000    37.000    31.000    35.000         *    54.000    54.000    60.000    53.000    55.000     0.000     1.000     0.000   -19.922     1.000    13.000     0.000     3.000     6.000    13.000    16.000    19.000    47.674     2.435    -0.718     0.131    56.976     3.200    -0.200     0.211
         *         *    40.000    40.000    44.000    34.000         *         *    46.000    46.000    42.000    51.000     0.000     0.000     0.000   -17.365     1.000     5.000     0.000     3.000     6.000    13.000    16.000    19.000    47.453     2.651    -0.586     0.131    49.055     3.875    -0.211     0.231
         *         *         *    42.000    37.000    37.000         *         *         *    52.000    42.000    38.000     0.000     1.000     0.000   -10.376     1.000     3.000     0.000     3.000     6.000    13.000    16.000    19.000    48.783     2.912    -0.675     0.131    54.149     4.753    -0.705     0.253
    49.000    58.000    48.000    60.000    50.000    42.000    65.000    55.000    61.000    51.000    52.000    49.000     0.000     1.000     0.000   -24.467     0.000     4.000     0.000     3.000     6.000    13.000    16.000    19.000    54.756     2.269    -0.379     0.130    59.253     2.683    -0.447     0.192
    47.000    40.000    44.000    30.000    30.000    35.000    60.000    57.000    54.000    50.000    50.000    54.000     0.000     0.000     1.000   -24.239     3.000     1.000     0.000     3.000     6.000    13.000    16.000    19.000    43.478     2.269    -0.553     0.130    56.733     2.683    -0.242     0.192
         *    60.000    44.000    42.000    40.000    36.000         *    36.000    40.000    37.000    40.000    40.000     0.000     1.000     0.000   -20.433     3.000    -5.000     0.000     3.000     6.000    13.000    16.000    19.000    49.072     2.435    -0.518     0.131    41.105     3.200    -0.138     0.211
         *    50.000    46.000    35.000    32.000    37.000         *    39.000    47.000    36.000    36.000    41.000     0.000     1.000     0.000   -20.377     3.000    -5.000     0.000     3.000     6.000    13.000    16.000    19.000    45.902     2.435    -0.561     0.131    44.091     3.200    -0.304     0.211
         *    46.000    65.000    43.000    37.000    46.000         *    57.000    50.000    52.000    52.000    55.000     0.000     1.000     0.000   -20.299     0.000     6.000     0.000     3.000     6.000    13.000    16.000    19.000    53.249     2.435    -0.541     0.131    55.196     3.200    -0.232     0.211
         *    48.000    42.000    60.000    35.000    39.000         *    53.000    53.000    55.000    44.000    42.000     0.000     1.000     1.000   -20.286     1.000     0.000     0.000     3.000     6.000    13.000    16.000    19.000    49.734     2.435    -0.451     0.131    54.633     3.200    -0.486     0.211
         *         *    36.000    41.000    34.000    36.000         *         *    42.000    43.000    33.000    40.000     0.000     0.000     0.000   -19.303     1.000    10.000     0.000     3.000     6.000    13.000    16.000    19.000    45.810     2.651    -0.620     0.131    44.104     3.875    -0.284     0.231
         *         *    52.000    33.000         *    43.000         *         *    54.000    45.000         *    49.000     0.000     0.000     0.000   -19.303     0.000    10.000     0.000     3.000     6.000    13.000    16.000    19.000    50.115     2.847    -0.586     0.135    52.234     3.965    -0.263     0.234
         *         *         *    39.000    42.000    55.000         *         *         *    46.000    43.000    48.000     0.000     1.000     0.000   -11.224     3.000    10.000     0.000     3.000     6.000    13.000    16.000    19.000    53.350     2.912    -0.588     0.131    54.304     4.753    -0.540     0.253
         *         *         *    54.000    36.000    47.000         *         *         *    51.000    48.000    48.000     0.000     1.000     0.000   -11.055     3.000    12.000     0.000     3.000     6.000    13.000    16.000    19.000    54.288     2.912    -0.638     0.131    57.326     4.753    -0.542     0.253
    55.000         *         *         *         *         *    62.000         *         *         *         *         *     0.000     1.000     0.000   -27.605     0.000    13.000     0.000     3.000     6.000    13.000    16.000    19.000    56.526     4.160    -0.412     0.168    60.020     4.267    -0.151     0.247
         *         *         *    43.000    35.000    39.000         *         *         *    37.000    37.000    37.000     0.000     1.000     0.000   -11.892     0.000     4.000     0.000     3.000     6.000    13.000    16.000    19.000    48.829     2.912    -0.655     0.131    45.553     4.753    -0.568     0.253
         *         *         *    41.000    42.000    50.000         *         *         *    32.000    28.000    37.000     0.000     0.000     0.000   -11.854     2.000    10.000     0.000     3.000     6.000    13.000    16.000    19.000    51.320     2.912    -0.562     0.131    40.471     4.753    -0.421     0.253
         *         *         *    46.000    44.000    36.000         *         *         *    50.000    35.000    43.000     0.000     1.000     0.000   -14.597     0.000     0.000     0.000     3.000     6.000    13.000    16.000    19.000    50.100     2.912    -0.569     0.131    50.461     4.753    -0.545     0.253
         *         *         *    33.000         *    47.000         *         *         *    56.000         *    58.000     0.000     1.000     0.000   -13.633     3.000     8.000     0.000     3.000     6.000    13.000    16.000    19.000    50.440     3.214    -0.644     0.135    62.735     5.023    -0.456     0.253
         *         *    60.000    55.000    36.000         *         *         *    50.000    45.000    55.000         *     0.000     1.000     0.000   -19.333     0.000    16.000     0.000     3.000     6.000    13.000    16.000    19.000    56.384     2.834    -0.597     0.138    51.969     3.892    -0.210     0.243
         *         *    45.000    29.000    33.000    45.000         *         *    43.000    31.000    34.000    29.000     0.000     1.000     0.000   -19.275     1.000     8.000     0.000     3.000     6.000    13.000    16.000    19.000    46.778     2.651    -0.611     0.131    42.312     3.875    -0.526     0.231
         *         *         *    56.000    39.000    42.000         *         *         *    35.000    46.000    37.000     0.000     1.000     0.000   -12.616     0.000    -4.000     0.000     3.000     6.000    13.000    16.000    19.000    51.589     2.912    -0.511     0.131    47.102     4.753    -0.538     0.253
         *         *         *    42.000    45.000    56.000         *         *         *    47.000    52.000    46.000     0.000     1.000     0.000   -12.560     0.000    -2.000     0.000     3.000     6.000    13.000    16.000    19.000    53.330     2.912    -0.466     0.131    55.474     4.753    -0.555     0.253
         *         *         *    40.000    44.000    38.000         *         *         *    53.000    61.000    51.000     0.000     1.000     0.000   -14.828     1.000    10.000     0.000     3.000     6.000    13.000    16.000    19.000    51.442     2.912    -0.662     0.131    60.387     4.753    -0.432     0.253
         *         *         *    42.000    25.000    41.000         *         *         *    44.000    43.000    45.000     0.000     1.000     0.000   -15.194     2.000     8.000     0.000     3.000     6.000    13.000    16.000    19.000    47.556     2.912    -0.694     0.131    51.240     4.753    -0.451     0.253
         *         *         *    38.000    34.000    40.000         *         *         *    39.000    37.000    40.000     0.000     1.000     0.000   -15.299     1.000    10.000     0.000     3.000     6.000    13.000    16.000    19.000    48.476     2.912    -0.677     0.131    46.254     4.753    -0.457     0.253
         *         *         *    51.000    40.000    42.000         *         *         *    45.000    53.000    52.000     0.000     0.000     0.000   -13.798     3.000    13.000     0.000     3.000     6.000    13.000    16.000    19.000    52.734     2.912    -0.614     0.131    54.535     4.753    -0.271     0.253
         *         *         *    35.000         *         *         *         *         *    61.000         *         *     0.000     1.000     0.000   -14.888     2.000    10.000     0.000     3.000     6.000    13.000    16.000    19.000    48.097     3.822    -0.742     0.150    63.020     5.340    -0.478     0.261
         *         *         *    70.000    70.000    69.000         *         *         *    55.000    42.000    50.000     0.000     1.000     0.000   -15.466     2.000    17.000     0.000     3.000     6.000    13.000    16.000    19.000    68.850     2.912    -0.265     0.131    55.748     4.753    -0.406     0.253
         *         *         *    41.000    30.000    45.000         *         *         *    34.000    38.000         *     0.000     1.000     1.000   -16.480     0.000     1.000     0.000     3.000     6.000    13.000    16.000    19.000    47.207     2.915    -0.541     0.131    43.296     4.834    -0.476     0.259
         *         *         *    30.000    16.000    29.000         *         *         *    34.000    26.000    37.000     0.000     1.000     0.000   -16.917     2.000     1.000     0.000     3.000     6.000    13.000    16.000    19.000    39.214     2.912    -0.771     0.131    40.969     4.753    -0.469     0.253
         *         *         *    29.000    24.000    37.000         *         *         *    40.000    31.000    36.000     0.000     1.000     0.000   -16.869     2.000     7.000     0.000     3.000     6.000    13.000    16.000    19.000    43.189     2.912    -0.730     0.131    44.638     4.753    -0.498     0.253
         *         *         *    55.000    54.000    70.000         *         *         *    47.000    48.000    49.000     0.000     1.000     1.000   -18.436     0.000     2.000     0.000     3.000     6.000    13.000    16.000    19.000    60.058     2.912    -0.218     0.131    53.005     4.753    -0.365     0.253
         *         *         *    68.000    55.000         *         *         *         *    51.000    56.000    56.000     0.000     1.000     0.000   -18.800     2.000     2.000     0.000     3.000     6.000    13.000    16.000    19.000    60.749     3.181    -0.298     0.138    58.288     4.755    -0.278     0.253
         *         *         *    35.000    36.000    43.000         *         *         *    47.000    48.000    49.000     0.000     1.000     1.000   -18.527     1.000    19.000     0.000     3.000     6.000    13.000    16.000    19.000    50.135     2.912    -0.667     0.131    52.858     4.753    -0.318     0.253
         *         *         *    57.000    44.000    45.000         *         *         *    44.000    44.000    51.000     0.000     1.000     0.000   -18.645     1.000    22.000     0.000     3.000     6.000    13.000    16.000    19.000    57.403     2.912    -0.594     0.131    50.303     4.753    -0.225     0.253
         *         *         *    45.000         *         *         *         *         *    36.000         *         *     0.000     1.000     0.000   -17.059     1.000    18.000     0.000     3.000     6.000    13.000    16.000    19.000    52.667     3.822    -0.645     0.150    43.894     5.340    -0.378     0.261
         *         *         *    42.000    33.000    38.000         *         *         *    33.000    32.000    35.000     0.000     1.000     0.000   -16.867     0.000    11.000     0.000     3.000     6.000    13.000    16.000    19.000    48.641     2.912    -0.666     0.131    40.603     4.753    -0.413     0.253
