     0.700         *         *         *         *         *         *         *         *         *         *         *     0.000     0.000     0.000    17.816     0.000    -8.000     0.000     3.000     6.000    13.000    16.000    19.000     0.743     0.129    -0.037     0.020    16.220     8.572    -1.589     0.264
         *         *         *         *         *         *     5.000         *         *         *         *         *     0.000     1.000     0.000    16.108     0.000    -1.000     0.000     3.000     6.000    13.000    16.000    19.000     1.531     0.540    -0.038     0.020     8.738     4.244    -1.416     0.256
     1.600         *         *         *         *         *    28.000         *         *         *         *         *     0.000     0.000     1.000    16.108     0.000    -2.000     0.000     3.000     6.000    13.000    16.000    19.000     1.597     0.129    -0.038     0.020    26.127     4.224    -1.491     0.247
     3.700     3.810     3.990     3.540     2.940         *    28.000    23.000    19.000    16.000     9.000         *     0.000     1.000     0.000    -8.223     0.000    15.000     0.000     3.000     6.000    13.000    16.000    19.000     3.745     0.112    -0.033     0.013    25.665     2.686    -0.698     0.210
     3.100     2.900     3.100     2.650         *         *    34.000    25.000    23.000    11.000         *         *     0.000     1.000     0.000    -8.223     0.000    17.000     0.000     3.000     6.000    13.000    16.000    19.000     3.109     0.112    -0.035     0.016    29.025     2.714    -0.812     0.228
     2.200     1.900     1.350     1.150         *         *    22.000         *         *         *         *         *     0.000     1.000     0.000    -8.650     0.000    11.000     0.000     3.000     6.000    13.000    16.000    19.000     2.125     0.112    -0.057     0.016    26.031     4.222    -0.671     0.246
     2.400     1.900     1.750         *         *         *    47.000    41.000    46.000         *         *         *     0.000     1.000     0.000    -8.997     0.000     0.000     0.000     3.000     6.000    13.000    16.000    19.000     2.336     0.114    -0.051     0.019    46.288     2.832    -0.874     0.245
     4.000     4.100     4.150     3.540     3.490     2.830    46.000    47.000    34.000    37.000    36.000    41.000     0.000     0.000     0.000   -10.008     0.000     8.000     0.000     3.000     6.000    13.000    16.000    19.000     4.035     0.112    -0.044     0.011    44.197     2.685    -0.429     0.193
     3.400     3.600     3.400     2.520     3.060     2.490    41.000    40.000    42.000    35.000    40.000    37.000     0.000     1.000     0.000   -10.005     0.000     6.000     0.000     3.000     6.000    13.000    16.000    19.000     3.442     0.112    -0.043     0.011    43.282     2.685    -0.461     0.193
         *         *         *         *         *         *    10.000         *         *         *         *         *     0.000     0.000     0.000    12.623     0.000    -7.000     0.000     3.000     6.000    13.000    16.000    19.000     1.604     0.540    -0.037     0.020    12.917     4.244    -1.249     0.256
         *         *         *         *         *         *    13.000         *         *         *         *         *     0.000     1.000     1.000     7.288     0.000     5.000     0.000     3.000     6.000    13.000    16.000    19.000     1.857     0.540    -0.034     0.020    16.335     4.244    -1.119     0.256
         *     1.300     0.800         *         *         *    39.000    31.000    29.000         *         *         *     0.000     0.000     0.000     7.288     2.000    -6.000     0.000     3.000     6.000    13.000    16.000    19.000     1.381     0.220    -0.045     0.020    36.326     2.832    -1.264     0.246
     3.100     2.900         *         *         *         *    30.000         *         *         *         *         *     0.000     0.000     0.000     7.122     0.000     1.000     0.000     3.000     6.000    13.000    16.000    19.000     3.048     0.120    -0.043     0.020    30.160     4.224    -1.046     0.247
     2.000     2.000         *         *         *         *    15.000         *         *         *         *         *     0.000     0.000     1.000     7.221     0.000    -2.000     0.000     3.000     6.000    13.000    16.000    19.000     2.002     0.120    -0.033     0.020    17.794     4.224    -1.027     0.247
     2.900     2.750     2.810         *         *         *    42.000    29.000         *         *         *         *     0.000     0.000     0.000     8.436     3.000     1.000     0.000     3.000     6.000    13.000    16.000    19.000     2.887     0.114    -0.039     0.019    37.532     3.256    -1.040     0.246
     2.100         *         *         *         *         *    54.000         *         *         *         *         *     0.000     0.000     0.000     6.127     3.000     1.000     0.000     3.000     6.000    13.000    16.000    19.000     2.125     0.129    -0.042     0.020    50.293     4.224    -1.189     0.247
     3.200         *         *         *         *         *    32.000         *         *         *         *         *     0.000     0.000     0.000     6.922     3.000     5.000     0.000     3.000     6.000    13.000    16.000    19.000     3.156     0.129    -0.041     0.020    34.457     4.224    -0.857     0.247
     2.900         *         *         *         *         *    36.000         *         *         *         *         *     1.000     0.000     0.000     6.859     3.000     5.000     0.000     3.000     6.000    13.000    16.000    19.000     2.851     0.129    -0.025     0.020    37.424     4.224    -0.935     0.247
     1.600     2.000     1.650         *         *         *    25.000    23.000    17.000         *         *         *     0.000     0.000     0.000     5.583     0.000    -5.000     0.000     3.000     6.000    13.000    16.000    19.000     1.711     0.114    -0.031     0.019    25.196     2.832    -1.147     0.245
     1.900     2.000     1.650         *         *         *    25.000         *    21.000         *         *         *     0.000     0.000     1.000     5.581     0.000     2.000     0.000     3.000     6.000    13.000    16.000    19.000     1.926     0.114    -0.034     0.019    26.352     3.347    -1.058     0.246
     2.100     1.770     1.300         *         *         *    42.000    37.000         *         *         *         *     0.000     1.000     0.000     7.339     1.000     8.000     0.000     3.000     6.000    13.000    16.000    19.000     2.036     0.114    -0.053     0.019    40.182     3.256    -1.338     0.246
         *     1.590         *         *         *         *    25.000    17.000         *         *         *         *     1.000     1.000     1.000     7.339     0.000     2.000     0.000     3.000     6.000    13.000    16.000    19.000     1.592     0.276    -0.020     0.020    23.406     3.258    -1.279     0.248
     3.100     2.900     2.900         *         *         *    25.000    31.000    32.000         *         *         *     0.000     0.000     0.000     5.217     0.000     6.000     0.000     3.000     6.000    13.000    16.000    19.000     3.071     0.114    -0.040     0.019    31.863     2.832    -0.883     0.245
         *     2.500     2.100         *         *         *         *    33.000    31.000         *         *         *     0.000     0.000     0.000     8.511     0.000     6.000     0.000     3.000     6.000    13.000    16.000    19.000     2.490     0.220    -0.044     0.020    36.077     3.487    -1.188     0.254
         *     2.350         *         *         *         *         *    22.000         *         *         *         *     0.000     0.000     1.000     8.511     0.000     8.000     0.000     3.000     6.000    13.000    16.000    19.000     2.368     0.276    -0.035     0.020    25.969     4.394    -1.085     0.255
     2.400     2.600     2.460     1.550     1.310         *    44.000    38.000    45.000    34.000    20.000         *     0.000     1.000     0.000     4.945     1.000    -1.000     0.000     3.000     6.000    13.000    16.000    19.000     2.447     0.112    -0.056     0.013    44.827     2.686    -1.241     0.210
     2.300     2.180     2.140         *         *         *    43.000    37.000    29.000         *         *         *     0.000     1.000     0.000     5.045     2.000    -1.000     0.000     3.000     6.000    13.000    16.000    19.000     2.310     0.114    -0.041     0.019    39.690     2.832    -1.229     0.245
     2.100     2.350     2.570         *         *         *    40.000    37.000    42.000         *         *         *     1.000     1.000     1.000     3.739     1.000     2.000     0.000     3.000     6.000    13.000    16.000    19.000     2.191     0.114    -0.011     0.019    41.892     2.832    -1.126     0.245
     2.000         *         *         *         *         *     8.000         *         *         *         *         *     0.000     1.000     0.000     5.531     0.000    -4.000     0.000     3.000     6.000    13.000    16.000    19.000     1.991     0.129    -0.037     0.020    12.711     4.224    -1.057     0.247
         *         *         *         *         *         *    24.000         *         *         *         *         *     0.000     1.000     1.000     5.531     0.000    -3.000     0.000     3.000     6.000    13.000    16.000    19.000     1.774     0.540    -0.037     0.020    24.598     4.244    -1.211     0.256
     2.400         *         *         *         *         *         *         *         *         *         *         *     0.000     1.000     0.000     2.030     2.000     9.000     0.000     3.000     6.000    13.000    16.000    19.000     2.417     0.129    -0.040     0.020    39.261     8.572    -1.021     0.264
     3.600     3.700     3.520         *         *         *    41.000    26.000    30.000         *         *         *     0.000     0.000     0.000     2.930     1.000     6.000     0.000     3.000     6.000    13.000    16.000    19.000     3.601     0.114    -0.037     0.019    35.317     2.832    -0.852     0.245
     3.400     3.150     3.060         *         *         *    30.000    29.000         *         *         *         *     0.000     1.000     0.000     2.930     0.000     8.000     0.000     3.000     6.000    13.000    16.000    19.000     3.339     0.114    -0.044     0.019    31.452     3.256    -0.964     0.246
         *     1.700         *         *         *         *    31.000    26.000         *         *         *         *     0.000     1.000     0.000     2.982     1.000    -2.000     0.000     3.000     6.000    13.000    16.000    19.000     1.923     0.276    -0.041     0.020    30.534     3.258    -1.137     0.248
     2.100     2.120     2.140     1.810         *         *    40.000    29.000    23.000     8.000         *         *     0.000     1.000     0.000     3.127     0.000    -6.000     0.000     3.000     6.000    13.000    16.000    19.000     2.151     0.112    -0.033     0.016    32.752     2.714    -1.423     0.228
         *     2.620     2.870     2.170         *         *    28.000    27.000         *         *         *         *     0.000     0.000     0.000     3.127     0.000     2.000     0.000     3.000     6.000    13.000    16.000    19.000     2.800     0.210    -0.040     0.018    29.338     3.257    -0.925     0.247
     3.000     2.870     2.540         *         *         *    39.000    36.000    37.000         *         *         *     0.000     0.000     0.000     3.597     1.000     1.000     0.000     3.000     6.000    13.000    16.000    19.000     2.957     0.114    -0.046     0.019    39.732     2.832    -0.955     0.245
     2.600         *     2.250         *         *         *    21.000         *    18.000         *         *         *     0.000     1.000     0.000     2.597     0.000    -4.000     0.000     3.000     6.000    13.000    16.000    19.000     2.561     0.121    -0.042     0.019    23.686     3.347    -1.013     0.246
         *         *         *         *         *         *    38.000         *         *         *         *         *     0.000     1.000     0.000     1.161     0.000    -2.000     0.000     3.000     6.000    13.000    16.000    19.000     2.356     0.540    -0.043     0.020    36.348     4.244    -1.148     0.256
     2.700     2.700         *         *         *         *    53.000    46.000         *         *         *         *     0.000     1.000     0.000     1.919     0.000    10.000     0.000     3.000     6.000    13.000    16.000    19.000     2.727     0.120    -0.044     0.020    48.819     3.256    -1.220     0.247
     2.800     2.750     3.020     2.210     2.090         *    55.000    50.000    51.000    39.000    30.000    21.000     0.000     0.000     0.000     2.048     0.000     7.000     0.000     3.000     6.000    13.000    16.000    19.000     2.851     0.112    -0.043     0.013    52.557     2.685    -1.311     0.193
     2.200     2.320     1.940         *         *         *    25.000    14.000    18.000         *         *         *     0.000     1.000     0.000     2.303     0.000     1.000     0.000     3.000     6.000    13.000    16.000    19.000     2.227     0.114    -0.038     0.019    22.977     2.832    -1.045     0.245
         *         *         *         *         *         *    26.000         *         *         *         *         *     1.000     0.000     0.000     2.303     0.000    -2.000     0.000     3.000     6.000    13.000    16.000    19.000     1.865     0.540    -0.022     0.020    26.940     4.244    -1.018     0.256
     2.300     2.500         *         *         *         *    16.000    16.000         *         *         *         *     0.000     0.000     0.000     1.484     0.000    11.000     0.000     3.000     6.000    13.000    16.000    19.000     2.358     0.120    -0.032     0.020    19.300     3.256    -0.772     0.247
     2.200     2.300     2.100     1.320     1.520     1.690     9.000    14.000    21.000    24.000    11.000    12.000     0.000     0.000     0.000     1.481     0.000     9.000     0.000     3.000     6.000    13.000    16.000    19.000     2.235     0.112    -0.040     0.011    20.037     2.685    -0.473     0.193
     3.000         *         *         *         *         *    39.000         *         *         *         *         *     0.000     1.000     0.000    -0.223     3.000    13.000     0.000     3.000     6.000    13.000    16.000    19.000     2.995     0.129    -0.040     0.020    40.789     4.224    -0.798     0.247
     2.600         *         *         *         *         *    21.000         *         *         *         *         *     0.000     1.000     0.000    -0.072     3.000    14.000     0.000     3.000     6.000    13.000    16.000    19.000     2.610     0.129    -0.035     0.020    26.876     4.224    -0.676     0.247
     2.000         *         *         *         *         *    39.000         *         *         *         *         *     0.000     0.000     0.000     0.141     0.000     1.000     0.000     3.000     6.000    13.000    16.000    19.000     2.033     0.129    -0.039     0.020    37.121     4.224    -1.035     0.247
         *     1.800     1.700         *         *         *    30.000    33.000    25.000         *         *         *     0.000     0.000     1.000     0.135     0.000    -2.000     0.000     3.000     6.000    13.000    16.000    19.000     1.952     0.220    -0.036     0.020    32.034     2.832    -0.965     0.246
     1.700         *         *         *         *         *    11.000         *         *         *         *         *     0.000     1.000     1.000     1.836     0.000    -6.000     0.000     3.000     6.000    13.000    16.000    19.000     1.699     0.129    -0.033     0.020    15.113     4.224    -0.989     0.247
     2.100         *         *         *         *         *    35.000    32.000         *         *         *         *     0.000     1.000     1.000     1.836     0.000    -7.000     0.000     3.000     6.000    13.000    16.000    19.000     2.089     0.129    -0.039     0.020    34.381     3.256    -1.176     0.247
     2.100     2.300     2.570         *         *         *    21.000    21.000    10.000         *         *         *     0.000     1.000     0.000     1.156     0.000     1.000     0.000     3.000     6.000    13.000    16.000    19.000     2.217     0.114    -0.024     0.019    21.419     2.832    -1.017     0.245
     2.900     2.920     2.860     2.530     2.870     2.450    32.000    25.000    32.000    22.000    10.000         *     0.000     1.000     0.000     1.156     0.000     1.000     0.000     3.000     6.000    13.000    16.000    19.000     2.930     0.112    -0.025     0.011    32.187     2.686    -1.043     0.210
     2.500     2.400     2.410     1.590     1.460     1.400    50.000    47.000    50.000    36.000    36.000         *     0.000     1.000     0.000     0.575     3.000     6.000     0.000     3.000     6.000    13.000    16.000    19.000     2.511     0.112    -0.057     0.011    50.955     2.686    -1.006     0.210
     2.600     2.550     2.230     1.600     1.240     1.410    48.000    45.000    42.000    42.000    20.000         *     0.000     1.000     0.000     0.575     2.000     2.000     0.000     3.000     6.000    13.000    16.000    19.000     2.571     0.112    -0.064     0.011    47.736     2.686    -1.149     0.210
     1.200     0.850     1.020         *         *         *    24.000         *    22.000         *         *         *     0.000     1.000     0.000    -0.200     0.000     1.000     0.000     3.000     6.000    13.000    16.000    19.000     1.228     0.114    -0.038     0.019    26.559     3.347    -1.092     0.246
     1.500     1.300     1.810         *         *         *    25.000         *    23.000         *         *         *     0.000     0.000     0.000    -0.200     0.000     1.000     0.000     3.000     6.000    13.000    16.000    19.000     1.587     0.114    -0.028     0.019    27.123     3.347    -0.934     0.246
     3.000     2.650         *         *         *         *    46.000    37.000         *         *         *         *     0.000     0.000     1.000     0.964     0.000     7.000     0.000     3.000     6.000    13.000    16.000    19.000     2.945     0.120    -0.041     0.020    41.786     3.256    -0.964     0.247
     3.000     3.150         *         *         *         *    48.000    48.000         *         *         *         *     0.000     0.000     0.000     0.997     0.000     8.000     0.000     3.000     6.000    13.000    16.000    19.000     3.035     0.120    -0.041     0.020    47.365     3.256    -0.997     0.247
     2.500     2.150     1.750         *         *         *    18.000    18.000    20.000    10.000         *         *     0.000     0.000     1.000    -1.358     0.000     0.000     0.000     3.000     6.000    13.000    16.000    19.000     2.396     0.114    -0.044     0.019    21.639     2.715    -0.753     0.228
         *     1.850     1.550         *         *         *    38.000    39.000    46.000         *         *         *     0.000     1.000     0.000    -1.358     0.000    -4.000     0.000     3.000     6.000    13.000    16.000    19.000     2.002     0.220    -0.047     0.020    42.748     2.832    -1.066     0.246
     3.100         *         *         *         *         *    39.000         *         *         *         *         *     0.000     1.000     0.000    -0.183     2.000     2.000     0.000     3.000     6.000    13.000    16.000    19.000     3.069     0.129    -0.043     0.020    39.666     4.224    -0.893     0.247
     2.800     2.800         *         *         *         *    30.000    30.000         *         *         *         *     0.000     0.000     1.000    -0.183     1.000     8.000     0.000     3.000     6.000    13.000    16.000    19.000     2.799     0.120    -0.034     0.020    32.024     3.256    -0.732     0.247
         *     0.570     2.300     0.440         *         *    33.000    16.000    22.000         *         *         *     0.000     0.000     0.000    -0.339     0.000    -6.000     0.000     3.000     6.000    13.000    16.000    19.000     1.525     0.210    -0.046     0.018    27.124     2.832    -1.044     0.245
         *     1.300     0.860         *         *         *    25.000    28.000    20.000         *         *         *     0.000     0.000     0.000    -0.339     0.000    -3.000     0.000     3.000     6.000    13.000    16.000    19.000     1.433     0.220    -0.043     0.020    27.552     2.832    -1.000     0.246
         *     1.500     1.510         *         *         *    47.000    26.000    34.000         *         *         *     0.000     1.000     0.000    -0.460     0.000     1.000     0.000     3.000     6.000    13.000    16.000    19.000     1.825     0.220    -0.044     0.020    38.542     2.832    -1.207     0.246
     1.500         *         *         *         *         *    30.000         *         *         *         *         *     0.000     1.000     0.000    -0.447     1.000    -2.000     0.000     3.000     6.000    13.000    16.000    19.000     1.548     0.129    -0.037     0.020    30.735     4.224    -1.065     0.247
     1.000     1.000     0.900         *         *         *    45.000    35.000    38.000         *         *         *     1.000     0.000     1.000    -1.575     0.000    11.000     0.000     3.000     6.000    13.000    16.000    19.000     1.066     0.114    -0.018     0.019    41.392     2.832    -1.077     0.245
         *         *     2.810     1.170     1.900     1.680    44.000    49.000    36.000    33.000    23.000    25.000     0.000     0.000     0.000    -0.167     0.000    -2.000     0.000     3.000     6.000    13.000    16.000    19.000     2.615     0.251    -0.054     0.016    44.752     2.685    -1.088     0.193
     2.900     3.200     3.580     3.230     2.930         *    36.000    26.000    19.000    17.000    17.000         *     0.000     0.000     0.000    -1.277     2.000    16.000     0.000     3.000     6.000    13.000    16.000    19.000     3.061     0.112    -0.008     0.013    29.808     2.686    -0.759     0.210
     2.300         *     2.700         *         *         *    11.000         *         *         *         *         *     0.000     1.000     0.000    -0.011     0.000    -2.000     0.000     3.000     6.000    13.000    16.000    19.000     2.371     0.121    -0.026     0.019    15.955     4.224    -0.841     0.247
     1.900     1.600     1.700         *         *         *    30.000     8.000     7.000         *         *         *     0.000     1.000     1.000    -0.783     0.000    -4.000     0.000     3.000     6.000    13.000    16.000    19.000     1.874     0.114    -0.035     0.019    19.655     2.832    -1.078     0.245
     3.400     3.030     3.060     2.380         *         *    37.000    38.000    25.000    24.000         *         *     0.000     1.000     0.000    -0.247     0.000    -5.000     0.000     3.000     6.000    13.000    16.000    19.000     3.301     0.112    -0.055     0.016    36.513     2.714    -1.015     0.228
     3.000     3.100     3.090     2.600     2.650     1.940    54.000    55.000    41.000    38.000    30.000    34.000     0.000     1.000     0.000    -1.146     1.000     4.000     0.000     3.000     6.000    13.000    16.000    19.000     3.063     0.112    -0.042     0.011    51.666     2.685    -1.090     0.193
     2.800         *         *         *         *         *    46.000         *         *         *         *         *     0.000     1.000     0.000    -0.895     2.000     8.000     0.000     3.000     6.000    13.000    16.000    19.000     2.802     0.129    -0.042     0.020    45.028     4.224    -0.946     0.247
     1.300         *     1.390         *         *         *    39.000    36.000    39.000         *         *         *     0.000     1.000     0.000    -0.881     1.000     2.000     0.000     3.000     6.000    13.000    16.000    19.000     1.408     0.121    -0.034     0.019    40.392     2.832    -1.103     0.245
         *     2.900     2.900     2.260         *         *    22.000    17.000    15.000     9.000         *         *     0.000     0.000     0.000    -2.070     0.000     5.000     0.000     3.000     6.000    13.000    16.000    19.000     2.926     0.210    -0.039     0.018    21.159     2.714    -0.739     0.228
     3.100     3.050     2.600     2.470     2.760         *    21.000    27.000    11.000    16.000    17.000         *     0.000     1.000     0.000    -2.070     0.000    -3.000     0.000     3.000     6.000    13.000    16.000    19.000     3.054     0.112    -0.035     0.013    24.384     2.686    -0.710     0.210
         *     2.650     2.000     2.140         *         *    38.000    35.000    32.000    29.000    17.000         *     0.000     0.000     0.000    -0.262     1.000     7.000     0.000     3.000     6.000    13.000    16.000    19.000     2.575     0.209    -0.040     0.018    37.450     2.687    -0.942     0.211
     2.600     2.450     2.330     1.610         *         *    44.000    35.000    34.000    21.000         *         *     0.000     1.000     0.000    -0.914     0.000     1.000     0.000     3.000     6.000    13.000    16.000    19.000     2.573     0.112    -0.054     0.016    39.634     2.714    -1.175     0.228
     2.600     2.800     2.650         *         *         *    36.000    36.000    27.000         *         *         *     0.000     1.000     0.000    -1.359     2.000     5.000     0.000     3.000     6.000    13.000    16.000    19.000     2.670     0.114    -0.033     0.019    36.232     2.832    -0.887     0.245
     2.900     2.850     2.670     2.250         *         *    41.000    44.000    38.000    34.000         *         *     0.000     0.000     0.000    -0.556     0.000     3.000     0.000     3.000     6.000    13.000    16.000    19.000     2.901     0.112    -0.044     0.016    43.236     2.714    -0.871     0.228
     2.300         *     1.760         *         *         *    47.000    41.000    41.000         *         *         *     0.000     0.000     0.000    -0.822     0.000     0.000     0.000     3.000     6.000    13.000    16.000    19.000     2.283     0.121    -0.047     0.019    44.794     2.832    -1.042     0.245
         *         *         *         *         *         *    39.000         *         *         *         *         *     0.000     1.000     0.000    -0.822     0.000     1.000     0.000     3.000     6.000    13.000    16.000    19.000     2.532     0.540    -0.042     0.020    37.598     4.244    -1.059     0.256
     1.900         *         *         *         *         *    53.000         *         *         *         *         *     0.000     1.000     0.000    -1.150     3.000    -2.000     0.000     3.000     6.000    13.000    16.000    19.000     1.941     0.129    -0.041     0.020    50.247     4.224    -1.099     0.247
     3.800         *         *         *         *         *    38.000         *         *         *         *         *     0.000     0.000     0.000    -1.536     0.000    16.000     0.000     3.000     6.000    13.000    16.000    19.000     3.761     0.129    -0.042     0.020    38.378     4.224    -0.690     0.247
     2.400     2.080     2.410     1.950     2.050     1.850    20.000    30.000    19.000    25.000    16.000         *     0.000     1.000     0.000    -1.538     0.000     0.000     0.000     3.000     6.000    13.000    16.000    19.000     2.411     0.112    -0.031     0.011    27.720     2.686    -0.737     0.210
     1.300         *         *         *         *         *    12.000         *         *         *         *         *     0.000     0.000     1.000    -2.167     0.000     6.000     0.000     3.000     6.000    13.000    16.000    19.000     1.358     0.129    -0.027     0.020    16.539     4.224    -0.745     0.247
     2.500     2.820     2.860     2.310     2.260         *    40.000    28.000    29.000    29.000    19.000     8.000     0.000     0.000     1.000    -2.167     0.000    -2.000     0.000     3.000     6.000    13.000    16.000    19.000     2.601     0.112    -0.023     0.013    35.123     2.685    -1.011     0.193
     1.700     1.570     1.520         *         *         *    44.000    24.000    22.000         *         *         *     0.000     1.000     0.000    -2.481     0.000    -8.000     0.000     3.000     6.000    13.000    16.000    19.000     1.728     0.114    -0.040     0.019    33.493     2.832    -1.207     0.245
     1.900     2.020     2.150     1.900     1.510         *    37.000    49.000    39.000    27.000    21.000         *     0.000     1.000     1.000    -2.505     0.000    12.000     0.000     3.000     6.000    13.000    16.000    19.000     2.021     0.112    -0.025     0.013    42.485     2.686    -1.113     0.210
     2.400         *     2.570     1.680         *         *    40.000         *    20.000         *         *         *     0.000     1.000     0.000    -2.505     0.000     9.000     0.000     3.000     6.000    13.000    16.000    19.000     2.446     0.118    -0.042     0.016    33.593     3.346    -1.037     0.245
     3.000     3.000     3.090     2.490     2.870     2.180    58.000    53.000    51.000    40.000    40.000    39.000     0.000     0.000     0.000    -3.381     1.000     5.000     0.000     3.000     6.000    13.000    16.000    19.000     3.059     0.112    -0.035     0.011    54.594     2.685    -0.900     0.193
         *         *     2.190         *         *         *    33.000         *    16.000         *         *         *     0.000     0.000     0.000    -1.962     0.000     3.000     0.000     3.000     6.000    13.000    16.000    19.000     2.453     0.288    -0.038     0.020    28.369     3.348    -0.890     0.247
     2.700         *     2.600         *         *         *    42.000         *    45.000         *         *         *     0.000     0.000     0.000    -1.464     0.000    -1.000     0.000     3.000     6.000    13.000    16.000    19.000     2.720     0.121    -0.040     0.019    44.281     3.347    -0.896     0.246
     1.700     1.580         *         *         *         *    22.000    26.000         *         *         *         *     0.000     1.000     1.000    -2.745     0.000     1.000     0.000     3.000     6.000    13.000    16.000    19.000     1.722     0.120    -0.034     0.020    26.170     3.256    -0.920     0.247
     0.900         *         *         *         *         *    33.000    24.000    28.000         *         *         *     0.000     1.000     0.000    -2.745     0.000     7.000     0.000     3.000     6.000    13.000    16.000    19.000     1.005     0.129    -0.034     0.020    31.421     2.832    -1.083     0.245
     1.700     2.000     1.250     1.350         *         *    18.000    15.000    14.000    11.000         *         *     0.000     0.000     0.000    -4.216     0.000    -5.000     0.000     3.000     6.000    13.000    16.000    19.000     1.752     0.112    -0.034     0.016    19.544     2.714    -0.733     0.228
     2.500     2.650     2.490         *         *         *    30.000    32.000    28.000         *         *         *     0.000     0.000     1.000    -4.213     0.000    -7.000     0.000     3.000     6.000    13.000    16.000    19.000     2.538     0.114    -0.031     0.019    32.358     2.832    -0.754     0.245
     2.400     2.500     2.650         *         *         *    40.000    32.000    20.000         *    15.000         *     0.000     1.000     0.000    -4.467     0.000     1.000     0.000     3.000     6.000    13.000    16.000    19.000     2.483     0.114    -0.031     0.019    33.607     2.757    -1.052     0.217
     2.400     1.900     2.100         *     2.080     1.440    34.000    27.000    22.000    12.000    15.000         *     0.000     1.000     0.000    -3.750     0.000    -4.000     0.000     3.000     6.000    13.000    16.000    19.000     2.356     0.113    -0.038     0.012    30.262     2.686    -1.041     0.210
         *     2.050     1.520         *         *         *    35.000    31.000    30.000         *         *         *     0.000     1.000     0.000    -2.839     0.000     0.000     0.000     3.000     6.000    13.000    16.000    19.000     2.070     0.220    -0.045     0.020    34.832     2.832    -1.013     0.246
     3.000     3.000     2.760         *         *         *    18.000    12.000    11.000         *         *         *     0.000     1.000     0.000    -2.842     0.000     9.000     0.000     3.000     6.000    13.000    16.000    19.000     2.992     0.114    -0.036     0.019    17.928     2.832    -0.709     0.245
     3.000         *         *         *     2.680     2.120    53.000         *         *         *    33.000         *     1.000     1.000     0.000    -4.333     2.000     8.000     0.000     3.000     6.000    13.000    16.000    19.000     2.971     0.124    -0.032     0.012    49.998     3.706    -0.947     0.222
         *     2.800     2.800         *         *         *    43.000    32.000    36.000         *         *         *     0.000     0.000     0.000    -5.003     1.000    10.000     0.000     3.000     6.000    13.000    16.000    19.000     2.983     0.220    -0.038     0.020    39.350     2.832    -0.678     0.246
         *     2.650     2.700     2.380         *         *         *    23.000         *    10.000         *         *     0.000     1.000     0.000     0.800     1.000    -5.000     0.000     3.000     6.000    13.000    16.000    19.000     2.746     0.210    -0.034     0.018    26.259     3.813    -1.001     0.243
         *         *         *         *     2.190     2.030    38.000         *         *         *    22.000    13.000     0.000     0.000     0.000    -4.027     0.000    -4.000     0.000     3.000     6.000    13.000    16.000    19.000     2.685     0.334    -0.035     0.017    35.603     3.601    -0.952     0.207
     3.000     2.800     2.830         *     2.630     2.810    46.000    42.000    46.000    34.000    18.000         *     0.000     1.000     0.000    -3.777     0.000     0.000     0.000     3.000     6.000    13.000    16.000    19.000     3.000     0.113    -0.025     0.012    45.274     2.686    -1.127     0.210
     2.000     1.950     2.830         *         *         *    41.000    42.000    42.000         *         *         *     0.000     1.000     0.000    -3.844     3.000     7.000     0.000     3.000     6.000    13.000    16.000    19.000     2.160     0.114    -0.021     0.019    43.978     2.832    -0.804     0.245
     2.200     2.200     2.110     1.790         *         *    53.000    41.000    48.000    43.000         *         *     0.000     1.000     1.000    -4.372     1.000    11.000     0.000     3.000     6.000    13.000    16.000    19.000     2.261     0.112    -0.036     0.016    49.884     2.714    -0.858     0.228
     3.200         *         *         *         *         *    50.000         *         *         *         *         *     0.000     1.000     0.000    -5.220     2.000     8.000     0.000     3.000     6.000    13.000    16.000    19.000     3.191     0.129    -0.043     0.020    48.943     4.224    -0.795     0.247
     2.500     2.370         *         *         *         *    42.000    38.000         *         *         *         *     0.000     0.000     0.000    -3.258     0.000   -10.000     0.000     3.000     6.000    13.000    16.000    19.000     2.494     0.120    -0.042     0.020    40.283     3.256    -0.942     0.247
     2.200         *         *         *         *         *    48.000         *         *         *         *         *     0.000     1.000     0.000    -3.872     0.000     0.000     0.000     3.000     6.000    13.000    16.000    19.000     2.228     0.129    -0.042     0.020    44.556     4.224    -1.089     0.247
     2.700     2.650     2.850         *         *         *    57.000    53.000    52.000         *         *         *     0.000     0.000     0.000    -5.556     3.000     0.000     0.000     3.000     6.000    13.000    16.000    19.000     2.763     0.114    -0.035     0.019    55.302     2.832    -0.752     0.245
     2.300     2.550     2.000         *         *         *    59.000    51.000    47.000         *         *         *     0.000     0.000     0.000    -5.556     0.000     5.000     0.000     3.000     6.000    13.000    16.000    19.000     2.375     0.114    -0.041     0.019    53.420     2.832    -0.986     0.245
     3.400     2.600     2.650     2.390     1.560         *    44.000    37.000    43.000    26.000    29.000         *     0.000     1.000     1.000    -5.892     0.000     4.000     0.000     3.000     6.000    13.000    16.000    19.000     3.208     0.112    -0.073     0.013    42.515     2.686    -0.895     0.210
     2.800         *         *         *         *         *    31.000         *         *         *         *         *     0.000     0.000     0.000    -5.908     0.000    -1.000     0.000     3.000     6.000    13.000    16.000    19.000     2.792     0.129    -0.039     0.020    32.419     4.224    -0.675     0.247
     2.300     2.470     2.230     1.900         *         *    42.000    37.000    35.000    31.000         *         *     0.000     1.000     0.000    -4.172     1.000     2.000     0.000     3.000     6.000    13.000    16.000    19.000     2.372     0.112    -0.036     0.016    40.877     2.714    -0.895     0.228
     1.900     2.250     2.270         *         *         *    37.000    33.000    27.000         *         *         *     0.000     1.000     0.000    -4.172     0.000     1.000     0.000     3.000     6.000    13.000    16.000    19.000     2.051     0.114    -0.027     0.019    35.103     2.832    -0.998     0.245
     3.700     3.250         *     3.170     2.650         *    43.000    43.000         *    25.000    18.000         *     0.000     1.000     0.000    -3.470     2.000     7.000     0.000     3.000     6.000    13.000    16.000    19.000     3.605     0.116    -0.048     0.013    41.316     2.928    -1.032     0.211
     3.800     3.350     3.200     3.250     3.130     2.950    45.000    41.000    44.000    37.000    35.000    29.000     0.000     0.000     0.000    -6.056     2.000     1.000     0.000     3.000     6.000    13.000    16.000    19.000     3.694     0.112    -0.040     0.011    44.894     2.685    -0.652     0.193
     2.700         *         *         *         *         *    35.000         *         *         *         *         *     0.000     1.000     0.000    -4.866     0.000     0.000     0.000     3.000     6.000    13.000    16.000    19.000     2.695     0.129    -0.041     0.020    35.216     4.224    -0.874     0.247
     2.100         *         *         *         *         *    34.000         *         *         *         *         *     0.000     0.000     0.000    -4.866     0.000     0.000     0.000     3.000     6.000    13.000    16.000    19.000     2.134     0.129    -0.037     0.020    34.064     4.224    -0.817     0.247
     2.400     2.060     1.890         *         *         *    24.000         *         *         *         *         *     0.000     1.000     0.000    -4.430     0.000     1.000     0.000     3.000     6.000    13.000    16.000    19.000     2.349     0.114    -0.044     0.019    26.666     4.224    -0.827     0.247
     3.300     3.330     2.650         *         *         *    41.000    38.000    33.000         *         *         *     0.000     1.000     0.000    -3.928     3.000     3.000     0.000     3.000     6.000    13.000    16.000    19.000     3.249     0.114    -0.046     0.019    40.445     2.832    -0.728     0.245
     2.900     3.100     2.820         *         *         *    24.000    24.000    31.000         *         *         *     0.000     0.000     0.000    -4.833     0.000    -9.000     0.000     3.000     6.000    13.000    16.000    19.000     2.931     0.114    -0.034     0.019    28.755     2.832    -0.614     0.245
         *         *     2.730     1.890     1.270     1.590    30.000    21.000    22.000         *    18.000    17.000     0.000     1.000     0.000    -4.833     0.000    -7.000     0.000     3.000     6.000    13.000    16.000    19.000     2.589     0.251    -0.054     0.016    28.418     2.744    -0.736     0.195
     2.800     2.550         *         *         *         *    37.000    37.000         *         *         *         *     0.000     1.000     0.000    -4.736     0.000    -3.000     0.000     3.000     6.000    13.000    16.000    19.000     2.771     0.120    -0.044     0.020    37.970     3.256    -0.904     0.247
     2.800     2.550     2.740         *         *         *    52.000    44.000    42.000         *         *         *     0.000     1.000     0.000    -4.736     0.000    -4.000     0.000     3.000     6.000    13.000    16.000    19.000     2.802     0.114    -0.042     0.019    47.794     2.832    -1.038     0.245
     2.300     2.450     2.600         *         *         *    56.000    52.000    60.000         *         *         *     0.000     1.000     1.000    -5.777     1.000     2.000     0.000     3.000     6.000    13.000    16.000    19.000     2.411     0.114    -0.030     0.019    56.598     2.832    -0.930     0.245
     3.000     2.800     2.430     1.290         *         *    44.000         *         *         *         *         *     0.000     1.000     0.000    -5.683     0.000     6.000     0.000     3.000     6.000    13.000    16.000    19.000     2.906     0.112    -0.075     0.016    42.849     4.222    -0.906     0.246
     3.200     3.100     3.150     2.870     2.680     1.870    40.000    35.000    47.000    29.000    27.000    32.000     0.000     1.000     0.000    -4.358     0.000     6.000     0.000     3.000     6.000    13.000    16.000    19.000     3.223     0.112    -0.047     0.011    41.933     2.685    -0.762     0.193
     3.500     3.400     3.450     3.230     3.230         *    37.000    42.000    38.000    28.000    35.000         *     0.000     1.000     0.000    -6.656     0.000     7.000     0.000     3.000     6.000    13.000    16.000    19.000     3.518     0.112    -0.028     0.013    40.757     2.686    -0.648     0.210
     2.500         *         *         *         *         *    42.000         *         *         *         *         *     0.000     1.000     0.000    -5.473     3.000    10.000     0.000     3.000     6.000    13.000    16.000    19.000     2.531     0.129    -0.038     0.020    43.320     4.224    -0.729     0.247
         *     2.400     2.440         *         *         *    36.000    21.000    31.000         *         *         *     0.000     1.000     0.000    -5.761     0.000     2.000     0.000     3.000     6.000    13.000    16.000    19.000     2.605     0.220    -0.039     0.020    32.254     2.832    -0.819     0.246
     1.800     1.880     1.730         *         *         *    33.000     6.000    16.000         *         *         *     0.000     1.000     0.000    -5.761     0.000    12.000     0.000     3.000     6.000    13.000    16.000    19.000     1.880     0.114    -0.031     0.019    22.489     2.832    -0.860     0.245
     2.500     2.350     2.300     1.710         *         *    60.000    51.000    54.000    39.000         *         *     0.000     0.000     0.000    -6.973     2.000     8.000     0.000     3.000     6.000    13.000    16.000    19.000     2.518     0.112    -0.048     0.016    55.211     2.714    -0.890     0.228
     3.100     3.100     2.600     2.530     1.270     1.450    56.000    49.000    55.000    55.000    50.000    37.000     0.000     0.000     1.000    -7.570     3.000     2.000     0.000     3.000     6.000    13.000    16.000    19.000     3.056     0.112    -0.072     0.011    55.798     2.685    -0.608     0.193
     3.700         *     3.520     3.520         *     3.500    35.000    32.000    30.000    22.000    33.000    32.000     0.000     1.000     0.000    -4.978     0.000     4.000     0.000     3.000     6.000    13.000    16.000    19.000     3.698     0.118    -0.022     0.012    35.244     2.685    -0.483     0.193
     3.600     3.450     3.550     3.250     3.200     3.160    43.000    38.000    35.000    33.000    34.000    33.000     0.000     1.000     0.000    -4.978     0.000     2.000     0.000     3.000     6.000    13.000    16.000    19.000     3.600     0.112    -0.029     0.011    41.651     2.685    -0.630     0.193
         *     3.150     2.850     2.160     1.600         *         *    22.000    17.000    13.000    15.000         *     0.000     0.000     0.000    -3.816     0.000     3.000     0.000     3.000     6.000    13.000    16.000    19.000     2.960     0.208    -0.058     0.016    24.396     3.225    -0.684     0.228
         *     2.900     3.100     3.250     1.380     0.920    41.000    39.000    46.000    35.000    31.000    24.000     0.000     0.000     0.000    -6.917     1.000     3.000     0.000     3.000     6.000    13.000    16.000    19.000     3.144     0.208    -0.074     0.015    43.309     2.685    -0.757     0.193
     3.400     3.050     3.300     2.220     2.260         *    53.000    44.000    51.000    40.000    44.000    42.000     0.000     0.000     0.000    -6.917     1.000     2.000     0.000     3.000     6.000    13.000    16.000    19.000     3.345     0.112    -0.061     0.013    50.792     2.685    -0.590     0.193
     2.800     2.200     2.330     1.620     1.090     0.770    26.000    24.000    20.000    27.000    14.000    23.000     0.000     1.000     0.000    -6.092     0.000    -2.000     0.000     3.000     6.000    13.000    16.000    19.000     2.676     0.112    -0.082     0.011    28.287     2.685    -0.586     0.193
     2.100     1.500     1.400     1.140         *         *    22.000    15.000    12.000     7.000         *         *     0.000     1.000     0.000    -6.092     0.000    -3.000     0.000     3.000     6.000    13.000    16.000    19.000     1.988     0.112    -0.054     0.016    20.199     2.714    -0.879     0.228
     1.500     0.850     0.700     0.790     0.460         *    34.000    34.000    30.000    25.000     8.000         *     0.000     1.000     1.000    -6.716     0.000    -7.000     0.000     3.000     6.000    13.000    16.000    19.000     1.399     0.112    -0.052     0.013    34.845     2.686    -1.136     0.210
     1.800         *     1.650     0.990     0.950     1.110    40.000    32.000    30.000    26.000     9.000    10.000     0.000     1.000     0.000    -6.716     1.000    -2.000     0.000     3.000     6.000    13.000    16.000    19.000     1.817     0.117    -0.045     0.011    36.153     2.685    -1.190     0.193
         *     3.400     3.540         *         *         *    43.000         *    36.000         *         *         *     0.000     1.000     1.000    -7.611     1.000     2.000     0.000     3.000     6.000    13.000    16.000    19.000     3.465     0.221    -0.033     0.020    41.777     3.348    -0.681     0.246
     1.500     1.350     1.050     0.990         *         *    56.000    53.000         *    33.000         *         *     0.000     0.000     0.000    -8.361     0.000     8.000     0.000     3.000     6.000    13.000    16.000    19.000     1.548     0.112    -0.044     0.016    51.560     2.998    -1.077     0.228
     2.400     2.500     1.850         *         *         *    45.000    39.000    45.000         *         *         *     0.000     0.000     0.000    -8.138     1.000    -6.000     0.000     3.000     6.000    13.000    16.000    19.000     2.409     0.114    -0.044     0.019    44.586     2.832    -0.719     0.245
     2.000     2.300         *         *         *         *    39.000    37.000         *         *         *         *     0.000     0.000     1.000    -7.810     0.000    -3.000     0.000     3.000     6.000    13.000    16.000    19.000     2.081     0.120    -0.031     0.020    38.515     3.256    -0.765     0.247
     1.800     2.300     2.330     2.080         *         *    39.000    33.000    35.000    35.000         *         *     0.000     0.000     0.000    -7.325     1.000     2.000     0.000     3.000     6.000    13.000    16.000    19.000     2.018     0.112    -0.012     0.016    38.608     2.714    -0.609     0.228
     2.900     3.050     2.700     1.770     2.190     1.620    35.000    44.000    12.000    32.000    21.000         *     0.000     1.000     0.000    -8.939     0.000     0.000     0.000     3.000     6.000    13.000    16.000    19.000     2.901     0.112    -0.057     0.011    34.829     2.686    -0.749     0.210
     3.000         *     2.900     2.500     1.550         *    43.000    34.000    32.000    27.000    25.000         *     0.000     1.000     0.000    -8.908     0.000     2.000     0.000     3.000     6.000    13.000    16.000    19.000     2.985     0.117    -0.056     0.013    38.656     2.686    -0.826     0.210
     2.000     1.400     1.590     0.590     0.750         *    51.000    52.000    52.000    50.000    46.000    38.000     0.000     1.000     0.000    -7.710     2.000    18.000     0.000     3.000     6.000    13.000    16.000    19.000     1.955     0.112    -0.070     0.013    54.513     2.685    -0.732     0.193
     2.600     2.500     2.550     2.460         *     1.960    24.000    26.000    22.000    27.000         *         *     0.000     1.000     0.000    -7.209     0.000    -9.000     0.000     3.000     6.000    13.000    16.000    19.000     2.628     0.112    -0.031     0.012    28.388     2.714    -0.597     0.228
     2.000     1.880     1.990     1.610         *         *         *         *         *         *         *         *     0.000     0.000     0.000    -6.906     0.000     2.000     0.000     3.000     6.000    13.000    16.000    19.000     2.057     0.113    -0.034     0.016    35.292     8.560    -0.763     0.263
     2.200     2.180     2.410     1.760     1.710     1.320         *    47.000    47.000    35.000    31.000    26.000     0.000     0.000     0.000    -6.906     0.000    -4.000     0.000     3.000     6.000    13.000    16.000    19.000     2.281     0.112    -0.041     0.011    47.786     3.222    -0.993     0.212
     3.000     2.610     2.890         *         *         *    31.000    33.000    31.000         *         *         *     0.000     1.000     0.000    -7.500     0.000    -2.000     0.000     3.000     6.000    13.000    16.000    19.000     2.966     0.114    -0.040     0.019    34.186     2.832    -0.719     0.245
     3.400     2.980     3.230     2.620     2.790     2.390    44.000    37.000    38.000    34.000    40.000    32.000     0.000     0.000     0.000    -7.563     0.000    -5.000     0.000     3.000     6.000    13.000    16.000    19.000     3.344     0.112    -0.045     0.011    42.279     2.685    -0.534     0.193
         *         *     2.870     2.630     2.560     2.600         *         *    36.000    32.000    30.000    44.000     0.000     1.000     0.000    -0.861     2.000    -4.000     0.000     3.000     6.000    13.000    16.000    19.000     3.063     0.251    -0.032     0.016    43.524     3.905    -0.640     0.233
         *         *     2.980     2.260     1.820     3.050         *         *    41.000    35.000    16.000         *     0.000     1.000     0.000    -0.828     3.000    -2.000     0.000     3.000     6.000    13.000    16.000    19.000     2.896     0.251    -0.031     0.016    43.447     3.919    -1.061     0.245
     4.400     4.550     4.490     4.040     4.290         *    44.000    56.000    57.000    52.000    52.000         *     0.000     0.000     0.000    -7.908     1.000    19.000     0.000     3.000     6.000    13.000    16.000    19.000     4.450     0.112    -0.025     0.013    53.378     2.686    -0.234     0.210
     3.700     3.900     4.010     3.510     3.250         *    59.000    51.000    54.000    49.000    45.000         *     0.000     0.000     0.000    -7.895     3.000    12.000     0.000     3.000     6.000    13.000    16.000    19.000     3.787     0.112    -0.029     0.013    55.608     2.686    -0.548     0.210
     1.700     1.390     1.680     1.040         *         *    32.000    38.000    31.000    25.000         *         *     1.000     1.000     1.000    -7.145     1.000    12.000     0.000     3.000     6.000    13.000    16.000    19.000     1.688     0.112    -0.029     0.016    36.244     2.714    -0.809     0.228
     2.700     3.250     3.440     3.150     2.910     2.790    39.000    35.000    33.000    29.000    37.000    29.000     0.000     0.000     0.000    -6.911     1.000     6.000     0.000     3.000     6.000    13.000    16.000    19.000     2.920     0.112    -0.005     0.011    38.216     2.685    -0.478     0.193
         *     3.530     3.200     1.960         *         *    47.000    39.000    17.000    30.000         *         *     0.000     1.000     0.000    -7.683     0.000     6.000     0.000     3.000     6.000    13.000    16.000    19.000     3.289     0.210    -0.059     0.018    38.269     2.714    -0.844     0.228
     3.300     3.120     3.230     2.780     2.230     2.130    44.000    46.000    36.000    33.000    33.000    30.000     0.000     1.000     0.000    -8.208     1.000    -4.000     0.000     3.000     6.000    13.000    16.000    19.000     3.281     0.112    -0.053     0.011    44.165     2.685    -0.760     0.193
     3.400         *     2.740         *         *         *    41.000    43.000    45.000         *         *         *     0.000     1.000     0.000    -7.419     1.000     0.000     0.000     3.000     6.000    13.000    16.000    19.000     3.322     0.121    -0.050     0.019    44.795     2.832    -0.692     0.245
     2.900     2.750         *         *         *         *    41.000    35.000         *         *         *         *     0.000     1.000     0.000    -9.153     0.000    -1.000     0.000     3.000     6.000    13.000    16.000    19.000     2.890     0.120    -0.042     0.020    39.137     3.256    -0.769     0.247
         *     2.350     2.500         *     1.060     1.770    40.000    38.000    42.000         *    22.000    20.000     0.000     1.000     0.000    -9.156     0.000     3.000     0.000     3.000     6.000    13.000    16.000    19.000     2.539     0.213    -0.054     0.015    40.931     2.744    -0.967     0.195
     1.200     1.100         *         *         *         *    19.000    23.000         *         *         *         *     0.000     1.000     0.000    -8.202     0.000    -2.000     0.000     3.000     6.000    13.000    16.000    19.000     1.265     0.120    -0.034     0.020    23.671     3.256    -0.807     0.247
     3.100     3.300     3.490     2.890     2.630     2.510    41.000    32.000    29.000    22.000    29.000    28.000     0.000     1.000     0.000   -10.234     0.000    11.000     0.000     3.000     6.000    13.000    16.000    19.000     3.204     0.112    -0.032     0.011    36.185     2.685    -0.603     0.193
     3.000     3.100     3.310     2.830     2.440     2.420    47.000    36.000    27.000    25.000    21.000    18.000     0.000     1.000     0.000   -10.126     0.000    10.000     0.000     3.000     6.000    13.000    16.000    19.000     3.084     0.112    -0.032     0.011    38.384     2.685    -0.946     0.193
     3.100     2.900     2.700     2.680     1.800     2.080    49.000    38.000    44.000    33.000    41.000    24.000     0.000     1.000     0.000   -11.108     0.000     4.000     0.000     3.000     6.000    13.000    16.000    19.000     3.071     0.112    -0.053     0.011    45.419     2.685    -0.780     0.193
     3.400     3.800     3.780     3.080     2.410         *    39.000    49.000    38.000    34.000    23.000    31.000     0.000     1.000     0.000   -10.317     0.000     2.000     0.000     3.000     6.000    13.000    16.000    19.000     3.493     0.112    -0.043     0.013    42.878     2.685    -0.760     0.193
         *     1.750     2.280         *         *         *    35.000    34.000    40.000         *         *         *     1.000     1.000     0.000   -10.169     0.000     4.000     0.000     3.000     6.000    13.000    16.000    19.000     2.177     0.220    -0.021     0.020    38.356     2.832    -0.715     0.246
     2.600         *     2.300     1.540     1.730         *    37.000    39.000    41.000    36.000    25.000         *     0.000     1.000     0.000   -11.281     2.000     2.000     0.000     3.000     6.000    13.000    16.000    19.000     2.574     0.117    -0.054     0.013    41.032     2.686    -0.656     0.210
     4.000     4.000     3.990         *         *         *    45.000    43.000    42.000         *         *         *     0.000     1.000     0.000   -10.214     2.000    18.000     0.000     3.000     6.000    13.000    16.000    19.000     4.015     0.114    -0.035     0.019    45.378     2.832    -0.438     0.245
     3.200     3.350     2.760         *         *         *    28.000    38.000    27.000         *         *         *     0.000     1.000     0.000   -10.214     3.000    15.000     0.000     3.000     6.000    13.000    16.000    19.000     3.207     0.114    -0.038     0.019    34.191     2.832    -0.375     0.245
     2.700         *         *         *         *         *    36.000         *         *         *         *         *     0.000     1.000     0.000   -11.850     0.000     4.000     0.000     3.000     6.000    13.000    16.000    19.000     2.717     0.129    -0.039     0.020    37.053     4.224    -0.638     0.247
         *         *         *         *         *         *    35.000         *         *         *         *         *     0.000     1.000     0.000   -11.850     0.000     1.000     0.000     3.000     6.000    13.000    16.000    19.000     2.890     0.540    -0.039     0.020    36.343     4.244    -0.619     0.256
     3.900     3.500     3.420     3.250     3.380     3.240    56.000    55.000    53.000    50.000    45.000    48.000     0.000     0.000     0.000   -10.578     2.000    12.000     0.000     3.000     6.000    13.000    16.000    19.000     3.832     0.112    -0.037     0.011    55.443     2.685    -0.473     0.193
     3.100     3.000     2.750     2.900     2.780     2.420    46.000    53.000    46.000    46.000    41.000    39.000     0.000     1.000     0.000   -10.526     2.000    19.000     0.000     3.000     6.000    13.000    16.000    19.000     3.131     0.112    -0.032     0.011    50.243     2.685    -0.543     0.193
     3.600     3.500     3.100     3.440     3.390     2.420    46.000    53.000    52.000    49.000    48.000    35.000     0.000     1.000     1.000   -13.750     1.000     8.000     0.000     3.000     6.000    13.000    16.000    19.000     3.581     0.112    -0.037     0.011    51.693     2.685    -0.502     0.193
         *     2.350     2.650     1.870     1.920         *    53.000    50.000    52.000    40.000    42.000         *     0.000     1.000     1.000   -13.578     1.000    12.000     0.000     3.000     6.000    13.000    16.000    19.000     2.680     0.208    -0.046     0.016    52.172     2.686    -0.678     0.211
     2.800     2.500     2.540     2.260     2.210     2.110    57.000    61.000    65.000    62.000    56.000    57.000     0.000     0.000     0.000   -11.089     3.000     0.000     0.000     3.000     6.000    13.000    16.000    19.000     2.807     0.112    -0.039     0.011    62.379     2.685    -0.380     0.193
     3.100     3.000     2.800         *         *         *    47.000    42.000    49.000         *         *         *     0.000     1.000     0.000   -13.100     1.000     2.000     0.000     3.000     6.000    13.000    16.000    19.000     3.099     0.114    -0.042     0.019    47.430     2.832    -0.570     0.245
     3.900     3.900         *     3.540     2.970     2.840    43.000    44.000    44.000    37.000    37.000    26.000     0.000     0.000     0.000   -13.384     0.000    10.000     0.000     3.000     6.000    13.000    16.000    19.000     3.884     0.116    -0.047     0.011    44.200     2.685    -0.572     0.193
     3.300     2.850     2.910     2.630     2.760     2.750    52.000    49.000    25.000    46.000    23.000    30.000     0.000     1.000     0.000   -11.892     0.000    -2.000     0.000     3.000     6.000    13.000    16.000    19.000     3.233     0.112    -0.036     0.011    45.316     2.685    -0.834     0.193
     3.200     2.800     3.170     2.240         *         *    45.000    37.000    33.000    29.000         *         *     0.000     0.000     0.000   -11.892     0.000     0.000     0.000     3.000     6.000    13.000    16.000    19.000     3.155     0.112    -0.049     0.016    39.899     2.714    -0.647     0.228
     3.400         *     2.890         *         *         *    39.000         *    36.000         *         *         *     0.000     1.000     0.000   -11.624     1.000     6.000     0.000     3.000     6.000    13.000    16.000    19.000     3.350     0.121    -0.045     0.019    40.137     3.347    -0.537     0.246
     2.200     2.200     1.900     1.860     1.760         *    56.000    57.000    59.000    53.000    54.000         *     0.000     1.000     0.000   -14.545     2.000    13.000     0.000     3.000     6.000    13.000    16.000    19.000     2.282     0.112    -0.036     0.013    58.751     2.686    -0.503     0.210
     2.400         *         *         *         *         *    61.000         *         *         *         *         *     0.000     0.000     0.000   -12.689     1.000    -3.000     0.000     3.000     6.000    13.000    16.000    19.000     2.442     0.129    -0.041     0.020    56.560     4.224    -0.739     0.247
     2.900         *         *         *         *         *    38.000         *         *         *         *         *     0.000     1.000     1.000   -13.725     0.000     4.000     0.000     3.000     6.000    13.000    16.000    19.000     2.896     0.129    -0.036     0.020    38.878     4.224    -0.552     0.247
     3.000         *         *         *         *         *    29.000         *         *         *         *         *     0.000     1.000     0.000   -13.725     0.000     2.000     0.000     3.000     6.000    13.000    16.000    19.000     2.996     0.129    -0.038     0.020    32.168     4.224    -0.483     0.247
     3.100     3.120     3.120         *         *         *    32.000    37.000    21.000         *         *         *     1.000     0.000     1.000   -13.124     0.000     8.000     0.000     3.000     6.000    13.000    16.000    19.000     3.093     0.114    -0.014     0.019    32.533     2.832    -0.418     0.245
     3.600     3.400     3.630         *         *         *    47.000    42.000    42.000         *         *         *     0.000     0.000     0.000   -12.884     0.000    10.000     0.000     3.000     6.000    13.000    16.000    19.000     3.610     0.114    -0.036     0.019    44.981     2.832    -0.449     0.245
     4.000     3.600     3.700     3.440     3.500     3.110    47.000    37.000    45.000    46.000    35.000    37.000     0.000     0.000     1.000   -15.213     0.000    13.000     0.000     3.000     6.000    13.000    16.000    19.000     3.930     0.112    -0.037     0.011    44.435     2.685    -0.324     0.193
     3.900     3.500     3.650     3.540     2.500     3.020    57.000    48.000    61.000    47.000    56.000    49.000     0.000     0.000     0.000   -15.210     1.000    10.000     0.000     3.000     6.000    13.000    16.000    19.000     3.854     0.112    -0.050     0.011    55.590     2.685    -0.308     0.193
     3.100     3.000     3.100     2.780     1.740     2.360    49.000    48.000    53.000    47.000    50.000    44.000     0.000     1.000     0.000   -16.081     1.000     9.000     0.000     3.000     6.000    13.000    16.000    19.000     3.138     0.112    -0.048     0.011    51.670     2.685    -0.367     0.193
     3.100     3.220     3.200         *         *         *    43.000    44.000    50.000         *         *         *     0.000     1.000     0.000   -15.059     0.000     0.000     0.000     3.000     6.000    13.000    16.000    19.000     3.168     0.114    -0.034     0.019    46.616     2.832    -0.516     0.245
     2.800     3.000     3.040     3.410     3.360         *    46.000    45.000    46.000    40.000    28.000         *     0.000     1.000     1.000   -15.059     0.000    -7.000     0.000     3.000     6.000    13.000    16.000    19.000     2.929     0.112     0.006     0.013    45.990     2.686    -0.708     0.210
     3.000     3.150         *     3.090     2.900     2.750    36.000    32.000         *    31.000    28.000    35.000     0.000     0.000     0.000   -16.732     0.000     1.000     0.000     3.000     6.000    13.000    16.000    19.000     3.081     0.116    -0.017     0.011    35.559     2.918    -0.266     0.195
     2.800     2.900     2.500     2.650     1.760     1.200    44.000    34.000    35.000    29.000    31.000    32.000     0.000     1.000     1.000   -16.721     1.000     1.000     0.000     3.000     6.000    13.000    16.000    19.000     2.818     0.112    -0.056     0.011    39.483     2.685    -0.509     0.193
     3.000     3.250     2.800     2.520     2.210     2.550    66.000    57.000    55.000    50.000    46.000    41.000     0.000     1.000     0.000   -17.606     1.000     2.000     0.000     3.000     6.000    13.000    16.000    19.000     3.059     0.112    -0.039     0.011    59.507     2.685    -0.789     0.193
     2.800     2.550     2.450     1.990     2.550     1.710    54.000    49.000    57.000    49.000    50.000    41.000     0.000     1.000     0.000   -17.381     1.000     3.000     0.000     3.000     6.000    13.000    16.000    19.000     2.800     0.112    -0.045     0.011    54.501     2.685    -0.521     0.193
     3.600     3.650     3.570     3.280     3.150     2.340    52.000    49.000    40.000    26.000         *    20.000     0.000     1.000     0.000   -15.594     1.000    13.000     0.000     3.000     6.000    13.000    16.000    19.000     3.631     0.112    -0.044     0.011    46.120     2.705    -0.961     0.200
     4.600     4.120     4.490     4.490     3.400     3.900    53.000    54.000    61.000    40.000    55.000    49.000     0.000     1.000     0.000   -15.538     0.000     7.000     0.000     3.000     6.000    13.000    16.000    19.000     4.541     0.112    -0.041     0.011    55.286     2.685    -0.393     0.193
     3.200     3.500     3.620     3.440         *     3.100    45.000    42.000    44.000    40.000    41.000    47.000     0.000     1.000     0.000   -15.242     0.000    15.000     0.000     3.000     6.000    13.000    16.000    19.000     3.361     0.112    -0.014     0.012    45.386     2.685    -0.261     0.193
     3.100     2.850     2.570         *         *         *    40.000    35.000    36.000         *         *         *     0.000     0.000     0.000   -15.605     0.000    10.000     0.000     3.000     6.000    13.000    16.000    19.000     3.064     0.114    -0.043     0.019    38.821     2.832    -0.371     0.245
     3.700     3.680     3.250         *         *         *    27.000    32.000    39.000         *         *         *     0.000     0.000     0.000   -15.603     0.000    11.000     0.000     3.000     6.000    13.000    16.000    19.000     3.674     0.114    -0.039     0.019    34.262     2.832    -0.128     0.245
     3.300     3.250     3.330     2.570     2.240     2.430    51.000    37.000    43.000    39.000    37.000    36.000     0.000     1.000     0.000   -18.250     0.000    12.000     0.000     3.000     6.000    13.000    16.000    19.000     3.324     0.112    -0.050     0.011    45.214     2.685    -0.478     0.193
         *         *     2.980     2.310     2.070     1.950         *         *    44.000    42.000    35.000    24.000     0.000     1.000     0.000   -11.721     2.000    -2.000     0.000     3.000     6.000    13.000    16.000    19.000     2.995     0.251    -0.050     0.016    47.350     3.905    -0.803     0.233
         *         *     3.170     2.910     2.780     2.760         *         *    41.000    39.000    47.000    41.000     0.000     1.000     1.000   -11.721     0.000    -3.000     0.000     3.000     6.000    13.000    16.000    19.000     3.292     0.251    -0.032     0.016    47.116     3.905    -0.443     0.233
         *         *         *     2.020     1.760         *         *         *         *    17.000    20.000         *     0.000     0.000     1.000    -4.306     0.000     6.000     0.000     3.000     6.000    13.000    16.000    19.000     2.430     0.307    -0.036     0.018    30.310     4.881    -0.749     0.261
         *         *         *     3.230     2.060     2.510         *         *         *    39.000    34.000    25.000     0.000     1.000     0.000    -3.381     1.000     6.000     0.000     3.000     6.000    13.000    16.000    19.000     3.231     0.304    -0.042     0.017    46.281     4.795    -0.888     0.255
         *         *         *         *     1.920     2.720         *         *         *    30.000    34.000    32.000     0.000     1.000     0.000    -3.475     1.000     6.000     0.000     3.000     6.000    13.000    16.000    19.000     2.945     0.333    -0.036     0.017    43.758     4.796    -0.774     0.256
         *     3.200     3.330     3.100     2.990     2.450         *    42.000    39.000    31.000    32.000    27.000     0.000     0.000     0.000   -13.600     1.000     0.000     0.000     3.000     6.000    13.000    16.000    19.000     3.394     0.208    -0.036     0.015    41.385     3.222    -0.583     0.212
         *     2.950         *     1.630         *         *         *    42.000    24.000    34.000         *         *     0.000     0.000     0.000   -13.600     1.000     6.000     0.000     3.000     6.000    13.000    16.000    19.000     2.800     0.241    -0.055     0.018    37.601     3.274    -0.440     0.242
         *     3.200         *         *         *         *         *    59.000         *         *         *         *     0.000     0.000     0.000   -14.078     1.000     1.000     0.000     3.000     6.000    13.000    16.000    19.000     3.326     0.276    -0.042     0.020    57.145     4.394    -0.535     0.255
         *     3.250         *     2.140         *         *         *    51.000         *    46.000         *         *     0.000     1.000     0.000   -14.150     1.000     0.000     0.000     3.000     6.000    13.000    16.000    19.000     3.140     0.241    -0.054     0.018    52.219     3.813    -0.597     0.244
         *     2.750         *         *         *         *         *    50.000         *         *         *         *     0.000     0.000     0.000   -15.374     0.000     8.000     0.000     3.000     6.000    13.000    16.000    19.000     3.029     0.276    -0.041     0.020    49.613     4.394    -0.485     0.255
         *     2.700     2.650     2.360     2.360     2.000         *    32.000    30.000    33.000    25.000    35.000     0.000     1.000     1.000   -16.471     0.000    10.000     0.000     3.000     6.000    13.000    16.000    19.000     2.864     0.208    -0.038     0.015    35.074     3.222    -0.313     0.212
         *         *         *     2.570     2.220     1.950         *         *         *    24.000    25.000    31.000     0.000     1.000     0.000    -6.400     1.000    -5.000     0.000     3.000     6.000    13.000    16.000    19.000     2.860     0.304    -0.040     0.017    38.201     4.795    -0.716     0.255
         *         *         *     2.910     2.370     2.480         *         *         *    12.000    29.000    23.000     0.000     1.000     0.000    -6.406     0.000     2.000     0.000     3.000     6.000    13.000    16.000    19.000     3.101     0.304    -0.035     0.017    32.514     4.795    -0.668     0.255
         *         *         *     3.020     3.170     2.880         *         *         *    42.000    48.000    51.000     0.000     0.000     0.000    -4.598     0.000    11.000     0.000     3.000     6.000    13.000    16.000    19.000     3.622     0.304    -0.039     0.017    52.960     4.795    -0.494     0.255
         *         *         *     3.420     2.590     2.140         *         *         *    45.000    44.000    51.000     0.000     0.000     0.000    -4.542     0.000     2.000     0.000     3.000     6.000    13.000    16.000    19.000     3.489     0.304    -0.050     0.017    53.560     4.795    -0.564     0.255
         *         *         *     3.900     1.930     3.600         *         *         *    53.000    42.000    43.000     0.000     1.000     0.000    -4.589     1.000    13.000     0.000     3.000     6.000    13.000    16.000    19.000     3.716     0.304    -0.039     0.017    56.121     4.795    -0.732     0.255
         *     4.000         *     3.070     3.640     3.500         *    47.000         *    41.000    41.000    45.000     0.000     1.000     0.000   -14.570     1.000    15.000     0.000     3.000     6.000    13.000    16.000    19.000     3.948     0.234    -0.034     0.015    48.261     3.651    -0.365     0.221
         *     3.900     4.150     2.930     3.710     3.330         *    52.000    51.000    43.000    36.000    47.000     0.000     1.000     0.000   -16.377     0.000     6.000     0.000     3.000     6.000    13.000    16.000    19.000     4.000     0.208    -0.039     0.015    51.357     3.222    -0.510     0.212
         *         *     3.100     2.520     2.930     2.810         *    44.000    53.000    34.000    38.000    40.000     0.000     1.000     0.000   -15.978     0.000    -5.000     0.000     3.000     6.000    13.000    16.000    19.000     3.257     0.251    -0.033     0.016    48.150     3.222    -0.589     0.213
         *     3.400     2.220         *         *         *         *    48.000    48.000         *         *         *     0.000     1.000     0.000   -14.936     1.000     4.000     0.000     3.000     6.000    13.000    16.000    19.000     3.066     0.220    -0.048     0.020    50.028     3.487    -0.568     0.254
         *     3.000     1.750     1.770     1.990     2.840         *    44.000    49.000    46.000    18.000    47.000     0.000     1.000     0.000   -14.936     0.000     4.000     0.000     3.000     6.000    13.000    16.000    19.000     2.660     0.208    -0.031     0.015    47.517     3.222    -0.627     0.212
     2.400     2.650     2.200     2.280     2.600     2.340    33.000    43.000    26.000    27.000    27.000    34.000     0.000     1.000     0.000   -21.172     0.000     2.000     0.000     3.000     6.000    13.000    16.000    19.000     2.500     0.112    -0.013     0.011    35.537     2.685    -0.360     0.193
     2.700     2.600     2.700     2.740     2.240     2.440    29.000    34.000    35.000    36.000    35.000    28.000     0.000     1.000     0.000   -21.153     0.000    -2.000     0.000     3.000     6.000    13.000    16.000    19.000     2.760     0.112    -0.023     0.011    35.269     2.685    -0.215     0.193
         *         *     3.580     2.760     2.310     1.930         *         *    38.000    31.000    33.000    37.000     0.000     1.000     0.000   -13.511     0.000     2.000     0.000     3.000     6.000    13.000    16.000    19.000     3.438     0.251    -0.061     0.016    41.591     3.905    -0.498     0.233
         *         *     3.520     3.490     3.470     3.320         *         *    41.000    35.000    46.000    33.000     0.000     0.000     0.000   -13.511     0.000     0.000     0.000     3.000     6.000    13.000    16.000    19.000     3.734     0.251    -0.025     0.016    43.931     3.905    -0.390     0.233
         *         *         *     2.640     1.160     2.440         *         *         *    24.000    16.000    26.000     0.000     0.000     1.000    -5.653     0.000    -5.000     0.000     3.000     6.000    13.000    16.000    19.000     2.542     0.304    -0.031     0.017    33.178     4.795    -0.691     0.255
         *         *         *     4.180     3.500     3.300         *         *         *    35.000    34.000    33.000     0.000     0.000     0.000    -5.650     0.000     3.000     0.000     3.000     6.000    13.000    16.000    19.000     3.999     0.304    -0.029     0.017    42.741     4.795    -0.570     0.255
         *     4.100     3.900     3.880     3.590     3.360         *    71.000    63.000    53.000    52.000    54.000     0.000     1.000     0.000   -15.495     0.000    17.000     0.000     3.000     6.000    13.000    16.000    19.000     4.200     0.208    -0.040     0.015    65.123     3.222    -0.662     0.212
         *     4.050     4.530     2.680     3.800     3.850         *    52.000    56.000    50.000    55.000    49.000     0.000     1.000     0.000   -15.495     0.000    21.000     0.000     3.000     6.000    13.000    16.000    19.000     4.220     0.208    -0.040     0.015    55.532     3.222    -0.324     0.212
         *     2.500     2.050     1.320     1.970     2.030         *    33.000    37.000    29.000    22.000    33.000     0.000     1.000     0.000   -17.758     1.000     1.000     0.000     3.000     6.000    13.000    16.000    19.000     2.458     0.208    -0.039     0.015    37.025     3.222    -0.488     0.212
     3.800     3.800     3.700     2.970     2.600     2.780    46.000    36.000    42.000    39.000    35.000    28.000     0.000     1.000     0.000   -21.450     0.000     5.000     0.000     3.000     6.000    13.000    16.000    19.000     3.781     0.112    -0.055     0.011    42.573     2.685    -0.456     0.193
     2.900     2.850     2.400     2.440     1.560     2.290    47.000    47.000    47.000    49.000    45.000    43.000     0.000     1.000     0.000   -21.450     2.000     0.000     0.000     3.000     6.000    13.000    16.000    19.000     2.891     0.112    -0.047     0.011    49.066     2.685    -0.269     0.193
         *         *         *         *     1.210         *         *         *         *    35.000    32.000         *     0.000     1.000     0.000    -8.367     0.000     0.000     0.000     3.000     6.000    13.000    16.000    19.000     2.298     0.350    -0.054     0.018    44.244     4.883    -0.835     0.262
     3.800     3.900         *     3.330     3.360     2.860    61.000    53.000         *    47.000    44.000    32.000     0.000     1.000     0.000   -21.525     0.000    10.000     0.000     3.000     6.000    13.000    16.000    19.000     3.823     0.116    -0.041     0.011    54.640     2.918    -0.705     0.195
     3.500     3.100         *     2.690     2.220     2.620    38.000    44.000         *    50.000    45.000    46.000     0.000     0.000     0.000   -21.522     3.000     4.000     0.000     3.000     6.000    13.000    16.000    19.000     3.428     0.116    -0.052     0.011    44.611     2.918     0.086     0.195
         *         *         *     2.190         *         *         *         *         *     3.000         *         *     0.000     0.000     0.000    -6.025     0.000    -7.000     0.000     3.000     6.000    13.000    16.000    19.000     2.485     0.331    -0.031     0.019    19.038     5.378    -0.763     0.264
         *     2.800     2.800     2.080     1.110     1.870         *    44.000    50.000    36.000    46.000    48.000     0.000     1.000     0.000   -18.745     0.000     7.000     0.000     3.000     6.000    13.000    16.000    19.000     2.932     0.208    -0.066     0.015    48.365     3.222    -0.339     0.212
         *     2.750     2.810     2.410     2.570     2.370         *    53.000    50.000    51.000    49.000    52.000     0.000     1.000     1.000   -18.691     2.000     5.000     0.000     3.000     6.000    13.000    16.000    19.000     2.993     0.208    -0.034     0.015    53.980     3.222    -0.286     0.212
         *     3.450     3.170     3.500     2.190     2.710         *    45.000    49.000    50.000    42.000    39.000     0.000     0.000     0.000   -19.009     2.000     6.000     0.000     3.000     6.000    13.000    16.000    19.000     3.507     0.208    -0.044     0.015    48.824     3.222    -0.292     0.212
         *     3.350     3.360     3.040     2.180     2.600         *    49.000    46.000    38.000    42.000    38.000     0.000     1.000     0.000   -18.854     0.000     3.000     0.000     3.000     6.000    13.000    16.000    19.000     3.464     0.208    -0.050     0.015    48.329     3.222    -0.506     0.212
         *     3.060     3.090     2.650     2.520     2.350         *    44.000    50.000    43.000    49.000    45.000     0.000     0.000     0.000   -18.138     1.000     6.000     0.000     3.000     6.000    13.000    16.000    19.000     3.266     0.208    -0.045     0.015    48.643     3.222    -0.215     0.212
         *     3.300         *         *         *         *         *    51.000         *         *         *         *     0.000     1.000     0.000   -17.327     3.000     8.000     0.000     3.000     6.000    13.000    16.000    19.000     3.439     0.276    -0.040     0.020    53.209     4.394    -0.344     0.255
         *     2.100     2.570     2.300     1.900     1.630         *    16.000         *    18.000    21.000    22.000     0.000     0.000     0.000   -17.250     0.000    -4.000     0.000     3.000     6.000    13.000    16.000    19.000     2.548     0.208    -0.037     0.015    23.404     3.651    -0.207     0.220
         *     4.100     3.750     3.940     4.040     2.970         *    52.000    57.000    53.000    49.000    45.000     0.000     1.000     0.000   -18.731     1.000     7.000     0.000     3.000     6.000    13.000    16.000    19.000     4.135     0.208    -0.037     0.015    55.422     3.222    -0.386     0.212
         *     3.780     4.290     3.980     3.140     3.650         *    57.000    52.000    51.000    56.000    50.000     0.000     1.000     0.000   -18.734     1.000     8.000     0.000     3.000     6.000    13.000    16.000    19.000     4.136     0.208    -0.035     0.015    56.142     3.222    -0.287     0.212
         *     3.550     3.540     2.360         *     3.100         *    63.000    74.000    69.000         *    60.000     0.000     0.000     0.000   -19.008     3.000     2.000     0.000     3.000     6.000    13.000    16.000    19.000     3.603     0.209    -0.045     0.015    68.526     3.259    -0.291     0.218
         *     3.500     3.310     3.280     3.020     2.730         *    37.000    46.000    45.000    37.000    44.000     0.000     0.000     0.000   -19.083     1.000     8.000     0.000     3.000     6.000    13.000    16.000    19.000     3.600     0.208    -0.038     0.015    43.639     3.222    -0.120     0.212
         *     3.200     3.400     2.670     3.390     3.090         *    43.000    40.000    31.000    35.000    41.000     0.000     0.000     0.000   -20.108     1.000    12.000     0.000     3.000     6.000    13.000    16.000    19.000     3.451     0.208    -0.026     0.015    41.413     3.222    -0.229     0.212
         *     2.800     2.980     2.520         *     2.220         *    58.000    58.000    51.000         *    50.000     0.000     1.000     0.000   -19.863     2.000     7.000     0.000     3.000     6.000    13.000    16.000    19.000     3.137     0.209    -0.045     0.015    58.466     3.259    -0.446     0.218
         *     3.700     3.820     3.670     3.300     3.190         *    54.000    54.000    60.000    53.000    55.000     0.000     1.000     0.000   -19.922     1.000    13.000     0.000     3.000     6.000    13.000    16.000    19.000     3.968     0.208    -0.038     0.015    56.753     3.222    -0.171     0.212
         *         *     3.520     2.850     3.440     3.320         *         *    46.000    46.000    42.000    51.000     0.000     0.000     0.000   -17.365     1.000     5.000     0.000     3.000     6.000    13.000    16.000    19.000     3.660     0.251    -0.029     0.016    48.703     3.905    -0.184     0.233
         *         *         *     3.150     3.490     3.010         *         *         *    52.000    42.000    38.000     0.000     1.000     0.000   -10.376     1.000     3.000     0.000     3.000     6.000    13.000    16.000    19.000     3.671     0.304    -0.032     0.017    53.565     4.795    -0.658     0.255
     3.000     2.950     2.800     2.730     2.900     2.940    65.000    55.000    61.000    51.000    52.000    49.000     0.000     1.000     0.000   -24.467     0.000     4.000     0.000     3.000     6.000    13.000    16.000    19.000     3.060     0.112    -0.020     0.011    59.678     2.685    -0.503     0.193
     2.900     2.900     2.700     2.390     2.370     2.120    60.000    57.000    54.000    50.000    50.000    54.000     0.000     0.000     1.000   -24.239     3.000     1.000     0.000     3.000     6.000    13.000    16.000    19.000     2.926     0.112    -0.038     0.011    56.702     2.685    -0.246     0.193
         *     3.500     3.810     3.540     3.330     2.900         *    36.000    40.000    37.000    40.000    40.000     0.000     1.000     0.000   -20.433     3.000    -5.000     0.000     3.000     6.000    13.000    16.000    19.000     3.736     0.208    -0.032     0.015    41.039     3.222    -0.119     0.212
         *     3.600     3.710     3.960     3.750     3.570         *    39.000    47.000    36.000    36.000    41.000     0.000     1.000     0.000   -20.377     3.000    -5.000     0.000     3.000     6.000    13.000    16.000    19.000     3.820     0.208    -0.014     0.015    43.612     3.222    -0.247     0.212
         *         *     3.060     2.470     1.320     1.470         *    57.000    50.000    52.000    52.000    55.000     0.000     1.000     0.000   -20.299     0.000     6.000     0.000     3.000     6.000    13.000    16.000    19.000     3.158     0.251    -0.076     0.016    56.097     3.222    -0.318     0.213
         *     2.550     2.780     2.120     2.570     2.340         *    53.000    53.000    55.000    44.000    42.000     0.000     1.000     1.000   -20.286     1.000     0.000     0.000     3.000     6.000    13.000    16.000    19.000     2.851     0.208    -0.032     0.015    54.685     3.222    -0.500     0.212
         *         *     3.860     3.250     3.310     3.350         *         *    42.000    43.000    33.000    40.000     0.000     0.000     0.000   -19.303     1.000    10.000     0.000     3.000     6.000    13.000    16.000    19.000     3.869     0.251    -0.034     0.016    43.633     3.905    -0.240     0.233
         *         *     3.310     3.460         *     3.140         *         *    54.000    45.000         *    49.000     0.000     0.000     0.000   -19.303     0.000    10.000     0.000     3.000     6.000    13.000    16.000    19.000     3.717     0.255    -0.033     0.016    52.361     3.995    -0.276     0.236
         *         *         *     2.060     2.770     3.670         *         *         *    46.000    43.000    48.000     0.000     1.000     0.000   -11.224     3.000    10.000     0.000     3.000     6.000    13.000    16.000    19.000     3.214     0.304    -0.023     0.017    53.299     4.795    -0.492     0.255
         *         *         *     4.180     2.690     3.830         *         *         *    51.000    48.000    48.000     0.000     1.000     0.000   -11.055     3.000    12.000     0.000     3.000     6.000    13.000    16.000    19.000     4.023     0.304    -0.033     0.017    56.271     4.795    -0.465     0.255
     4.600         *         *         *         *         *    62.000         *         *         *         *         *     0.000     1.000     0.000   -27.605     0.000    13.000     0.000     3.000     6.000    13.000    16.000    19.000     4.571     0.129    -0.043     0.020    60.571     4.224    -0.105     0.247
         *         *         *     3.140     2.620     2.620         *         *         *    37.000    37.000    37.000     0.000     1.000     0.000   -11.892     0.000     4.000     0.000     3.000     6.000    13.000    16.000    19.000     3.408     0.304    -0.040     0.017    45.596     4.795    -0.567     0.255
         *         *         *     2.240     2.890     3.080         *         *         *    32.000    28.000    37.000     0.000     0.000     0.000   -11.854     2.000    10.000     0.000     3.000     6.000    13.000    16.000    19.000     3.158     0.304    -0.026     0.017    39.954     4.795    -0.406     0.255
         *         *         *     2.390     2.650     2.470         *         *         *    50.000    35.000    43.000     0.000     1.000     0.000   -14.597     0.000     0.000     0.000     3.000     6.000    13.000    16.000    19.000     3.147     0.304    -0.040     0.017    50.882     4.795    -0.579     0.255
         *         *         *     2.260         *     1.930         *         *         *    56.000         *    58.000     0.000     1.000     0.000   -13.633     3.000     8.000     0.000     3.000     6.000    13.000    16.000    19.000     3.059     0.317    -0.054     0.017    62.546     5.067    -0.460     0.256
         *         *     3.670     3.330     2.790         *         *         *    50.000    45.000    55.000         *     0.000     1.000     0.000   -19.333     0.000    16.000     0.000     3.000     6.000    13.000    16.000    19.000     3.840     0.251    -0.049     0.017    52.599     3.920    -0.264     0.245
         *         *     3.390     3.100     3.310     2.290         *         *    43.000    31.000    34.000    29.000     0.000     1.000     0.000   -19.275     1.000     8.000     0.000     3.000     6.000    13.000    16.000    19.000     3.569     0.251    -0.042     0.016    42.112     3.905    -0.503     0.233
         *         *         *     1.920     2.340     2.370         *         *         *    35.000    46.000    37.000     0.000     1.000     0.000   -12.616     0.000    -4.000     0.000     3.000     6.000    13.000    16.000    19.000     2.835     0.304    -0.038     0.017    47.687     4.795    -0.592     0.255
         *         *         *     2.170     3.020         *         *         *         *    47.000    52.000    46.000     0.000     1.000     0.000   -12.560     0.000    -2.000     0.000     3.000     6.000    13.000    16.000    19.000     3.174     0.306    -0.039     0.018    55.392     4.797    -0.563     0.256
         *         *         *     2.520     2.050     2.000         *         *         *    53.000    61.000    51.000     0.000     1.000     0.000   -14.828     1.000    10.000     0.000     3.000     6.000    13.000    16.000    19.000     3.168     0.304    -0.057     0.017    61.021     4.795    -0.483     0.255
         *         *         *     3.620     3.660     2.930         *         *         *    44.000    43.000    45.000     0.000     1.000     0.000   -15.194     2.000     8.000     0.000     3.000     6.000    13.000    16.000    19.000     3.917     0.304    -0.036     0.017    50.468     4.795    -0.385     0.255
         *         *         *     3.380     2.440     3.290         *         *         *    39.000    37.000    40.000     0.000     1.000     0.000   -15.299     1.000    10.000     0.000     3.000     6.000    13.000    16.000    19.000     3.573     0.304    -0.035     0.017    45.937     4.795    -0.433     0.255
         *         *         *     2.850     1.650     1.340         *         *         *    45.000    53.000    52.000     0.000     0.000     0.000   -13.798     3.000    13.000     0.000     3.000     6.000    13.000    16.000    19.000     3.074     0.304    -0.066     0.017    55.203     4.795    -0.329     0.255
         *         *         *     3.460         *         *         *         *         *    61.000         *         *     0.000     1.000     0.000   -14.888     2.000    10.000     0.000     3.000     6.000    13.000    16.000    19.000     3.902     0.331    -0.040     0.019    62.771     5.378    -0.417     0.264
         *         *         *     3.790     3.760     4.130         *         *         *    55.000    42.000    50.000     0.000     1.000     0.000   -15.466     2.000    17.000     0.000     3.000     6.000    13.000    16.000    19.000     4.226     0.304    -0.025     0.017    54.767     4.795    -0.357     0.255
         *         *         *     2.190     1.610         *         *         *         *    34.000    38.000         *     0.000     1.000     1.000   -16.480     0.000     1.000     0.000     3.000     6.000    13.000    16.000    19.000     2.605     0.307    -0.045     0.018    43.439     4.881    -0.533     0.261
         *         *         *     3.660         *     3.440         *         *         *    34.000    26.000    37.000     0.000     1.000     0.000   -16.917     2.000     1.000     0.000     3.000     6.000    13.000    16.000    19.000     3.784     0.316    -0.023     0.017    39.900     4.796    -0.374     0.256
         *         *         *     3.330     3.830     3.670         *         *         *    40.000    31.000    36.000     0.000     1.000     0.000   -16.869     2.000     7.000     0.000     3.000     6.000    13.000    16.000    19.000     3.854     0.304    -0.020     0.017    43.411     4.795    -0.401     0.255
         *         *         *     3.860     3.250     3.480         *         *         *    47.000    48.000    49.000     0.000     1.000     1.000   -18.436     0.000     2.000     0.000     3.000     6.000    13.000    16.000    19.000     3.880     0.304    -0.027     0.017    52.005     4.795    -0.301     0.255
         *         *         *     2.050     1.730     2.110         *         *         *    51.000    56.000    56.000     0.000     1.000     0.000   -18.800     2.000     2.000     0.000     3.000     6.000    13.000    16.000    19.000     2.867     0.304    -0.051     0.017    59.077     4.795    -0.362     0.255
         *         *         *     3.510     3.410     3.390         *         *         *    47.000    48.000    49.000     0.000     1.000     1.000   -18.527     1.000    19.000     0.000     3.000     6.000    13.000    16.000    19.000     3.892     0.304    -0.030     0.017    52.047     4.795    -0.253     0.255
         *         *         *     3.310     3.390     2.040         *         *         *    44.000    44.000    51.000     0.000     1.000     0.000   -18.645     1.000    22.000     0.000     3.000     6.000    13.000    16.000    19.000     3.810     0.304    -0.055     0.017    50.820     4.795    -0.262     0.255
         *         *         *     2.680         *         *         *         *         *    36.000         *         *     0.000     1.000     0.000   -17.059     1.000    18.000     0.000     3.000     6.000    13.000    16.000    19.000     3.342     0.331    -0.043     0.019    44.016     5.378    -0.417     0.264
         *         *         *     3.880     3.490     3.360         *         *         *    33.000    32.000    35.000     0.000     1.000     0.000   -16.867     0.000    11.000     0.000     3.000     6.000    13.000    16.000    19.000     3.994     0.304    -0.031     0.017    40.201     4.795    -0.372     0.255
