     0.700         *         *         *         *         *         *         *         *         *         *         *     0.000     0.000     0.000    17.816     0.000    -8.000     0.000     3.000     6.000    13.000    16.000    19.000     0.912     0.260    -0.053     0.015     2.990     0.807    -0.088     0.019
         *         *         *         *         *         *     4.000         *         *         *         *         *     0.000     1.000     0.000    16.108     0.000    -1.000     0.000     3.000     6.000    13.000    16.000    19.000     1.782     0.514    -0.050     0.015     3.740     0.611    -0.070     0.020
     1.600         *         *         *         *         *     4.000         *         *         *         *         *     0.000     0.000     1.000    16.108     0.000    -2.000     0.000     3.000     6.000    13.000    16.000    19.000     1.604     0.259    -0.046     0.015     3.583     0.604    -0.090     0.019
     3.700     3.810     3.990     3.540     2.940         *     3.000     4.000     4.000     3.000     3.000         *     0.000     1.000     0.000    -8.223     0.000    15.000     0.000     3.000     6.000    13.000    16.000    19.000     3.848     0.151    -0.040     0.012     3.826     0.389    -0.021     0.018
     3.100     2.900     3.100     2.650         *         *     4.000     4.000     4.000     3.000         *         *     0.000     1.000     0.000    -8.223     0.000    17.000     0.000     3.000     6.000    13.000    16.000    19.000     3.185     0.155    -0.044     0.013     4.080     0.412    -0.027     0.019
     2.200     1.900     1.350     1.150         *         *     4.000     3.000     5.000     4.000         *         *     0.000     1.000     0.000    -8.650     0.000    11.000     0.000     3.000     6.000    13.000    16.000    19.000     2.076     0.155    -0.061     0.013     4.093     0.412    -0.022     0.019
     2.400     1.900     1.750         *         *         *     4.000     5.000     4.000         *         *         *     0.000     1.000     0.000    -8.997     0.000     0.000     0.000     3.000     6.000    13.000    16.000    19.000     2.237     0.166    -0.050     0.014     4.229     0.447    -0.024     0.019
     4.000     4.100     4.150     3.540     3.490     2.830     4.000     5.000     8.000     4.000     4.000     5.000     0.000     0.000     0.000   -10.008     0.000     8.000     0.000     3.000     6.000    13.000    16.000    19.000     4.066     0.150    -0.045     0.011     5.124     0.375    -0.024     0.018
     3.400     3.600     3.400     2.520     3.060     2.490     4.000     4.000     4.000     4.000     4.000     4.000     0.000     1.000     0.000   -10.005     0.000     6.000     0.000     3.000     6.000    13.000    16.000    19.000     3.472     0.150    -0.044     0.011     4.187     0.375    -0.014     0.018
         *         *         *         *         *         *     3.000         *         *         *         *         *     0.000     0.000     0.000    12.623     0.000    -7.000     0.000     3.000     6.000    13.000    16.000    19.000     1.768     0.514    -0.049     0.015     3.192     0.611    -0.073     0.020
         *         *         *         *         *         *     4.000     3.000         *         *         *         *     0.000     1.000     1.000     7.288     0.000     5.000     0.000     3.000     6.000    13.000    16.000    19.000     2.040     0.511    -0.045     0.015     3.635     0.510    -0.061     0.020
         *     1.300     0.800         *         *         *     3.000     3.000     3.000         *         *         *     0.000     0.000     0.000     7.288     2.000    -6.000     0.000     3.000     6.000    13.000    16.000    19.000     1.399     0.200    -0.054     0.014     3.434     0.447    -0.085     0.019
     3.100     2.900         *         *         *         *     3.000     3.000         *         *         *         *     0.000     0.000     0.000     7.122     0.000     1.000     0.000     3.000     6.000    13.000    16.000    19.000     2.942     0.196    -0.044     0.015     3.445     0.506    -0.057     0.019
     2.000     2.000         *         *         *         *     3.000     3.000         *         *         *         *     0.000     0.000     1.000     7.221     0.000    -2.000     0.000     3.000     6.000    13.000    16.000    19.000     2.037     0.196    -0.043     0.015     3.247     0.506    -0.070     0.019
     2.900     2.750     2.810         *         *         *     6.000     5.000     5.000         *         *         *     0.000     0.000     0.000     8.436     3.000     1.000     0.000     3.000     6.000    13.000    16.000    19.000     2.900     0.166    -0.042     0.014     5.395     0.447    -0.097     0.019
     2.100         *         *         *         *         *     7.000         *         *         *         *         *     0.000     0.000     0.000     6.127     3.000     1.000     0.000     3.000     6.000    13.000    16.000    19.000     2.237     0.259    -0.048     0.015     5.659     0.604    -0.099     0.019
     3.200         *         *         *         *         *     4.000         *         *         *         *         *     0.000     0.000     0.000     6.922     3.000     5.000     0.000     3.000     6.000    13.000    16.000    19.000     3.021     0.259    -0.046     0.015     4.575     0.604    -0.089     0.019
     2.900         *         *         *         *         *     5.000         *         *         *         *         *     1.000     0.000     0.000     6.859     3.000     5.000     0.000     3.000     6.000    13.000    16.000    19.000     2.708     0.259    -0.027     0.015     4.905     0.604    -0.067     0.019
     1.600     2.000     1.650         *         *         *     4.000     3.000     0.000         *         *         *     0.000     0.000     0.000     5.583     0.000    -5.000     0.000     3.000     6.000    13.000    16.000    19.000     1.895     0.166    -0.044     0.014     2.831     0.447    -0.066     0.019
     1.900     2.000     1.650         *         *         *     3.000     3.000     0.000         *         *         *     0.000     0.000     1.000     5.581     0.000     2.000     0.000     3.000     6.000    13.000    16.000    19.000     1.974     0.166    -0.043     0.014     2.627     0.447    -0.070     0.019
     2.100     1.770     1.300         *         *         *     4.000     4.000     4.000         *         *         *     0.000     1.000     0.000     7.339     1.000     8.000     0.000     3.000     6.000    13.000    16.000    19.000     1.949     0.166    -0.057     0.014     4.176     0.447    -0.063     0.019
         *     1.590         *         *         *         *     3.000     5.000         *         *         *         *     1.000     1.000     1.000     7.339     0.000     2.000     0.000     3.000     6.000    13.000    16.000    19.000     1.653     0.258    -0.026     0.015     3.795     0.506    -0.036     0.019
     3.100     2.900     2.900         *         *         *     4.000     3.000     3.000         *         *         *     0.000     0.000     0.000     5.217     0.000     6.000     0.000     3.000     6.000    13.000    16.000    19.000     3.035     0.166    -0.044     0.014     3.707     0.447    -0.057     0.019
         *     2.500     2.100         *         *         *         *     5.000     4.000         *         *         *     0.000     0.000     0.000     8.511     0.000     6.000     0.000     3.000     6.000    13.000    16.000    19.000     2.523     0.200    -0.050     0.014     4.461     0.512    -0.067     0.020
         *     2.350         *         *         *         *         *     5.000         *         *         *         *     0.000     0.000     1.000     8.511     0.000     8.000     0.000     3.000     6.000    13.000    16.000    19.000     2.447     0.258    -0.044     0.015     4.441     0.608    -0.075     0.020
     2.400     2.600     2.460     1.550     1.310         *     4.000     6.000     5.000     3.000     3.000         *     0.000     1.000     0.000     4.945     1.000    -1.000     0.000     3.000     6.000    13.000    16.000    19.000     2.461     0.151    -0.054     0.012     4.535     0.389    -0.057     0.018
     2.300     2.180     2.140         *         *         *     5.000     6.000     5.000         *         *         *     0.000     1.000     0.000     5.045     2.000    -1.000     0.000     3.000     6.000    13.000    16.000    19.000     2.354     0.166    -0.046     0.014     5.193     0.447    -0.071     0.019
     2.100     2.350     2.570         *         *         *     4.000     3.000     4.000         *         *         *     1.000     1.000     1.000     3.739     1.000     2.000     0.000     3.000     6.000    13.000    16.000    19.000     2.320     0.166    -0.017     0.014     3.843     0.447    -0.039     0.019
     2.000         *         *         *         *         *     4.000         *         *         *         *         *     0.000     1.000     0.000     5.531     0.000    -4.000     0.000     3.000     6.000    13.000    16.000    19.000     2.027     0.259    -0.047     0.015     3.775     0.604    -0.050     0.019
         *         *         *         *         *         *     4.000         *         *         *         *         *     0.000     1.000     1.000     5.531     0.000    -3.000     0.000     3.000     6.000    13.000    16.000    19.000     1.875     0.514    -0.043     0.015     3.689     0.611    -0.058     0.020
     2.400         *         *         *         *         *     4.000         *         *         *         *         *     0.000     1.000     0.000     2.030     2.000     9.000     0.000     3.000     6.000    13.000    16.000    19.000     2.476     0.259    -0.049     0.015     4.394     0.604    -0.064     0.019
     3.600     3.700     3.520         *         *         *     4.000     3.000     3.000         *         *         *     0.000     0.000     0.000     2.930     1.000     6.000     0.000     3.000     6.000    13.000    16.000    19.000     3.604     0.166    -0.039     0.014     3.873     0.447    -0.060     0.019
     3.400     3.150     3.060         *         *         *     0.000     3.000     3.000         *         *         *     0.000     1.000     0.000     2.930     0.000     8.000     0.000     3.000     6.000    13.000    16.000    19.000     3.236     0.166    -0.044     0.014     2.776     0.447    -0.032     0.019
         *     1.700         *         *         *         *     6.000     5.000         *         *         *         *     0.000     1.000     0.000     2.982     1.000    -2.000     0.000     3.000     6.000    13.000    16.000    19.000     1.993     0.258    -0.048     0.015     4.941     0.506    -0.061     0.019
     2.100     2.120     2.140     1.810         *         *     4.000     4.000     3.000     3.000         *         *     0.000     1.000     0.000     3.127     0.000    -6.000     0.000     3.000     6.000    13.000    16.000    19.000     2.253     0.155    -0.040     0.013     3.739     0.412    -0.048     0.019
         *     2.620     2.870     2.170         *         *     3.000     3.000     4.000     3.000         *         *     0.000     0.000     0.000     3.127     0.000     2.000     0.000     3.000     6.000    13.000    16.000    19.000     2.841     0.181    -0.045     0.013     3.644     0.412    -0.051     0.019
     3.000     2.870     2.540         *         *         *     5.000     5.000     5.000         *         *         *     0.000     0.000     0.000     3.597     1.000     1.000     0.000     3.000     6.000    13.000    16.000    19.000     2.906     0.166    -0.045     0.014     4.918     0.447    -0.066     0.019
     2.600         *     2.250         *         *         *     0.000         *     3.000         *         *         *     0.000     1.000     0.000     2.597     0.000    -4.000     0.000     3.000     6.000    13.000    16.000    19.000     2.475     0.197    -0.045     0.014     2.455     0.509    -0.034     0.019
         *         *         *         *         *         *     4.000         *         *         *         *         *     0.000     1.000     0.000     1.161     0.000    -2.000     0.000     3.000     6.000    13.000    16.000    19.000     2.338     0.514    -0.046     0.015     3.878     0.611    -0.041     0.020
     2.700     2.700         *         *         *         *     5.000     6.000         *         *         *         *     0.000     1.000     0.000     1.919     0.000    10.000     0.000     3.000     6.000    13.000    16.000    19.000     2.787     0.196    -0.047     0.015     5.037     0.506    -0.045     0.019
     2.800     2.750     3.020     2.210     2.090         *     3.000     6.000     6.000     4.000     4.000     4.000     0.000     0.000     0.000     2.048     0.000     7.000     0.000     3.000     6.000    13.000    16.000    19.000     2.940     0.151    -0.049     0.012     4.820     0.375    -0.050     0.018
     2.200     2.320     1.940         *         *         *     4.000     4.000     3.000         *         *         *     0.000     1.000     0.000     2.303     0.000     1.000     0.000     3.000     6.000    13.000    16.000    19.000     2.302     0.166    -0.047     0.014     3.814     0.447    -0.044     0.019
         *         *         *         *         *         *     4.000         *         *         *         *         *     1.000     0.000     0.000     2.303     0.000    -2.000     0.000     3.000     6.000    13.000    16.000    19.000     1.967     0.514    -0.029     0.015     3.721     0.611    -0.032     0.020
     2.300     2.500         *         *         *         *     4.000     4.000         *         *         *         *     0.000     0.000     0.000     1.484     0.000    11.000     0.000     3.000     6.000    13.000    16.000    19.000     2.533     0.196    -0.049     0.015     4.090     0.506    -0.056     0.019
     2.200     2.300     2.100     1.320     1.520     1.690     3.000     3.000     3.000     4.000     3.000     0.000     0.000     0.000     0.000     1.481     0.000     9.000     0.000     3.000     6.000    13.000    16.000    19.000     2.329     0.150    -0.048     0.011     3.382     0.375    -0.060     0.018
     3.000         *         *         *         *         *     6.000         *         *         *         *         *     0.000     1.000     0.000    -0.223     3.000    13.000     0.000     3.000     6.000    13.000    16.000    19.000     3.022     0.259    -0.047     0.015     5.606     0.604    -0.071     0.019
     2.600         *         *         *         *         *     7.000         *         *         *         *         *     0.000     1.000     0.000    -0.072     3.000    14.000     0.000     3.000     6.000    13.000    16.000    19.000     2.752     0.259    -0.048     0.015     5.995     0.604    -0.076     0.019
     2.000         *         *         *         *         *     5.000         *         *         *         *         *     0.000     0.000     0.000     0.141     0.000     1.000     0.000     3.000     6.000    13.000    16.000    19.000     2.171     0.259    -0.048     0.015     4.281     0.604    -0.056     0.019
         *     1.800     1.700         *         *         *     4.000     4.000     3.000         *         *         *     0.000     0.000     1.000     0.135     0.000    -2.000     0.000     3.000     6.000    13.000    16.000    19.000     1.987     0.200    -0.043     0.014     3.736     0.447    -0.061     0.019
     1.700         *         *         *         *         *     0.000         *         *         *         *         *     0.000     1.000     1.000     1.836     0.000    -6.000     0.000     3.000     6.000    13.000    16.000    19.000     1.678     0.259    -0.043     0.015     1.880     0.604    -0.044     0.019
     2.100         *         *         *         *         *     4.000     4.000         *         *         *         *     0.000     1.000     1.000     1.836     0.000    -7.000     0.000     3.000     6.000    13.000    16.000    19.000     2.053     0.259    -0.040     0.015     3.821     0.506    -0.050     0.019
     2.100     2.300     2.570         *         *         *     3.000     3.000     3.000         *         *         *     0.000     1.000     0.000     1.156     0.000     1.000     0.000     3.000     6.000    13.000    16.000    19.000     2.438     0.166    -0.041     0.014     3.362     0.447    -0.042     0.019
     2.900     2.920     2.860     2.530     2.870     2.450     4.000     3.000     3.000     4.000     0.000     3.000     0.000     1.000     0.000     1.156     0.000     1.000     0.000     3.000     6.000    13.000    16.000    19.000     2.994     0.150    -0.029     0.011     3.462     0.375    -0.049     0.018
     2.500     2.400     2.410     1.590     1.460     1.400     3.000     5.000     5.000     5.000     4.000         *     0.000     1.000     0.000     0.575     3.000     6.000     0.000     3.000     6.000    13.000    16.000    19.000     2.522     0.150    -0.058     0.011     4.856     0.389    -0.059     0.018
     2.600     2.550     2.230     1.600     1.240     1.410     6.000     6.000     7.000     4.000     5.000     5.000     0.000     1.000     0.000     0.575     2.000     2.000     0.000     3.000     6.000    13.000    16.000    19.000     2.515     0.150    -0.059     0.011     5.763     0.375    -0.056     0.018
     1.200     0.850     1.020         *         *         *     5.000     4.000     3.000         *         *         *     0.000     1.000     0.000    -0.200     0.000     1.000     0.000     3.000     6.000    13.000    16.000    19.000     1.320     0.166    -0.053     0.014     3.948     0.447    -0.049     0.019
     1.500     1.300     1.810         *         *         *     6.000     6.000     5.000         *         *         *     0.000     0.000     0.000    -0.200     0.000     1.000     0.000     3.000     6.000    13.000    16.000    19.000     1.805     0.166    -0.048     0.014     5.165     0.447    -0.063     0.019
     3.000     2.650         *         *         *         *     4.000     4.000         *         *         *         *     0.000     0.000     1.000     0.964     0.000     7.000     0.000     3.000     6.000    13.000    16.000    19.000     2.832     0.196    -0.042     0.015     4.051     0.506    -0.058     0.019
     3.000     3.150         *         *         *         *     5.000     6.000         *         *         *         *     0.000     0.000     0.000     0.997     0.000     8.000     0.000     3.000     6.000    13.000    16.000    19.000     3.117     0.196    -0.045     0.015     5.049     0.506    -0.053     0.019
     2.500     2.150     1.750         *         *         *     3.000     3.000     0.000         *     3.000     0.000     0.000     0.000     1.000    -1.358     0.000     0.000     0.000     3.000     6.000    13.000    16.000    19.000     2.242     0.166    -0.043     0.014     2.591     0.396    -0.057     0.018
         *     1.850     1.550         *         *         *     4.000     4.000     3.000         *         *         *     0.000     1.000     0.000    -1.358     0.000    -4.000     0.000     3.000     6.000    13.000    16.000    19.000     1.979     0.200    -0.048     0.014     3.733     0.447    -0.039     0.019
     3.100         *         *         *         *         *     4.000         *         *         *         *         *     0.000     1.000     0.000    -0.183     2.000     2.000     0.000     3.000     6.000    13.000    16.000    19.000     2.960     0.259    -0.044     0.015     4.406     0.604    -0.055     0.019
     2.800     2.800         *         *         *         *     6.000     4.000         *         *         *         *     0.000     0.000     1.000    -0.183     1.000     8.000     0.000     3.000     6.000    13.000    16.000    19.000     2.838     0.196    -0.041     0.015     4.802     0.506    -0.070     0.019
         *     0.570     2.300     0.440         *         *     0.000     4.000     4.000         *         *         *     0.000     0.000     0.000    -0.339     0.000    -6.000     0.000     3.000     6.000    13.000    16.000    19.000     1.597     0.182    -0.056     0.013     2.962     0.447    -0.045     0.019
         *     1.300     0.860         *         *         *     4.000     3.000     0.000         *         *         *     0.000     0.000     0.000    -0.339     0.000    -3.000     0.000     3.000     6.000    13.000    16.000    19.000     1.450     0.200    -0.053     0.014     2.780     0.447    -0.057     0.019
         *     1.500     1.510         *         *         *     5.000     5.000     4.000         *         *         *     0.000     1.000     0.000    -0.460     0.000     1.000     0.000     3.000     6.000    13.000    16.000    19.000     1.861     0.200    -0.051     0.014     4.460     0.447    -0.044     0.019
     1.500         *         *         *         *         *     3.000         *         *         *         *         *     0.000     1.000     0.000    -0.447     1.000    -2.000     0.000     3.000     6.000    13.000    16.000    19.000     1.715     0.259    -0.049     0.015     3.486     0.604    -0.051     0.019
     1.000     1.000     0.900         *         *         *     3.000     3.000     4.000         *         *         *     1.000     0.000     1.000    -1.575     0.000    11.000     0.000     3.000     6.000    13.000    16.000    19.000     1.191     0.166    -0.034     0.014     3.432     0.447    -0.036     0.019
         *         *     2.810     1.170     1.900     1.680     4.000     5.000     0.000     3.000     3.000         *     0.000     0.000     0.000    -0.167     0.000    -2.000     0.000     3.000     6.000    13.000    16.000    19.000     2.536     0.201    -0.049     0.012     3.455     0.389    -0.048     0.019
     2.900     3.200     3.580     3.230     2.930         *     6.000     5.000     0.000     4.000     4.000         *     0.000     0.000     0.000    -1.277     2.000    16.000     0.000     3.000     6.000    13.000    16.000    19.000     3.399     0.151    -0.032     0.012     4.546     0.389    -0.076     0.018
     2.300         *     2.700         *         *         *     3.000         *     0.000         *         *         *     0.000     1.000     0.000    -0.011     0.000    -2.000     0.000     3.000     6.000    13.000    16.000    19.000     2.541     0.197    -0.038     0.014     2.530     0.509    -0.040     0.019
     1.900     1.600     1.700         *         *         *     3.000     3.000     4.000         *         *         *     0.000     1.000     1.000    -0.783     0.000    -4.000     0.000     3.000     6.000    13.000    16.000    19.000     1.882     0.166    -0.042     0.014     3.459     0.447    -0.045     0.019
     3.400     3.030     3.060     2.380         *         *     4.000     4.000     4.000     4.000         *         *     0.000     1.000     0.000    -0.247     0.000    -5.000     0.000     3.000     6.000    13.000    16.000    19.000     3.137     0.155    -0.044     0.013     4.121     0.412    -0.029     0.019
     3.000     3.100     3.090     2.600     2.650     1.940     3.000     5.000     5.000     4.000     5.000     4.000     0.000     1.000     0.000    -1.146     1.000     4.000     0.000     3.000     6.000    13.000    16.000    19.000     3.146     0.150    -0.046     0.011     4.639     0.375    -0.036     0.018
     2.800         *         *         *         *         *     4.000         *         *         *         *         *     0.000     1.000     0.000    -0.895     2.000     8.000     0.000     3.000     6.000    13.000    16.000    19.000     2.794     0.259    -0.047     0.015     4.454     0.604    -0.056     0.019
     1.300         *     1.390         *         *         *     0.000     4.000     4.000         *         *         *     0.000     1.000     0.000    -0.881     1.000     2.000     0.000     3.000     6.000    13.000    16.000    19.000     1.635     0.197    -0.052     0.014     3.134     0.447    -0.046     0.019
         *     2.900     2.900     2.260         *         *     3.000     3.000     3.000     3.000         *         *     0.000     0.000     0.000    -2.070     0.000     5.000     0.000     3.000     6.000    13.000    16.000    19.000     2.993     0.181    -0.046     0.013     3.454     0.412    -0.041     0.019
     3.100     3.050     2.600     2.470     2.760         *     3.000     3.000     0.000     0.000     0.000         *     0.000     1.000     0.000    -2.070     0.000    -3.000     0.000     3.000     6.000    13.000    16.000    19.000     2.951     0.151    -0.029     0.012     2.098     0.389    -0.046     0.018
         *     2.650     2.000     2.140         *         *     3.000     3.000     3.000     3.000     3.000         *     0.000     0.000     0.000    -0.262     1.000     7.000     0.000     3.000     6.000    13.000    16.000    19.000     2.629     0.181    -0.048     0.013     3.619     0.390    -0.057     0.019
     2.600     2.450     2.330     1.610         *         *     5.000     5.000     6.000     4.000         *         *     0.000     1.000     0.000    -0.914     0.000     1.000     0.000     3.000     6.000    13.000    16.000    19.000     2.542     0.155    -0.052     0.013     4.885     0.412    -0.036     0.019
     2.600     2.800     2.650         *         *         *     4.000     5.000     5.000         *         *         *     0.000     1.000     0.000    -1.359     2.000     5.000     0.000     3.000     6.000    13.000    16.000    19.000     2.812     0.166    -0.044     0.014     4.802     0.447    -0.056     0.019
     2.900     2.850     2.670     2.250         *         *     6.000     4.000     5.000     5.000         *         *     0.000     0.000     0.000    -0.556     0.000     3.000     0.000     3.000     6.000    13.000    16.000    19.000     2.920     0.155    -0.047     0.013     4.960     0.412    -0.048     0.019
     2.300         *     1.760         *         *         *     3.000     4.000     3.000         *         *         *     0.000     0.000     0.000    -0.822     0.000     0.000     0.000     3.000     6.000    13.000    16.000    19.000     2.229     0.197    -0.050     0.014     3.555     0.447    -0.049     0.019
         *         *         *         *         *         *     4.000         *         *         *         *         *     0.000     1.000     0.000    -0.822     0.000     1.000     0.000     3.000     6.000    13.000    16.000    19.000     2.516     0.514    -0.046     0.015     3.960     0.611    -0.037     0.020
     1.900         *         *         *         *         *     4.000         *         *         *         *         *     0.000     1.000     0.000    -1.150     3.000    -2.000     0.000     3.000     6.000    13.000    16.000    19.000     2.047     0.259    -0.047     0.015     4.331     0.604    -0.069     0.019
     3.800         *         *         *         *         *     4.000         *         *         *         *         *     0.000     0.000     0.000    -1.536     0.000    16.000     0.000     3.000     6.000    13.000    16.000    19.000     3.633     0.259    -0.046     0.015     4.363     0.604    -0.043     0.019
     2.400     2.080     2.410     1.950     2.050     1.850     4.000     3.000     4.000     3.000     4.000     3.000     0.000     1.000     0.000    -1.538     0.000     0.000     0.000     3.000     6.000    13.000    16.000    19.000     2.484     0.150    -0.037     0.011     3.876     0.375    -0.039     0.018
     1.300         *         *         *         *         *     4.000         *         *         *         *         *     0.000     0.000     1.000    -2.167     0.000     6.000     0.000     3.000     6.000    13.000    16.000    19.000     1.630     0.259    -0.047     0.015     3.739     0.604    -0.062     0.019
     2.500     2.820     2.860     2.310     2.260         *     4.000     3.000     3.000     3.000     0.000     3.000     0.000     0.000     1.000    -2.167     0.000    -2.000     0.000     3.000     6.000    13.000    16.000    19.000     2.750     0.151    -0.031     0.012     3.339     0.375    -0.059     0.018
     1.700     1.570     1.520         *         *         *     3.000     3.000     4.000         *         *         *     0.000     1.000     0.000    -2.481     0.000    -8.000     0.000     3.000     6.000    13.000    16.000    19.000     1.791     0.166    -0.047     0.014     3.438     0.447    -0.035     0.019
     1.900     2.020     2.150     1.900     1.510         *     5.000     6.000     6.000     5.000     3.000         *     0.000     1.000     1.000    -2.505     0.000    12.000     0.000     3.000     6.000    13.000    16.000    19.000     2.253     0.151    -0.041     0.012     5.118     0.389    -0.054     0.018
     2.400         *     2.570     1.680         *         *     4.000         *     0.000     3.000         *         *     0.000     1.000     0.000    -2.505     0.000     9.000     0.000     3.000     6.000    13.000    16.000    19.000     2.537     0.176    -0.049     0.013     3.045     0.457    -0.034     0.019
     3.000     3.000     3.090     2.490     2.870     2.180     3.000     4.000     3.000     3.000     4.000     4.000     0.000     0.000     0.000    -3.381     1.000     5.000     0.000     3.000     6.000    13.000    16.000    19.000     3.154     0.150    -0.042     0.011     4.027     0.375    -0.046     0.018
         *         *     2.190         *         *         *     3.000     3.000     3.000         *         *         *     0.000     0.000     0.000    -1.962     0.000     3.000     0.000     3.000     6.000    13.000    16.000    19.000     2.519     0.260    -0.048     0.014     3.374     0.447    -0.046     0.019
     2.700         *     2.600         *         *         *     5.000         *     4.000         *         *         *     0.000     0.000     0.000    -1.464     0.000    -1.000     0.000     3.000     6.000    13.000    16.000    19.000     2.762     0.197    -0.043     0.014     4.358     0.509    -0.049     0.019
     1.700     1.580         *         *         *         *     0.000     3.000         *         *         *         *     0.000     1.000     1.000    -2.745     0.000     1.000     0.000     3.000     6.000    13.000    16.000    19.000     1.764     0.196    -0.045     0.015     2.336     0.506    -0.038     0.019
     0.900         *         *         *         *         *     3.000     4.000     4.000         *         *         *     0.000     1.000     0.000    -2.745     0.000     7.000     0.000     3.000     6.000    13.000    16.000    19.000     1.377     0.259    -0.054     0.015     3.747     0.447    -0.042     0.019
     1.700     2.000     1.250     1.350         *         *     3.000     3.000     4.000     3.000         *         *     0.000     0.000     0.000    -4.216     0.000    -5.000     0.000     3.000     6.000    13.000    16.000    19.000     1.897     0.155    -0.049     0.013     3.491     0.412    -0.044     0.019
     2.500     2.650     2.490         *         *         *     3.000     3.000     4.000         *         *         *     0.000     0.000     1.000    -4.213     0.000    -7.000     0.000     3.000     6.000    13.000    16.000    19.000     2.609     0.166    -0.035     0.014     3.510     0.447    -0.047     0.019
     2.400     2.500     2.650         *         *         *     4.000     3.000     3.000         *     0.000         *     0.000     1.000     0.000    -4.467     0.000     1.000     0.000     3.000     6.000    13.000    16.000    19.000     2.608     0.166    -0.035     0.014     3.112     0.415    -0.045     0.019
     2.400     1.900     2.100         *     2.080     1.440     5.000     5.000     6.000     4.000     4.000     4.000     0.000     1.000     0.000    -3.750     0.000    -4.000     0.000     3.000     6.000    13.000    16.000    19.000     2.358     0.154    -0.040     0.011     4.814     0.375    -0.040     0.018
         *     2.050     1.520         *         *         *     3.000     3.000     4.000         *         *         *     0.000     1.000     0.000    -2.839     0.000     0.000     0.000     3.000     6.000    13.000    16.000    19.000     2.086     0.200    -0.051     0.014     3.524     0.447    -0.032     0.019
     3.000     3.000     2.760         *         *         *     5.000     4.000     5.000         *         *         *     0.000     1.000     0.000    -2.842     0.000     9.000     0.000     3.000     6.000    13.000    16.000    19.000     3.044     0.166    -0.045     0.014     4.631     0.447    -0.033     0.019
     3.000         *         *         *     2.680     2.120     4.000     4.000         *         *     3.000     5.000     1.000     1.000     0.000    -4.333     2.000     8.000     0.000     3.000     6.000    13.000    16.000    19.000     2.877     0.195    -0.028     0.011     4.337     0.427    -0.021     0.018
         *     2.800     2.800         *         *         *     5.000     4.000     3.000         *         *         *     0.000     0.000     0.000    -5.003     1.000    10.000     0.000     3.000     6.000    13.000    16.000    19.000     3.012     0.200    -0.045     0.014     4.295     0.447    -0.053     0.019
         *     2.650     2.700     2.380         *         *         *     3.000     3.000     3.000         *         *     0.000     1.000     0.000     0.800     1.000    -5.000     0.000     3.000     6.000    13.000    16.000    19.000     2.784     0.181    -0.037     0.013     3.609     0.461    -0.048     0.019
         *         *         *         *     2.190     2.030     4.000         *         *         *     3.000     3.000     0.000     0.000     0.000    -4.027     0.000    -4.000     0.000     3.000     6.000    13.000    16.000    19.000     2.773     0.257    -0.040     0.012     3.853     0.478    -0.044     0.019
     3.000     2.800     2.830         *     2.630     2.810     6.000     4.000     5.000         *     7.000     4.000     0.000     1.000     0.000    -3.777     0.000     0.000     0.000     3.000     6.000    13.000    16.000    19.000     3.076     0.154    -0.031     0.011     5.192     0.394    -0.033     0.018
     2.000     1.950     2.830         *         *         *     4.000     6.000     5.000         *         *         *     0.000     1.000     0.000    -3.844     3.000     7.000     0.000     3.000     6.000    13.000    16.000    19.000     2.452     0.166    -0.042     0.014     5.128     0.447    -0.069     0.019
     2.200     2.200     2.110     1.790         *         *     4.000     3.000     4.000     0.000         *         *     0.000     1.000     1.000    -4.372     1.000    11.000     0.000     3.000     6.000    13.000    16.000    19.000     2.314     0.155    -0.040     0.013     3.406     0.412    -0.060     0.019
     3.200         *         *         *         *         *     5.000         *         *         *         *         *     0.000     1.000     0.000    -5.220     2.000     8.000     0.000     3.000     6.000    13.000    16.000    19.000     3.155     0.259    -0.044     0.015     4.974     0.604    -0.049     0.019
     2.500     2.370         *         *         *         *     4.000     4.000         *         *         *         *     0.000     0.000     0.000    -3.258     0.000   -10.000     0.000     3.000     6.000    13.000    16.000    19.000     2.482     0.196    -0.042     0.015     3.880     0.506    -0.044     0.019
     2.200         *         *         *         *         *     6.000         *         *         *         *         *     0.000     1.000     0.000    -3.872     0.000     0.000     0.000     3.000     6.000    13.000    16.000    19.000     2.344     0.259    -0.045     0.015     4.785     0.604    -0.038     0.019
     2.700     2.650     2.850         *         *         *     4.000     3.000     5.000         *         *         *     0.000     0.000     0.000    -5.556     3.000     0.000     0.000     3.000     6.000    13.000    16.000    19.000     2.854     0.166    -0.041     0.014     4.411     0.447    -0.069     0.019
     2.300     2.550     2.000         *         *         *     5.000     3.000     3.000         *         *         *     0.000     0.000     0.000    -5.556     0.000     5.000     0.000     3.000     6.000    13.000    16.000    19.000     2.475     0.166    -0.048     0.014     3.855     0.447    -0.044     0.019
     3.400     2.600     2.650     2.390     1.560         *     5.000     4.000     4.000     4.000     4.000         *     0.000     1.000     1.000    -5.892     0.000     4.000     0.000     3.000     6.000    13.000    16.000    19.000     2.893     0.151    -0.052     0.012     4.322     0.389    -0.026     0.018
     2.800         *         *         *         *         *     3.000         *         *         *         *         *     0.000     0.000     0.000    -5.908     0.000    -1.000     0.000     3.000     6.000    13.000    16.000    19.000     2.770     0.259    -0.044     0.015     3.527     0.604    -0.037     0.019
     2.300     2.470     2.230     1.900         *         *     3.000     4.000     4.000     3.000         *         *     0.000     1.000     0.000    -4.172     1.000     2.000     0.000     3.000     6.000    13.000    16.000    19.000     2.486     0.155    -0.045     0.013     3.861     0.412    -0.042     0.019
     1.900     2.250     2.270         *         *         *     4.000     3.000     3.000         *         *         *     0.000     1.000     0.000    -4.172     0.000     1.000     0.000     3.000     6.000    13.000    16.000    19.000     2.301     0.166    -0.042     0.014     3.574     0.447    -0.036     0.019
     3.700     3.250         *     3.170     2.650         *     4.000     4.000         *     0.000     3.000         *     0.000     1.000     0.000    -3.470     2.000     7.000     0.000     3.000     6.000    13.000    16.000    19.000     3.423     0.164    -0.038     0.012     3.683     0.421    -0.057     0.018
     3.800     3.350     3.200     3.250     3.130     2.950     4.000     3.000     4.000     3.000     3.000     3.000     0.000     0.000     0.000    -6.056     2.000     1.000     0.000     3.000     6.000    13.000    16.000    19.000     3.551     0.150    -0.033     0.011     4.065     0.375    -0.058     0.018
     2.700         *         *         *         *         *     3.000         *         *         *         *         *     0.000     1.000     0.000    -4.866     0.000     0.000     0.000     3.000     6.000    13.000    16.000    19.000     2.665     0.259    -0.044     0.015     3.554     0.604    -0.027     0.019
     2.100         *         *         *         *         *     3.000         *         *         *         *         *     0.000     0.000     0.000    -4.866     0.000     0.000     0.000     3.000     6.000    13.000    16.000    19.000     2.247     0.259    -0.047     0.015     3.427     0.604    -0.043     0.019
     2.400     2.060     1.890         *         *         *     3.000         *     3.000         *         *         *     0.000     1.000     0.000    -4.430     0.000     1.000     0.000     3.000     6.000    13.000    16.000    19.000     2.292     0.166    -0.049     0.014     3.397     0.509    -0.030     0.019
     3.300     3.330     2.650         *         *         *     5.000     5.000     4.000         *         *         *     0.000     1.000     0.000    -3.928     3.000     3.000     0.000     3.000     6.000    13.000    16.000    19.000     3.179     0.166    -0.044     0.014     4.935     0.447    -0.059     0.019
     2.900     3.100     2.820         *         *         *     4.000     5.000     5.000         *         *         *     0.000     0.000     0.000    -4.833     0.000    -9.000     0.000     3.000     6.000    13.000    16.000    19.000     3.007     0.166    -0.038     0.014     4.486     0.447    -0.039     0.019
         *         *     2.730     1.890     1.270     1.590     4.000     3.000     4.000     4.000     3.000         *     0.000     1.000     0.000    -4.833     0.000    -7.000     0.000     3.000     6.000    13.000    16.000    19.000     2.548     0.201    -0.051     0.012     3.767     0.389    -0.023     0.019
     2.800     2.550         *         *         *         *     3.000     4.000         *         *         *         *     0.000     1.000     0.000    -4.736     0.000    -3.000     0.000     3.000     6.000    13.000    16.000    19.000     2.704     0.196    -0.043     0.015     3.688     0.506    -0.027     0.019
     2.800     2.550     2.740         *         *         *     3.000     3.000     5.000         *         *         *     0.000     1.000     0.000    -4.736     0.000    -4.000     0.000     3.000     6.000    13.000    16.000    19.000     2.787     0.166    -0.041     0.014     3.793     0.447    -0.026     0.019
     2.300     2.450     2.600         *         *         *     6.000     6.000     5.000         *         *         *     0.000     1.000     1.000    -5.777     1.000     2.000     0.000     3.000     6.000    13.000    16.000    19.000     2.579     0.166    -0.036     0.014     5.324     0.447    -0.053     0.019
     3.000     2.800     2.430     1.290         *         *     5.000     4.000     3.000     4.000         *         *     0.000     1.000     0.000    -5.683     0.000     6.000     0.000     3.000     6.000    13.000    16.000    19.000     2.725     0.155    -0.062     0.013     4.120     0.412    -0.020     0.019
     3.200     3.100     3.150     2.870     2.680     1.870     4.000     5.000     4.000     4.000     4.000     4.000     0.000     1.000     0.000    -4.358     0.000     6.000     0.000     3.000     6.000    13.000    16.000    19.000     3.236     0.150    -0.047     0.011     4.391     0.375    -0.025     0.018
     3.500     3.400     3.450     3.230     3.230         *     5.000     3.000     5.000     3.000     4.000         *     0.000     1.000     0.000    -6.656     0.000     7.000     0.000     3.000     6.000    13.000    16.000    19.000     3.559     0.151    -0.031     0.012     4.289     0.389    -0.030     0.018
     2.500         *         *         *         *         *     6.000         *         *         *         *         *     0.000     1.000     0.000    -5.473     3.000    10.000     0.000     3.000     6.000    13.000    16.000    19.000     2.678     0.259    -0.047     0.015     5.504     0.604    -0.064     0.019
         *     2.400     2.440         *         *         *     3.000     3.000     4.000         *         *         *     0.000     1.000     0.000    -5.761     0.000     2.000     0.000     3.000     6.000    13.000    16.000    19.000     2.633     0.200    -0.045     0.014     3.593     0.447    -0.026     0.019
     1.800     1.880     1.730         *         *         *     3.000     4.000     3.000         *         *         *     0.000     1.000     0.000    -5.761     0.000    12.000     0.000     3.000     6.000    13.000    16.000    19.000     2.066     0.166    -0.052     0.014     3.619     0.447    -0.033     0.019
     2.500     2.350     2.300     1.710         *         *     7.000     7.000     4.000     6.000         *         *     0.000     0.000     0.000    -6.973     2.000     8.000     0.000     3.000     6.000    13.000    16.000    19.000     2.579     0.155    -0.053     0.013     5.926     0.412    -0.062     0.019
     3.100     3.100     2.600     2.530     1.270     1.450     5.000     5.000     4.000     5.000     4.000     3.000     0.000     0.000     1.000    -7.570     3.000     2.000     0.000     3.000     6.000    13.000    16.000    19.000     2.903     0.150    -0.061     0.011     4.900     0.375    -0.061     0.018
     3.700         *     3.520     3.520         *     3.500     5.000     7.000     3.000     4.000     6.000     5.000     0.000     1.000     0.000    -4.978     0.000     4.000     0.000     3.000     6.000    13.000    16.000    19.000     3.750     0.170    -0.027     0.011     5.128     0.375    -0.029     0.018
     3.600     3.450     3.550     3.250     3.200     3.160     6.000     5.000     6.000     6.000     6.000     6.000     0.000     1.000     0.000    -4.978     0.000     2.000     0.000     3.000     6.000    13.000    16.000    19.000     3.652     0.150    -0.033     0.011     5.738     0.375    -0.023     0.018
         *     3.150     2.850     2.160     1.600         *         *     3.000     3.000     3.000     3.000         *     0.000     0.000     0.000    -3.816     0.000     3.000     0.000     3.000     6.000    13.000    16.000    19.000     2.952     0.175    -0.057     0.012     3.502     0.430    -0.033     0.019
         *     2.900     3.100     3.250     1.380     0.920     6.000     5.000     6.000     4.000     4.000     5.000     0.000     0.000     0.000    -6.917     1.000     3.000     0.000     3.000     6.000    13.000    16.000    19.000     3.063     0.173    -0.067     0.011     5.184     0.375    -0.037     0.018
     3.400     3.050     3.300     2.220     2.260         *     5.000     6.000         *     5.000     5.000     5.000     0.000     0.000     0.000    -6.917     1.000     2.000     0.000     3.000     6.000    13.000    16.000    19.000     3.244     0.151    -0.054     0.012     5.331     0.402    -0.037     0.018
     2.800     2.200     2.330     1.620     1.090     0.770     4.000     3.000     4.000     3.000     3.000     4.000     0.000     1.000     0.000    -6.092     0.000    -2.000     0.000     3.000     6.000    13.000    16.000    19.000     2.441     0.150    -0.067     0.011     3.666     0.375    -0.014     0.018
     2.100     1.500     1.400     1.140         *         *     4.000     4.000     4.000     4.000         *         *     0.000     1.000     0.000    -6.092     0.000    -3.000     0.000     3.000     6.000    13.000    16.000    19.000     1.892     0.155    -0.054     0.013     4.016     0.412    -0.028     0.019
     1.500     0.850     0.700     0.790     0.460         *     3.000     4.000     5.000     3.000     3.000         *     0.000     1.000     1.000    -6.716     0.000    -7.000     0.000     3.000     6.000    13.000    16.000    19.000     1.295     0.151    -0.049     0.012     3.739     0.389    -0.038     0.018
     1.800         *     1.650     0.990     0.950     1.110     4.000     4.000     3.000     4.000     4.000     3.000     0.000     1.000     0.000    -6.716     1.000    -2.000     0.000     3.000     6.000    13.000    16.000    19.000     1.911     0.167    -0.052     0.011     4.004     0.375    -0.037     0.018
         *     3.400     3.540         *         *         *     4.000         *     5.000         *         *         *     0.000     1.000     1.000    -7.611     1.000     2.000     0.000     3.000     6.000    13.000    16.000    19.000     3.475     0.200    -0.031     0.014     4.571     0.509    -0.038     0.019
     1.500     1.350     1.050     0.990         *         *     5.000     4.000     4.000     4.000         *         *     0.000     0.000     0.000    -8.361     0.000     8.000     0.000     3.000     6.000    13.000    16.000    19.000     1.666     0.155    -0.056     0.013     4.307     0.412    -0.045     0.019
     2.400     2.500     1.850         *         *         *     4.000     4.000     3.000         *         *         *     0.000     0.000     0.000    -8.138     1.000    -6.000     0.000     3.000     6.000    13.000    16.000    19.000     2.415     0.166    -0.046     0.014     3.862     0.447    -0.046     0.019
     2.000     2.300         *         *         *         *     4.000     3.000         *         *         *         *     0.000     0.000     1.000    -7.810     0.000    -3.000     0.000     3.000     6.000    13.000    16.000    19.000     2.249     0.196    -0.039     0.015     3.575     0.506    -0.047     0.019
     1.800     2.300     2.330     2.080         *         *     4.000     5.000     3.000     3.000         *         *     0.000     0.000     0.000    -7.325     1.000     2.000     0.000     3.000     6.000    13.000    16.000    19.000     2.383     0.155    -0.037     0.013     4.101     0.412    -0.058     0.019
     2.900     3.050     2.700     1.770     2.190     1.620     4.000     4.000     5.000     5.000     4.000         *     0.000     1.000     0.000    -8.939     0.000     0.000     0.000     3.000     6.000    13.000    16.000    19.000     2.894     0.150    -0.055     0.011     4.396     0.389    -0.012     0.018
     3.000         *     2.900     2.500     1.550         *     3.000     3.000     3.000     4.000     4.000         *     0.000     1.000     0.000    -8.908     0.000     2.000     0.000     3.000     6.000    13.000    16.000    19.000     2.941     0.169    -0.053     0.012     3.597     0.389    -0.009     0.018
     2.000     1.400     1.590     0.590     0.750         *     6.000     5.000     4.000     5.000     5.000     5.000     0.000     1.000     0.000    -7.710     2.000    18.000     0.000     3.000     6.000    13.000    16.000    19.000     1.910     0.151    -0.071     0.012     5.278     0.375    -0.043     0.018
     2.600     2.500     2.550     2.460         *     1.960     5.000     5.000     4.000     4.000     4.000         *     0.000     1.000     0.000    -7.209     0.000    -9.000     0.000     3.000     6.000    13.000    16.000    19.000     2.697     0.153    -0.036     0.011     4.452     0.389    -0.029     0.018
     2.000     1.880     1.990     1.610         *         *     4.000     4.000     6.000     3.000         *         *     0.000     0.000     0.000    -6.906     0.000     2.000     0.000     3.000     6.000    13.000    16.000    19.000     2.197     0.155    -0.047     0.013     4.321     0.412    -0.045     0.019
     2.200     2.180     2.410     1.760     1.710     1.320     4.000     4.000     4.000     3.000     4.000     3.000     0.000     0.000     0.000    -6.906     0.000    -4.000     0.000     3.000     6.000    13.000    16.000    19.000     2.397     0.150    -0.047     0.011     3.975     0.375    -0.038     0.018
     3.000     2.610     2.890         *         *         *     4.000     3.000     4.000         *         *         *     0.000     1.000     0.000    -7.500     0.000    -2.000     0.000     3.000     6.000    13.000    16.000    19.000     2.923     0.166    -0.040     0.014     3.828     0.447    -0.023     0.019
     3.400     2.980     3.230     2.620     2.790     2.390     4.000     4.000     5.000     5.000     5.000     5.000     0.000     0.000     0.000    -7.563     0.000    -5.000     0.000     3.000     6.000    13.000    16.000    19.000     3.285     0.150    -0.043     0.011     4.707     0.375    -0.023     0.018
         *         *     2.870     2.630     2.560     2.600         *         *     5.000     4.000     5.000         *     0.000     1.000     0.000    -0.861     2.000    -4.000     0.000     3.000     6.000    13.000    16.000    19.000     3.080     0.201    -0.034     0.012     5.101     0.481    -0.057     0.019
         *         *     2.980     2.260     1.820     3.050         *         *     4.000     4.000     3.000     0.000     0.000     1.000     0.000    -0.828     3.000    -2.000     0.000     3.000     6.000    13.000    16.000    19.000     2.887     0.200    -0.030     0.012     4.128     0.454    -0.080     0.019
     4.400     4.550     4.490     4.040     4.290         *     4.000     7.000     7.000     6.000     6.000         *     0.000     0.000     0.000    -7.908     1.000    19.000     0.000     3.000     6.000    13.000    16.000    19.000     4.565     0.151    -0.034     0.012     6.092     0.389    -0.039     0.018
     3.700     3.900     4.010     3.510     3.250         *     6.000     6.000     6.000     6.000     6.000         *     0.000     0.000     0.000    -7.895     3.000    12.000     0.000     3.000     6.000    13.000    16.000    19.000     3.954     0.151    -0.040     0.012     6.269     0.389    -0.061     0.018
     1.700     1.390     1.680     1.040         *         *     4.000     4.000     5.000     3.000         *         *     1.000     1.000     1.000    -7.145     1.000    12.000     0.000     3.000     6.000    13.000    16.000    19.000     1.699     0.155    -0.034     0.013     4.107     0.412    -0.024     0.019
     2.700     3.250     3.440     3.150     2.910     2.790     4.000     4.000     4.000     3.000     0.000     3.000     0.000     0.000     0.000    -6.911     1.000     6.000     0.000     3.000     6.000    13.000    16.000    19.000     3.259     0.150    -0.025     0.011     3.812     0.375    -0.065     0.018
         *     3.530     3.200     1.960         *         *     5.000     4.000     4.000     4.000         *         *     0.000     1.000     0.000    -7.683     0.000     6.000     0.000     3.000     6.000    13.000    16.000    19.000     3.248     0.181    -0.054     0.013     4.345     0.412    -0.017     0.019
     3.300     3.120     3.230     2.780     2.230     2.130     6.000     6.000     4.000     5.000     5.000     5.000     0.000     1.000     0.000    -8.208     1.000    -4.000     0.000     3.000     6.000    13.000    16.000    19.000     3.227     0.150    -0.048     0.011     5.231     0.375    -0.026     0.018
     3.400         *     2.740         *         *         *     4.000     4.000     5.000         *         *         *     0.000     1.000     0.000    -7.419     1.000     0.000     0.000     3.000     6.000    13.000    16.000    19.000     3.142     0.197    -0.044     0.014     4.431     0.447    -0.030     0.019
     2.900     2.750         *         *         *         *     4.000     4.000         *         *         *         *     0.000     1.000     0.000    -9.153     0.000    -1.000     0.000     3.000     6.000    13.000    16.000    19.000     2.872     0.196    -0.042     0.015     4.038     0.506    -0.021     0.019
         *     2.350     2.500         *     1.060     1.770     6.000     5.000     5.000         *     4.000     3.000     0.000     1.000     0.000    -9.156     0.000     3.000     0.000     3.000     6.000    13.000    16.000    19.000     2.521     0.180    -0.052     0.011     4.705     0.394    -0.030     0.018
     1.200     1.100         *         *         *         *     0.000     3.000         *         *     3.000         *     0.000     1.000     0.000    -8.202     0.000    -2.000     0.000     3.000     6.000    13.000    16.000    19.000     1.417     0.195    -0.054     0.015     2.520     0.457    -0.020     0.019
     3.100     3.300     3.490     2.890     2.630     2.510     6.000     5.000     5.000     5.000     4.000     6.000     0.000     1.000     0.000   -10.234     0.000    11.000     0.000     3.000     6.000    13.000    16.000    19.000     3.399     0.150    -0.043     0.011     5.200     0.375    -0.019     0.018
     3.000     3.100     3.310     2.830     2.440     2.420     6.000     7.000     6.000     6.000     4.000     4.000     0.000     1.000     0.000   -10.126     0.000    10.000     0.000     3.000     6.000    13.000    16.000    19.000     3.248     0.150    -0.041     0.011     5.573     0.375    -0.032     0.018
     3.100     2.900     2.700     2.680     1.800     2.080     5.000     4.000     7.000     5.000     4.000     4.000     0.000     1.000     0.000   -11.108     0.000     4.000     0.000     3.000     6.000    13.000    16.000    19.000     3.017     0.150    -0.049     0.011     4.868     0.375    -0.018     0.018
     3.400     3.800     3.780     3.080     2.410         *     3.000     3.000     5.000     4.000     4.000     5.000     0.000     1.000     0.000   -10.317     0.000     2.000     0.000     3.000     6.000    13.000    16.000    19.000     3.607     0.151    -0.048     0.012     4.069     0.375    -0.002     0.018
         *     1.750     2.280         *         *         *     5.000     4.000     4.000         *         *         *     1.000     1.000     0.000   -10.169     0.000     4.000     0.000     3.000     6.000    13.000    16.000    19.000     2.199     0.200    -0.027     0.014     4.193     0.447    -0.001     0.019
     2.600         *     2.300     1.540     1.730         *     3.000     4.000     5.000     4.000     4.000         *     0.000     1.000     0.000   -11.281     2.000     2.000     0.000     3.000     6.000    13.000    16.000    19.000     2.547     0.169    -0.053     0.012     4.307     0.389    -0.032     0.018
     4.000     4.000     3.990         *         *         *     5.000     3.000     3.000         *         *         *     0.000     1.000     0.000   -10.214     2.000    18.000     0.000     3.000     6.000    13.000    16.000    19.000     4.035     0.166    -0.039     0.014     4.326     0.447    -0.037     0.019
     3.200     3.350     2.760         *         *         *     5.000     5.000     5.000         *         *         *     0.000     1.000     0.000   -10.214     3.000    15.000     0.000     3.000     6.000    13.000    16.000    19.000     3.266     0.166    -0.047     0.014     5.250     0.447    -0.050     0.019
     2.700         *         *         *         *         *     4.000         *         *         *         *         *     0.000     1.000     0.000   -11.850     0.000     4.000     0.000     3.000     6.000    13.000    16.000    19.000     2.789     0.259    -0.044     0.015     4.084     0.604    -0.018     0.019
         *         *         *         *         *         *     3.000         *         *         *         *         *     0.000     1.000     0.000   -11.850     0.000     1.000     0.000     3.000     6.000    13.000    16.000    19.000     2.888     0.514    -0.043     0.015     3.630     0.611    -0.014     0.020
     3.900     3.500     3.420     3.250     3.380     3.240     4.000     6.000     5.000     3.000     3.000     3.000     0.000     0.000     0.000   -10.578     2.000    12.000     0.000     3.000     6.000    13.000    16.000    19.000     3.734     0.150    -0.032     0.011     4.719     0.375    -0.062     0.018
     3.100     3.000     2.750     2.900     2.780     2.420     6.000     5.000     5.000     5.000     5.000     5.000     0.000     1.000     0.000   -10.526     2.000    19.000     0.000     3.000     6.000    13.000    16.000    19.000     3.243     0.150    -0.041     0.011     5.533     0.375    -0.045     0.018
     3.600     3.500     3.100     3.440     3.390     2.420     6.000     5.000     6.000     6.000     4.000     5.000     0.000     1.000     1.000   -13.750     1.000     8.000     0.000     3.000     6.000    13.000    16.000    19.000     3.554     0.150    -0.035     0.011     5.465     0.375    -0.031     0.018
         *     2.350     2.650     1.870     1.920         *     5.000     6.000     5.000     4.000     5.000         *     0.000     1.000     1.000   -13.578     1.000    12.000     0.000     3.000     6.000    13.000    16.000    19.000     2.697     0.175    -0.047     0.012     5.095     0.389    -0.034     0.019
     2.800     2.500     2.540     2.260     2.210     2.110     4.000     5.000     4.000     3.000     4.000     5.000     0.000     0.000     0.000   -11.089     3.000     0.000     0.000     3.000     6.000    13.000    16.000    19.000     2.818     0.150    -0.042     0.011     4.736     0.375    -0.058     0.018
     3.100     3.000     2.800         *         *         *     4.000     4.000     5.000         *         *         *     0.000     1.000     0.000   -13.100     1.000     2.000     0.000     3.000     6.000    13.000    16.000    19.000     3.093     0.166    -0.043     0.014     4.432     0.447    -0.022     0.019
     3.900     3.900         *     3.540     2.970     2.840     5.000     4.000     5.000     5.000     5.000     4.000     0.000     0.000     0.000   -13.384     0.000    10.000     0.000     3.000     6.000    13.000    16.000    19.000     3.872     0.162    -0.046     0.011     4.801     0.375    -0.018     0.018
     3.300     2.850     2.910     2.630     2.760     2.750     6.000     6.000     4.000     4.000     5.000     6.000     0.000     1.000     0.000   -11.892     0.000    -2.000     0.000     3.000     6.000    13.000    16.000    19.000     3.182     0.150    -0.034     0.011     5.126     0.375    -0.019     0.018
     3.200     2.800     3.170     2.240         *         *     5.000     6.000     6.000     4.000         *         *     0.000     0.000     0.000   -11.892     0.000     0.000     0.000     3.000     6.000    13.000    16.000    19.000     3.113     0.155    -0.046     0.013     5.087     0.412    -0.029     0.019
     3.400         *     2.890         *         *         *     5.000     4.000     5.000         *         *         *     0.000     1.000     0.000   -11.624     1.000     6.000     0.000     3.000     6.000    13.000    16.000    19.000     3.265     0.197    -0.044     0.014     4.720     0.447    -0.025     0.019
     2.200     2.200     1.900     1.860     1.760         *     5.000     4.000     6.000     6.000     4.000         *     0.000     1.000     0.000   -14.545     2.000    13.000     0.000     3.000     6.000    13.000    16.000    19.000     2.438     0.151    -0.049     0.012     5.189     0.389    -0.038     0.018
     2.400         *         *         *         *         *     4.000         *         *         *         *         *     0.000     0.000     0.000   -12.689     1.000    -3.000     0.000     3.000     6.000    13.000    16.000    19.000     2.547     0.259    -0.044     0.015     4.072     0.604    -0.039     0.019
     2.900         *         *         *         *         *     0.000         *         *         *         *         *     0.000     1.000     1.000   -13.725     0.000     4.000     0.000     3.000     6.000    13.000    16.000    19.000     2.811     0.259    -0.040     0.015     2.290     0.604    -0.012     0.019
     3.000         *         *         *         *         *     3.000         *         *         *         *         *     0.000     1.000     0.000   -13.725     0.000     2.000     0.000     3.000     6.000    13.000    16.000    19.000     2.994     0.259    -0.043     0.015     3.670     0.604    -0.011     0.019
     3.100     3.120     3.120         *         *         *     4.000     3.000     3.000         *         *         *     1.000     0.000     1.000   -13.124     0.000     8.000     0.000     3.000     6.000    13.000    16.000    19.000     3.102     0.166    -0.017     0.014     3.592     0.447    -0.007     0.019
     3.600     3.400     3.630         *         *         *     5.000     6.000     5.000         *         *         *     0.000     0.000     0.000   -12.884     0.000    10.000     0.000     3.000     6.000    13.000    16.000    19.000     3.655     0.166    -0.040     0.014     5.152     0.447    -0.028     0.019
     4.000     3.600     3.700     3.440     3.500     3.110     5.000     5.000     5.000     4.000     4.000     6.000     0.000     0.000     1.000   -15.213     0.000    13.000     0.000     3.000     6.000    13.000    16.000    19.000     3.871     0.150    -0.035     0.011     4.979     0.375    -0.025     0.018
     3.900     3.500     3.650     3.540     2.500     3.020     7.000     7.000     6.000     6.000     6.000     8.000     0.000     0.000     0.000   -15.210     1.000    10.000     0.000     3.000     6.000    13.000    16.000    19.000     3.820     0.150    -0.049     0.011     6.512     0.375    -0.023     0.018
     3.100     3.000     3.100     2.780     1.740     2.360     5.000     5.000     5.000     5.000     5.000     5.000     0.000     1.000     0.000   -16.081     1.000     9.000     0.000     3.000     6.000    13.000    16.000    19.000     3.182     0.150    -0.051     0.011     5.059     0.375    -0.015     0.018
     3.100     3.220     3.200         *         *         *     6.000     6.000     5.000         *         *         *     0.000     1.000     0.000   -15.059     0.000     0.000     0.000     3.000     6.000    13.000    16.000    19.000     3.283     0.166    -0.037     0.014     5.267     0.447    -0.015     0.019
     2.800     3.000     3.040     3.410     3.360         *     5.000     5.000     4.000     4.000     4.000         *     0.000     1.000     1.000   -15.059     0.000    -7.000     0.000     3.000     6.000    13.000    16.000    19.000     3.168     0.151    -0.009     0.012     4.497     0.389    -0.032     0.018
     3.000     3.150         *     3.090     2.900     2.750     5.000     3.000         *     4.000     3.000     4.000     0.000     0.000     0.000   -16.732     0.000     1.000     0.000     3.000     6.000    13.000    16.000    19.000     3.281     0.162    -0.030     0.011     4.103     0.402    -0.026     0.018
     2.800     2.900     2.500     2.650     1.760     1.200     4.000     4.000     5.000     4.000     4.000     5.000     0.000     1.000     1.000   -16.721     1.000     1.000     0.000     3.000     6.000    13.000    16.000    19.000     2.823     0.150    -0.055     0.011     4.408     0.375    -0.012     0.018
     3.000     3.250     2.800     2.520     2.210     2.550     6.000     5.000     5.000     5.000     4.000     5.000     0.000     1.000     0.000   -17.606     1.000     2.000     0.000     3.000     6.000    13.000    16.000    19.000     3.131     0.150    -0.042     0.011     5.079     0.375    -0.020     0.018
     2.800     2.550     2.450     1.990     2.550     1.710     4.000     5.000     5.000     4.000     4.000     4.000     0.000     1.000     0.000   -17.381     1.000     3.000     0.000     3.000     6.000    13.000    16.000    19.000     2.791     0.150    -0.044     0.011     4.515     0.375    -0.020     0.018
     3.600     3.650     3.570     3.280     3.150     2.340     3.000     3.000     4.000         *         *         *     0.000     1.000     0.000   -15.594     1.000    13.000     0.000     3.000     6.000    13.000    16.000    19.000     3.689     0.151    -0.047     0.011     3.867     0.447    -0.011     0.019
     4.600     4.120     4.490     4.490     3.400     3.900     8.000     8.000     7.000     7.000     5.000     6.000     0.000     1.000     0.000   -15.538     0.000     7.000     0.000     3.000     6.000    13.000    16.000    19.000     4.429     0.150    -0.032     0.011     6.618     0.375    -0.017     0.018
     3.200     3.500     3.620     3.440         *     3.100     4.000     4.000     4.000     3.000     3.000     5.000     0.000     1.000     0.000   -15.242     0.000    15.000     0.000     3.000     6.000    13.000    16.000    19.000     3.621     0.152    -0.031     0.011     4.127     0.375    -0.016     0.018
     3.100     2.850     2.570         *         *         *     0.000     3.000     2.000         *         *         *     0.000     0.000     0.000   -15.605     0.000    10.000     0.000     3.000     6.000    13.000    16.000    19.000     3.006     0.166    -0.049     0.014     2.502     0.447    -0.014     0.019
     3.700     3.680     3.250         *         *         *     4.000     4.000     3.000         *         *         *     0.000     0.000     0.000   -15.603     0.000    11.000     0.000     3.000     6.000    13.000    16.000    19.000     3.650     0.166    -0.043     0.014     3.990     0.447    -0.019     0.019
     3.300     3.250     3.330     2.570     2.240     2.430     5.000     4.000     3.000     4.000     3.000     5.000     0.000     1.000     0.000   -18.250     0.000    12.000     0.000     3.000     6.000    13.000    16.000    19.000     3.340     0.150    -0.051     0.011     4.125     0.375    -0.002     0.018
         *         *     2.980     2.310     2.070     1.950         *         *     3.000     3.000     4.000     0.000     0.000     1.000     0.000   -11.721     2.000    -2.000     0.000     3.000     6.000    13.000    16.000    19.000     2.879     0.200    -0.043     0.012     3.481     0.454    -0.042     0.019
         *         *     3.170     2.910     2.780     2.760         *         *     4.000     3.000     3.000     4.000     0.000     1.000     1.000   -11.721     0.000    -3.000     0.000     3.000     6.000    13.000    16.000    19.000     3.222     0.200    -0.028     0.012     3.878     0.454    -0.024     0.019
         *         *         *     2.020     1.760         *         *         *         *     3.000     0.000         *     0.000     0.000     1.000    -4.306     0.000     6.000     0.000     3.000     6.000    13.000    16.000    19.000     2.464     0.242    -0.040     0.013     2.963     0.547    -0.057     0.019
         *         *         *     3.230     2.060     2.510         *         *         *     4.000     5.000     5.000     0.000     1.000     0.000    -3.381     1.000     6.000     0.000     3.000     6.000    13.000    16.000    19.000     3.270     0.233    -0.044     0.012     5.052     0.506    -0.037     0.019
         *         *         *         *     1.920     2.720         *         *         *     6.000     4.000     3.000     0.000     1.000     0.000    -3.475     1.000     6.000     0.000     3.000     6.000    13.000    16.000    19.000     2.998     0.257    -0.040     0.012     4.914     0.506    -0.046     0.019
         *     3.200     3.330     3.100     2.990     2.450         *     5.000     3.000     0.000     5.000     4.000     0.000     0.000     0.000   -13.600     1.000     0.000     0.000     3.000     6.000    13.000    16.000    19.000     3.414     0.173    -0.037     0.011     3.950     0.411    -0.034     0.018
         *     2.950         *     1.630         *         *         *     4.000     4.000     4.000         *         *     0.000     0.000     0.000   -13.600     1.000     6.000     0.000     3.000     6.000    13.000    16.000    19.000     2.821     0.210    -0.057     0.013     4.286     0.461    -0.030     0.019
         *     3.200         *         *         *         *         *     4.000         *         *         *         *     0.000     0.000     0.000   -14.078     1.000     1.000     0.000     3.000     6.000    13.000    16.000    19.000     3.283     0.258    -0.041     0.015     4.329     0.608    -0.033     0.020
         *     3.250         *     2.140         *         *         *     4.000     3.000     3.000         *         *     0.000     1.000     0.000   -14.150     1.000     0.000     0.000     3.000     6.000    13.000    16.000    19.000     3.041     0.210    -0.047     0.013     3.780     0.461    -0.019     0.019
         *     2.750         *         *         *         *         *     4.000         *         *         *         *     0.000     0.000     0.000   -15.374     0.000     8.000     0.000     3.000     6.000    13.000    16.000    19.000     3.025     0.258    -0.046     0.015     4.188     0.608    -0.023     0.020
         *     2.700     2.650     2.360     2.360     2.000         *     3.000     3.000     4.000     4.000     4.000     0.000     1.000     1.000   -16.471     0.000    10.000     0.000     3.000     6.000    13.000    16.000    19.000     2.914     0.173    -0.043     0.011     3.822     0.411    -0.011     0.018
         *         *         *     2.570     2.220     1.950         *         *         *     3.000     3.000     4.000     0.000     1.000     0.000    -6.400     1.000    -5.000     0.000     3.000     6.000    13.000    16.000    19.000     2.845     0.233    -0.040     0.012     4.000     0.506    -0.035     0.019
         *         *         *     2.910     2.370     2.480         *         *         *     3.000     3.000     3.000     0.000     1.000     0.000    -6.406     0.000     2.000     0.000     3.000     6.000    13.000    16.000    19.000     3.123     0.233    -0.037     0.012     3.702     0.506    -0.029     0.019
         *         *         *     3.020     3.170     2.880         *         *         *     5.000     4.000     5.000     0.000     0.000     0.000    -4.598     0.000    11.000     0.000     3.000     6.000    13.000    16.000    19.000     3.629     0.233    -0.040     0.012     5.046     0.506    -0.039     0.019
         *         *         *     3.420     2.590     2.140         *         *         *     4.000     3.000     3.000     0.000     0.000     0.000    -4.542     0.000     2.000     0.000     3.000     6.000    13.000    16.000    19.000     3.318     0.233    -0.042     0.012     4.046     0.506    -0.040     0.019
         *         *         *     3.900     1.930     3.600         *         *         *     7.000     4.000     8.000     0.000     1.000     0.000    -4.589     1.000    13.000     0.000     3.000     6.000    13.000    16.000    19.000     3.797     0.233    -0.043     0.012     6.243     0.506    -0.031     0.019
         *     4.000         *     3.070     3.640     3.500         *     5.000         *     6.000     5.000     5.000     0.000     1.000     0.000   -14.570     1.000    15.000     0.000     3.000     6.000    13.000    16.000    19.000     4.004     0.192    -0.037     0.012     5.420     0.448    -0.020     0.018
         *     3.900     4.150     2.930     3.710     3.330         *     4.000     3.000     4.000     4.000     5.000     0.000     1.000     0.000   -16.377     0.000     6.000     0.000     3.000     6.000    13.000    16.000    19.000     3.972     0.173    -0.036     0.011     4.134     0.411     0.000     0.018
         *         *     3.100     2.520     2.930     2.810         *     3.000     3.000     4.000     6.000     4.000     0.000     1.000     0.000   -15.978     0.000    -5.000     0.000     3.000     6.000    13.000    16.000    19.000     3.288     0.200    -0.035     0.012     4.013     0.412     0.000     0.019
         *     3.400     2.220         *         *         *         *     6.000     4.000         *         *         *     0.000     1.000     0.000   -14.936     1.000     4.000     0.000     3.000     6.000    13.000    16.000    19.000     3.055     0.200    -0.047     0.014     4.883     0.512    -0.021     0.020
         *     3.000     1.750     1.770     1.990     2.840         *     5.000     5.000     4.000     5.000     4.000     0.000     1.000     0.000   -14.936     0.000     4.000     0.000     3.000     6.000    13.000    16.000    19.000     2.730     0.173    -0.037     0.011     4.688     0.411    -0.020     0.018
     2.400     2.650     2.200     2.280     2.600     2.340     4.000     4.000     5.000     3.000     4.000     4.000     0.000     1.000     0.000   -21.172     0.000     2.000     0.000     3.000     6.000    13.000    16.000    19.000     2.729     0.150    -0.029     0.011     4.128     0.375    -0.013     0.018
     2.700     2.600     2.700     2.740     2.240     2.440     4.000     4.000     3.000     3.000     3.000     4.000     0.000     1.000     0.000   -21.153     0.000    -2.000     0.000     3.000     6.000    13.000    16.000    19.000     2.883     0.150    -0.031     0.011     3.677     0.375    -0.008     0.018
         *         *     3.580     2.760     2.310     1.930         *         *     3.000     4.000     4.000     5.000     0.000     1.000     0.000   -13.511     0.000     2.000     0.000     3.000     6.000    13.000    16.000    19.000     3.345     0.200    -0.054     0.012     4.049     0.454     0.002     0.019
         *         *     3.520     3.490     3.470     3.320         *         *     7.000     4.000     4.000     5.000     0.000     0.000     0.000   -13.511     0.000     0.000     0.000     3.000     6.000    13.000    16.000    19.000     3.795     0.200    -0.029     0.012     5.151     0.454    -0.030     0.019
         *         *         *     2.640     1.160     2.440         *         *         *     3.000     4.000     4.000     0.000     0.000     1.000    -5.653     0.000    -5.000     0.000     3.000     6.000    13.000    16.000    19.000     2.653     0.233    -0.037     0.012     4.133     0.506    -0.043     0.019
         *         *         *     4.180     3.500     3.300         *         *         *     4.000     5.000         *     0.000     0.000     0.000    -5.650     0.000     3.000     0.000     3.000     6.000    13.000    16.000    19.000     4.045     0.234    -0.031     0.012     4.804     0.547    -0.035     0.019
         *     4.100     3.900     3.880     3.590     3.360         *     8.000     8.000     6.000     5.000     7.000     0.000     1.000     0.000   -15.495     0.000    17.000     0.000     3.000     6.000    13.000    16.000    19.000     4.197     0.173    -0.039     0.011     6.556     0.411    -0.014     0.018
         *     4.050     4.530     2.680     3.800     3.850         *     7.000     6.000     5.000     6.000     7.000     0.000     1.000     0.000   -15.495     0.000    21.000     0.000     3.000     6.000    13.000    16.000    19.000     4.245     0.173    -0.042     0.011     6.029     0.411    -0.007     0.018
         *     2.500     2.050     1.320     1.970     2.030         *     3.000     4.000     4.000     3.000     3.000     0.000     1.000     0.000   -17.758     1.000     1.000     0.000     3.000     6.000    13.000    16.000    19.000     2.507     0.173    -0.043     0.011     3.785     0.411    -0.021     0.018
     3.800     3.800     3.700     2.970     2.600     2.780     5.000     5.000     5.000     5.000     4.000     6.000     0.000     1.000     0.000   -21.450     0.000     5.000     0.000     3.000     6.000    13.000    16.000    19.000     3.740     0.150    -0.050     0.011     4.834     0.375     0.011     0.018
     2.900     2.850     2.400     2.440     1.560     2.290     7.000     7.000     7.000     4.000     5.000     4.000     0.000     1.000     0.000   -21.450     2.000     0.000     0.000     3.000     6.000    13.000    16.000    19.000     2.859     0.150    -0.044     0.011     5.793     0.375    -0.036     0.018
         *         *         *         *     1.210         *         *         *         *     4.000     3.000         *     0.000     1.000     0.000    -8.367     0.000     0.000     0.000     3.000     6.000    13.000    16.000    19.000     2.220     0.286    -0.053     0.013     3.831     0.548    -0.023     0.019
     3.800     3.900         *     3.330     3.360     2.860     3.000     4.000         *     3.000     3.000     3.000     0.000     1.000     0.000   -21.525     0.000    10.000     0.000     3.000     6.000    13.000    16.000    19.000     3.816     0.162    -0.039     0.011     3.534     0.402     0.000     0.018
     3.500     3.100         *     2.690     2.220     2.620     5.000     5.000         *     5.000     6.000     4.000     0.000     0.000     0.000   -21.522     3.000     4.000     0.000     3.000     6.000    13.000    16.000    19.000     3.341     0.162    -0.048     0.011     5.329     0.402    -0.036     0.018
         *         *         *     2.190         *         *         *         *         *     3.000         *         *     0.000     0.000     0.000    -6.025     0.000    -7.000     0.000     3.000     6.000    13.000    16.000    19.000     2.670     0.278    -0.040     0.013     3.651     0.627    -0.039     0.020
         *     2.800     2.800     2.080     1.110     1.870         *     4.000     4.000     5.000     5.000     4.000     0.000     1.000     0.000   -18.745     0.000     7.000     0.000     3.000     6.000    13.000    16.000    19.000     2.869     0.173    -0.062     0.011     4.317     0.411     0.005     0.018
         *     2.750     2.810     2.410     2.570     2.370         *     4.000     3.000     4.000     4.000     4.000     0.000     1.000     1.000   -18.691     2.000     5.000     0.000     3.000     6.000    13.000    16.000    19.000     2.992     0.173    -0.035     0.011     4.278     0.411    -0.031     0.018
         *     3.450     3.170     3.500     2.190     2.710         *     4.000     3.000     3.000     3.000     3.000     0.000     0.000     0.000   -19.009     2.000     6.000     0.000     3.000     6.000    13.000    16.000    19.000     3.480     0.173    -0.043     0.011     3.916     0.411    -0.036     0.018
         *     3.350     3.360     3.040     2.180     2.600         *     5.000     4.000     3.000     4.000     5.000     0.000     1.000     0.000   -18.854     0.000     3.000     0.000     3.000     6.000    13.000    16.000    19.000     3.416     0.173    -0.046     0.011     4.238     0.411     0.000     0.018
         *     3.060     3.090     2.650     2.520     2.350         *     6.000     6.000     5.000     5.000     4.000     0.000     0.000     0.000   -18.138     1.000     6.000     0.000     3.000     6.000    13.000    16.000    19.000     3.278     0.173    -0.046     0.011     5.369     0.411    -0.031     0.018
         *     3.300         *         *         *         *         *     4.000         *         *         *         *     0.000     1.000     0.000   -17.327     3.000     8.000     0.000     3.000     6.000    13.000    16.000    19.000     3.428     0.258    -0.042     0.015     4.846     0.608    -0.036     0.020
         *     2.100     2.570     2.300     1.900     1.630         *     4.000     0.000     4.000     3.000     4.000     0.000     0.000     0.000   -17.250     0.000    -4.000     0.000     3.000     6.000    13.000    16.000    19.000     2.636     0.173    -0.045     0.011     3.286     0.411    -0.013     0.018
         *     4.100     3.750     3.940     4.040     2.970         *     6.000     5.000     5.000     4.000     5.000     0.000     1.000     0.000   -18.731     1.000     7.000     0.000     3.000     6.000    13.000    16.000    19.000     4.103     0.173    -0.034     0.011     5.156     0.411    -0.016     0.018
         *     3.780     4.290     3.980     3.140     3.650         *     5.000     5.000     5.000     5.000     6.000     0.000     1.000     0.000   -18.734     1.000     8.000     0.000     3.000     6.000    13.000    16.000    19.000     4.133     0.173    -0.035     0.011     5.239     0.411    -0.008     0.018
         *     3.550     3.540     2.360         *     3.100         *     7.000     6.000     4.000         *     5.000     0.000     0.000     0.000   -19.008     3.000     2.000     0.000     3.000     6.000    13.000    16.000    19.000     3.554     0.177    -0.040     0.012     5.822     0.433    -0.049     0.018
         *     3.500     3.310     3.280     3.020     2.730         *     3.000     4.000     3.000     3.000     4.000     0.000     0.000     0.000   -19.083     1.000     8.000     0.000     3.000     6.000    13.000    16.000    19.000     3.612     0.173    -0.040     0.011     3.915     0.411    -0.024     0.018
         *     3.200     3.400     2.670     3.390     3.090         *     5.000     4.000     4.000     0.000     3.000     0.000     0.000     0.000   -20.108     1.000    12.000     0.000     3.000     6.000    13.000    16.000    19.000     3.496     0.173    -0.030     0.011     3.971     0.411    -0.043     0.018
         *     2.800     2.980     2.520         *     2.220         *     4.000     4.000     4.000         *     4.000     0.000     1.000     0.000   -19.863     2.000     7.000     0.000     3.000     6.000    13.000    16.000    19.000     3.114     0.177    -0.045     0.012     4.418     0.433    -0.023     0.018
         *     3.700     3.820     3.670     3.300     3.190         *     6.000     5.000     6.000     4.000     5.000     0.000     1.000     0.000   -19.922     1.000    13.000     0.000     3.000     6.000    13.000    16.000    19.000     3.950     0.173    -0.037     0.011     5.328     0.411    -0.015     0.018
         *         *     3.520     2.850     3.440     3.320         *         *     6.000     4.000     6.000     7.000     0.000     0.000     0.000   -17.365     1.000     5.000     0.000     3.000     6.000    13.000    16.000    19.000     3.779     0.200    -0.037     0.012     5.726     0.454    -0.023     0.019
         *         *         *     3.150     3.490     3.010         *         *         *     3.000     3.000     3.000     0.000     1.000     0.000   -10.376     1.000     3.000     0.000     3.000     6.000    13.000    16.000    19.000     3.586     0.233    -0.028     0.012     3.931     0.506    -0.035     0.019
     3.000     2.950     2.800     2.730     2.900     2.940     7.000     6.000     7.000     5.000     7.000     7.000     0.000     1.000     0.000   -24.467     0.000     4.000     0.000     3.000     6.000    13.000    16.000    19.000     3.226     0.150    -0.031     0.011     6.122     0.375    -0.002     0.018
     2.900     2.900     2.700     2.390     2.370     2.120     5.000     6.000     5.000     5.000     5.000     5.000     0.000     0.000     1.000   -24.239     3.000     1.000     0.000     3.000     6.000    13.000    16.000    19.000     2.988     0.150    -0.042     0.011     5.434     0.375    -0.041     0.018
         *     3.500     3.810     3.540     3.330     2.900         *     5.000     4.000     4.000     4.000     4.000     0.000     1.000     0.000   -20.433     3.000    -5.000     0.000     3.000     6.000    13.000    16.000    19.000     3.727     0.173    -0.031     0.011     4.701     0.411    -0.031     0.018
         *     3.600     3.710     3.960     3.750     3.570         *     4.000     5.000     4.000     5.000     4.000     0.000     1.000     0.000   -20.377     3.000    -5.000     0.000     3.000     6.000    13.000    16.000    19.000     3.889     0.173    -0.019     0.011     4.896     0.411    -0.034     0.018
         *         *     3.060     2.470     1.320     1.470         *     5.000     7.000     6.000     5.000     6.000     0.000     1.000     0.000   -20.299     0.000     6.000     0.000     3.000     6.000    13.000    16.000    19.000     3.027     0.200    -0.067     0.012     5.382     0.412     0.011     0.019
         *     2.550     2.780     2.120     2.570     2.340         *     5.000     6.000     5.000     6.000     6.000     0.000     1.000     1.000   -20.286     1.000     0.000     0.000     3.000     6.000    13.000    16.000    19.000     2.913     0.173    -0.036     0.011     5.454     0.411    -0.016     0.018
         *         *     3.860     3.250     3.310     3.350         *         *     4.000     4.000     4.000     4.000     0.000     0.000     0.000   -19.303     1.000    10.000     0.000     3.000     6.000    13.000    16.000    19.000     3.923     0.200    -0.037     0.012     4.498     0.454    -0.025     0.019
         *         *     3.310     3.460         *     3.140         *         *     4.000     3.000         *     4.000     0.000     0.000     0.000   -19.303     0.000    10.000     0.000     3.000     6.000    13.000    16.000    19.000     3.731     0.208    -0.035     0.012     4.121     0.485    -0.018     0.019
         *         *         *     2.060     2.770     3.670         *         *         *     7.000     5.000     5.000     0.000     1.000     0.000   -11.224     3.000    10.000     0.000     3.000     6.000    13.000    16.000    19.000     3.400     0.233    -0.034     0.012     6.181     0.506    -0.054     0.019
         *         *         *     4.180     2.690     3.830         *         *         *     5.000     8.000     7.000     0.000     1.000     0.000   -11.055     3.000    12.000     0.000     3.000     6.000    13.000    16.000    19.000     4.152     0.233    -0.039     0.012     6.786     0.506    -0.039     0.019
     4.600         *         *         *         *         *     4.000         *         *         *         *         *     0.000     1.000     0.000   -27.605     0.000    13.000     0.000     3.000     6.000    13.000    16.000    19.000     4.435     0.259    -0.038     0.015     4.589     0.604     0.018     0.019
         *         *         *     3.140     2.620     2.620         *         *         *     4.000     3.000     5.000     0.000     1.000     0.000   -11.892     0.000     4.000     0.000     3.000     6.000    13.000    16.000    19.000     3.386     0.233    -0.039     0.012     4.272     0.506    -0.014     0.019
         *         *         *     2.240     2.890     3.080         *         *         *     3.000     4.000     4.000     0.000     0.000     0.000   -11.854     2.000    10.000     0.000     3.000     6.000    13.000    16.000    19.000     3.340     0.233    -0.037     0.012     4.681     0.506    -0.053     0.019
         *         *         *     2.390     2.650     2.470         *         *         *     4.000     4.000     3.000     0.000     1.000     0.000   -14.597     0.000     0.000     0.000     3.000     6.000    13.000    16.000    19.000     3.084     0.233    -0.037     0.012     3.996     0.506    -0.015     0.019
         *         *         *     2.260         *     1.930         *         *         *     4.000         *     5.000     0.000     1.000     0.000   -13.633     3.000     8.000     0.000     3.000     6.000    13.000    16.000    19.000     2.967     0.249    -0.050     0.012     5.181     0.554    -0.042     0.019
         *         *     3.670     3.330     2.790         *         *         *     4.000     4.000     5.000         *     0.000     1.000     0.000   -19.333     0.000    16.000     0.000     3.000     6.000    13.000    16.000    19.000     3.793     0.204    -0.046     0.013     4.477     0.481     0.001     0.019
         *         *     3.390     3.100     3.310     2.290         *         *         *     3.000     3.000     3.000     0.000     1.000     0.000   -19.275     1.000     8.000     0.000     3.000     6.000    13.000    16.000    19.000     3.545     0.200    -0.041     0.012     3.764     0.505    -0.016     0.019
         *         *         *     1.920     2.340     2.370         *         *         *     4.000     6.000     5.000     0.000     1.000     0.000   -12.616     0.000    -4.000     0.000     3.000     6.000    13.000    16.000    19.000     2.880     0.233    -0.041     0.012     4.796     0.506    -0.011     0.019
         *         *         *     2.170     3.020         *         *         *         *     4.000     5.000     5.000     0.000     1.000     0.000   -12.560     0.000    -2.000     0.000     3.000     6.000    13.000    16.000    19.000     3.127     0.241    -0.038     0.013     4.628     0.507    -0.012     0.019
         *         *         *     2.520     2.050     2.000         *         *         *     5.000     4.000     4.000     0.000     1.000     0.000   -14.828     1.000    10.000     0.000     3.000     6.000    13.000    16.000    19.000     3.038     0.233    -0.051     0.012     4.681     0.506    -0.021     0.019
         *         *         *     3.620     3.660     2.930         *         *         *     4.000     6.000     5.000     0.000     1.000     0.000   -15.194     2.000     8.000     0.000     3.000     6.000    13.000    16.000    19.000     3.946     0.233    -0.037     0.012     5.380     0.506    -0.027     0.019
         *         *         *     3.380     2.440     3.290         *         *         *     4.000     4.000     5.000     0.000     1.000     0.000   -15.299     1.000    10.000     0.000     3.000     6.000    13.000    16.000    19.000     3.629     0.233    -0.038     0.012     4.740     0.506    -0.020     0.019
         *         *         *     2.850     1.650     1.340         *         *         *     5.000     4.000     6.000     0.000     0.000     0.000   -13.798     3.000    13.000     0.000     3.000     6.000    13.000    16.000    19.000     3.045     0.233    -0.064     0.012     5.587     0.506    -0.046     0.019
         *         *         *     3.460         *         *         *         *         *     5.000         *         *     0.000     1.000     0.000   -14.888     2.000    10.000     0.000     3.000     6.000    13.000    16.000    19.000     3.836     0.278    -0.037     0.013     5.341     0.627    -0.031     0.020
         *         *         *     3.790     3.760     4.130         *         *         *     5.000     6.000     5.000     0.000     1.000     0.000   -15.466     2.000    17.000     0.000     3.000     6.000    13.000    16.000    19.000     4.332     0.233    -0.031     0.012     5.783     0.506    -0.032     0.019
         *         *         *     2.190     1.610         *         *         *         *     4.000     4.000     3.000     0.000     1.000     1.000   -16.480     0.000     1.000     0.000     3.000     6.000    13.000    16.000    19.000     2.572     0.241    -0.043     0.013     3.914     0.507    -0.016     0.019
         *         *         *     3.660         *     3.440         *         *         *     3.000         *     0.000     0.000     1.000     0.000   -16.917     2.000     1.000     0.000     3.000     6.000    13.000    16.000    19.000     3.735     0.249    -0.021     0.012     3.385     0.554    -0.042     0.019
         *         *         *     3.330     3.830     3.670         *         *         *     5.000     5.000     6.000     0.000     1.000     0.000   -16.869     2.000     7.000     0.000     3.000     6.000    13.000    16.000    19.000     4.041     0.233    -0.030     0.012     5.612     0.506    -0.027     0.019
         *         *         *     3.860     3.250     3.480         *         *         *     5.000     4.000     4.000     0.000     1.000     1.000   -18.436     0.000     2.000     0.000     3.000     6.000    13.000    16.000    19.000     3.824     0.233    -0.024     0.012     4.493     0.506    -0.012     0.019
         *         *         *     2.050     1.730     2.110         *         *         *     4.000     4.000     4.000     0.000     1.000     0.000   -18.800     2.000     2.000     0.000     3.000     6.000    13.000    16.000    19.000     2.765     0.233    -0.047     0.012     4.511     0.506    -0.026     0.019
         *         *         *     3.510     3.410     3.390         *         *         *     4.000     4.000     5.000     0.000     1.000     1.000   -18.527     1.000    19.000     0.000     3.000     6.000    13.000    16.000    19.000     3.923     0.233    -0.033     0.012     4.839     0.506    -0.023     0.019
         *         *         *     3.310     3.390     2.040         *         *         *     4.000     4.000     5.000     0.000     1.000     0.000   -18.645     1.000    22.000     0.000     3.000     6.000    13.000    16.000    19.000     3.759     0.233    -0.052     0.012     4.751     0.506    -0.011     0.019
         *         *         *     2.680         *         *         *         *         *     4.000         *         *     0.000     1.000     0.000   -17.059     1.000    18.000     0.000     3.000     6.000    13.000    16.000    19.000     3.408     0.278    -0.048     0.013     4.701     0.627    -0.019     0.020
         *         *         *     3.880     3.490     3.360         *         *         *     3.000     4.000     4.000     0.000     1.000     0.000   -16.867     0.000    11.000     0.000     3.000     6.000    13.000    16.000    19.000     4.027     0.233    -0.033     0.012     4.123     0.506    -0.009     0.019
