     0.700         *         *         *         *         *         *         *         *         *         *         *     0.000     0.000     0.000    17.816     0.000    -8.000     0.000     3.000     6.000    13.000    16.000    19.000     0.909     0.260    -0.053     0.015     4.624     0.794    -0.046     0.012
         *         *         *         *         *         *     5.000         *         *         *         *         *     0.000     1.000     0.000    16.108     0.000    -1.000     0.000     3.000     6.000    13.000    16.000    19.000     1.736     0.517    -0.050     0.015     5.060     0.578    -0.034     0.014
     1.600         *         *         *         *         *     5.000         *         *         *         *         *     0.000     0.000     1.000    16.108     0.000    -2.000     0.000     3.000     6.000    13.000    16.000    19.000     1.587     0.260    -0.047     0.015     5.004     0.577    -0.054     0.012
     3.700     3.810     3.990     3.540     2.940         *     5.000     6.000     5.000     5.000     4.000         *     0.000     1.000     0.000    -8.223     0.000    15.000     0.000     3.000     6.000    13.000    16.000    19.000     3.865     0.153    -0.041     0.012     5.323     0.352    -0.013     0.012
     3.100     2.900     3.100     2.650         *         *     6.000     5.000     5.000     5.000         *         *     0.000     1.000     0.000    -8.223     0.000    17.000     0.000     3.000     6.000    13.000    16.000    19.000     3.196     0.156    -0.045     0.013     5.568     0.378    -0.023     0.012
     2.200     1.900     1.350     1.150         *         *     5.000     7.000     6.000     5.000         *         *     0.000     1.000     0.000    -8.650     0.000    11.000     0.000     3.000     6.000    13.000    16.000    19.000     2.068     0.156    -0.060     0.013     5.884     0.378    -0.032     0.012
     2.400     1.900     1.750         *         *         *     6.000     7.000     6.000         *         *         *     0.000     1.000     0.000    -8.997     0.000     0.000     0.000     3.000     6.000    13.000    16.000    19.000     2.230     0.167    -0.049     0.014     6.102     0.416    -0.018     0.012
     4.000     4.100     4.150     3.540     3.490     2.830     6.000     7.000     8.000     5.000     7.000     7.000     0.000     0.000     0.000   -10.008     0.000     8.000     0.000     3.000     6.000    13.000    16.000    19.000     4.064     0.152    -0.044     0.011     6.635     0.334    -0.010     0.012
     3.400     3.600     3.400     2.520     3.060     2.490     4.000     5.000     5.000     6.000     4.000     7.000     0.000     1.000     0.000   -10.005     0.000     6.000     0.000     3.000     6.000    13.000    16.000    19.000     3.489     0.152    -0.045     0.011     5.263     0.334     0.000     0.012
         *         *         *         *         *         *     5.000         *         *         *         *         *     0.000     0.000     0.000    12.623     0.000    -7.000     0.000     3.000     6.000    13.000    16.000    19.000     1.790     0.517    -0.049     0.015     4.934     0.578    -0.033     0.014
         *         *         *         *         *         *     6.000     4.000         *         *         *         *     0.000     1.000     1.000     7.288     0.000     5.000     0.000     3.000     6.000    13.000    16.000    19.000     2.007     0.516    -0.045     0.015     5.198     0.477    -0.043     0.014
         *     1.300     0.800         *         *         *     5.000     4.000     4.000         *         *         *     0.000     0.000     0.000     7.288     2.000    -6.000     0.000     3.000     6.000    13.000    16.000    19.000     1.406     0.201    -0.055     0.015     4.700     0.416    -0.043     0.012
     3.100     2.900         *         *         *         *     3.000     3.000         *         *         *         *     0.000     0.000     0.000     7.122     0.000     1.000     0.000     3.000     6.000    13.000    16.000    19.000     2.949     0.196    -0.047     0.015     3.893     0.476    -0.019     0.012
     2.000     2.000         *         *         *         *     4.000     5.000         *         *         *         *     0.000     0.000     1.000     7.221     0.000    -2.000     0.000     3.000     6.000    13.000    16.000    19.000     2.042     0.196    -0.043     0.015     4.766     0.476    -0.042     0.012
     2.900     2.750     2.810         *         *         *     7.000     6.000     6.000         *         *         *     0.000     0.000     0.000     8.436     3.000     1.000     0.000     3.000     6.000    13.000    16.000    19.000     2.890     0.167    -0.042     0.014     6.368     0.416    -0.039     0.012
     2.100         *         *         *         *         *     7.000         *         *         *         *         *     0.000     0.000     0.000     6.127     3.000     1.000     0.000     3.000     6.000    13.000    16.000    19.000     2.194     0.260    -0.048     0.015     6.480     0.577    -0.048     0.012
     3.200         *         *         *         *         *     5.000         *         *         *         *         *     0.000     0.000     0.000     6.922     3.000     5.000     0.000     3.000     6.000    13.000    16.000    19.000     3.034     0.260    -0.047     0.015     5.698     0.577    -0.038     0.012
     2.900         *         *         *         *         *     7.000         *         *         *         *         *     1.000     0.000     0.000     6.859     3.000     5.000     0.000     3.000     6.000    13.000    16.000    19.000     2.708     0.260    -0.026     0.015     6.275     0.577    -0.014     0.012
     1.600     2.000     1.650         *         *         *     5.000     5.000     4.000         *         *         *     0.000     0.000     0.000     5.583     0.000    -5.000     0.000     3.000     6.000    13.000    16.000    19.000     1.913     0.167    -0.046     0.014     4.830     0.416    -0.030     0.012
     1.900     2.000     1.650         *         *         *     3.000     3.000     4.000         *         *         *     0.000     0.000     1.000     5.581     0.000     2.000     0.000     3.000     6.000    13.000    16.000    19.000     1.998     0.167    -0.047     0.014     3.958     0.416    -0.043     0.012
     2.100     1.770     1.300         *         *         *     4.000     4.000     4.000         *         *         *     0.000     1.000     0.000     7.339     1.000     8.000     0.000     3.000     6.000    13.000    16.000    19.000     1.944     0.167    -0.058     0.014     4.565     0.416    -0.038     0.012
         *     1.590         *         *         *         *     5.000     5.000         *         *         *         *     1.000     1.000     1.000     7.339     0.000     2.000     0.000     3.000     6.000    13.000    16.000    19.000     1.624     0.259    -0.025     0.015     4.867     0.476    -0.013     0.012
     3.100     2.900     2.900         *         *         *     4.000     5.000     4.000         *         *         *     0.000     0.000     0.000     5.217     0.000     6.000     0.000     3.000     6.000    13.000    16.000    19.000     3.044     0.167    -0.046     0.014     4.753     0.416    -0.025     0.012
         *     2.500     2.100         *         *         *         *     6.000     6.000         *         *         *     0.000     0.000     0.000     8.511     0.000     6.000     0.000     3.000     6.000    13.000    16.000    19.000     2.510     0.201    -0.049     0.015     5.945     0.480    -0.038     0.012
         *     2.350         *         *         *         *         *     6.000         *         *         *         *     0.000     0.000     1.000     8.511     0.000     8.000     0.000     3.000     6.000    13.000    16.000    19.000     2.420     0.259    -0.044     0.015     5.862     0.579    -0.052     0.012
     2.400     2.600     2.460     1.550     1.310         *     5.000     7.000     4.000     5.000     5.000         *     0.000     1.000     0.000     4.945     1.000    -1.000     0.000     3.000     6.000    13.000    16.000    19.000     2.465     0.153    -0.055     0.012     5.401     0.352    -0.023     0.012
     2.300     2.180     2.140         *         *         *     7.000     7.000     7.000         *         *         *     0.000     1.000     0.000     5.045     2.000    -1.000     0.000     3.000     6.000    13.000    16.000    19.000     2.339     0.167    -0.044     0.014     6.728     0.416    -0.031     0.012
     2.100     2.350     2.570         *         *         *     4.000     5.000     6.000         *         *         *     1.000     1.000     1.000     3.739     1.000     2.000     0.000     3.000     6.000    13.000    16.000    19.000     2.323     0.167    -0.016     0.014     5.004     0.416    -0.004     0.012
     2.000         *         *         *         *         *     5.000         *         *         *         *         *     0.000     1.000     0.000     5.531     0.000    -4.000     0.000     3.000     6.000    13.000    16.000    19.000     2.017     0.260    -0.047     0.015     5.048     0.577    -0.021     0.012
         *         *         *         *         *         *     4.000         *         *         *         *         *     0.000     1.000     1.000     5.531     0.000    -3.000     0.000     3.000     6.000    13.000    16.000    19.000     1.786     0.517    -0.044     0.015     4.565     0.578    -0.034     0.014
     2.400         *         *         *         *         *     6.000         *         *         *         *         *     0.000     1.000     0.000     2.030     2.000     9.000     0.000     3.000     6.000    13.000    16.000    19.000     2.488     0.260    -0.049     0.015     6.101     0.577    -0.037     0.012
     3.600     3.700     3.520         *         *         *     5.000     5.000     5.000         *         *         *     0.000     0.000     0.000     2.930     1.000     6.000     0.000     3.000     6.000    13.000    16.000    19.000     3.621     0.167    -0.041     0.014     5.328     0.416    -0.021     0.012
     3.400     3.150     3.060         *         *         *     5.000     5.000     5.000         *         *         *     0.000     1.000     0.000     2.930     0.000     8.000     0.000     3.000     6.000    13.000    16.000    19.000     3.260     0.167    -0.044     0.014     5.259     0.416    -0.016     0.012
         *     1.700         *         *         *         *     6.000     6.000         *         *         *         *     0.000     1.000     0.000     2.982     1.000    -2.000     0.000     3.000     6.000    13.000    16.000    19.000     1.960     0.259    -0.048     0.015     5.814     0.476    -0.029     0.012
     2.100     2.120     2.140     1.810         *         *     7.000     6.000     4.000     6.000         *         *     0.000     1.000     0.000     3.127     0.000    -6.000     0.000     3.000     6.000    13.000    16.000    19.000     2.251     0.156    -0.040     0.013     5.680     0.378    -0.017     0.012
         *     2.620     2.870     2.170         *         *     5.000     7.000     5.000     6.000         *         *     0.000     0.000     0.000     3.127     0.000     2.000     0.000     3.000     6.000    13.000    16.000    19.000     2.843     0.183    -0.045     0.013     5.793     0.378    -0.025     0.012
     3.000     2.870     2.540         *         *         *     4.000     7.000     6.000         *         *         *     0.000     0.000     0.000     3.597     1.000     1.000     0.000     3.000     6.000    13.000    16.000    19.000     2.897     0.167    -0.046     0.014     5.721     0.416    -0.026     0.012
     2.600         *     2.250         *         *         *     5.000         *     5.000         *         *         *     0.000     1.000     0.000     2.597     0.000    -4.000     0.000     3.000     6.000    13.000    16.000    19.000     2.504     0.198    -0.044     0.014     5.095     0.478    -0.013     0.012
         *         *         *         *         *         *     5.000         *         *         *         *         *     0.000     1.000     0.000     1.161     0.000    -2.000     0.000     3.000     6.000    13.000    16.000    19.000     2.308     0.517    -0.046     0.015     5.129     0.578    -0.017     0.014
     2.700     2.700         *         *         *         *     5.000     5.000         *         *         *         *     0.000     1.000     0.000     1.919     0.000    10.000     0.000     3.000     6.000    13.000    16.000    19.000     2.760     0.196    -0.048     0.015     5.315     0.476    -0.025     0.012
     2.800     2.750     3.020     2.210     2.090         *     8.000     7.000     8.000     7.000     6.000     6.000     0.000     0.000     0.000     2.048     0.000     7.000     0.000     3.000     6.000    13.000    16.000    19.000     2.912     0.153    -0.046     0.012     7.078     0.334    -0.035     0.012
     2.200     2.320     1.940         *         *         *     6.000     5.000     7.000         *         *         *     0.000     1.000     0.000     2.303     0.000     1.000     0.000     3.000     6.000    13.000    16.000    19.000     2.306     0.167    -0.046     0.014     5.873     0.416    -0.023     0.012
         *         *         *         *         *         *     4.000         *         *         *         *         *     1.000     0.000     0.000     2.303     0.000    -2.000     0.000     3.000     6.000    13.000    16.000    19.000     1.903     0.517    -0.029     0.015     4.264     0.578     0.002     0.014
     2.300     2.500         *         *         *         *     5.000     4.000         *         *         *         *     0.000     0.000     0.000     1.484     0.000    11.000     0.000     3.000     6.000    13.000    16.000    19.000     2.528     0.196    -0.050     0.015     5.000     0.476    -0.037     0.012
     2.200     2.300     2.100     1.320     1.520     1.690     5.000     4.000     4.000     4.000     4.000     5.000     0.000     0.000     0.000     1.481     0.000     9.000     0.000     3.000     6.000    13.000    16.000    19.000     2.357     0.152    -0.050     0.011     4.829     0.334    -0.036     0.012
     3.000         *         *         *         *         *     8.000         *         *         *         *         *     0.000     1.000     0.000    -0.223     3.000    13.000     0.000     3.000     6.000    13.000    16.000    19.000     3.013     0.260    -0.046     0.015     7.314     0.577    -0.040     0.012
     2.600         *         *         *         *         *     6.000         *         *         *         *         *     0.000     1.000     0.000    -0.072     3.000    14.000     0.000     3.000     6.000    13.000    16.000    19.000     2.711     0.260    -0.049     0.015     6.359     0.577    -0.042     0.012
     2.000         *         *         *         *         *     8.000         *         *         *         *         *     0.000     0.000     0.000     0.141     0.000     1.000     0.000     3.000     6.000    13.000    16.000    19.000     2.158     0.260    -0.047     0.015     6.590     0.577    -0.036     0.012
         *     1.800     1.700         *         *         *     6.000     6.000     6.000         *         *         *     0.000     0.000     1.000     0.135     0.000    -2.000     0.000     3.000     6.000    13.000    16.000    19.000     1.987     0.201    -0.043     0.015     5.860     0.416    -0.042     0.012
     1.700         *         *         *         *         *     5.000         *         *         *         *         *     0.000     1.000     1.000     1.836     0.000    -6.000     0.000     3.000     6.000    13.000    16.000    19.000     1.745     0.260    -0.042     0.015     4.979     0.577    -0.031     0.012
     2.100         *         *         *         *         *     5.000     5.000         *         *         *         *     0.000     1.000     1.000     1.836     0.000    -7.000     0.000     3.000     6.000    13.000    16.000    19.000     2.037     0.260    -0.040     0.015     5.016     0.476    -0.026     0.012
     2.100     2.300     2.570         *         *         *     5.000     4.000     6.000         *         *         *     0.000     1.000     0.000     1.156     0.000     1.000     0.000     3.000     6.000    13.000    16.000    19.000     2.448     0.167    -0.041     0.014     5.150     0.416    -0.018     0.012
     2.900     2.920     2.860     2.530     2.870     2.450     7.000     7.000     8.000     7.000     7.000     6.000     0.000     1.000     0.000     1.156     0.000     1.000     0.000     3.000     6.000    13.000    16.000    19.000     3.019     0.152    -0.030     0.011     6.895     0.334    -0.016     0.012
     2.500     2.400     2.410     1.590     1.460     1.400     8.000     7.000     7.000     7.000     6.000         *     0.000     1.000     0.000     0.575     3.000     6.000     0.000     3.000     6.000    13.000    16.000    19.000     2.502     0.152    -0.056     0.011     7.117     0.352    -0.040     0.012
     2.600     2.550     2.230     1.600     1.240     1.410     7.000     9.000     6.000     4.000     7.000     6.000     0.000     1.000     0.000     0.575     2.000     2.000     0.000     3.000     6.000    13.000    16.000    19.000     2.484     0.152    -0.058     0.011     6.671     0.334    -0.033     0.012
     1.200     0.850     1.020         *         *         *     6.000     5.000     5.000         *         *         *     0.000     1.000     0.000    -0.200     0.000     1.000     0.000     3.000     6.000    13.000    16.000    19.000     1.312     0.167    -0.053     0.014     5.370     0.416    -0.035     0.012
     1.500     1.300     1.810         *         *         *     6.000     5.000     5.000         *         *         *     0.000     0.000     0.000    -0.200     0.000     1.000     0.000     3.000     6.000    13.000    16.000    19.000     1.772     0.167    -0.048     0.014     5.397     0.416    -0.037     0.012
     3.000     2.650         *         *         *         *     5.000     5.000         *         *         *         *     0.000     0.000     1.000     0.964     0.000     7.000     0.000     3.000     6.000    13.000    16.000    19.000     2.829     0.196    -0.043     0.015     5.277     0.476    -0.039     0.012
     3.000     3.150         *         *         *         *     6.000     6.000         *         *         *         *     0.000     0.000     0.000     0.997     0.000     8.000     0.000     3.000     6.000    13.000    16.000    19.000     3.094     0.196    -0.045     0.015     5.948     0.476    -0.028     0.012
     2.500     2.150     1.750         *         *         *     6.000     3.000     3.000     4.000     4.000     4.000     0.000     0.000     1.000    -1.358     0.000     0.000     0.000     3.000     6.000    13.000    16.000    19.000     2.272     0.167    -0.046     0.014     4.499     0.334    -0.037     0.012
         *     1.850     1.550         *         *         *     5.000     5.000     5.000         *         *         *     0.000     1.000     0.000    -1.358     0.000    -4.000     0.000     3.000     6.000    13.000    16.000    19.000     1.978     0.201    -0.048     0.015     5.069     0.416    -0.018     0.012
     3.100         *         *         *         *         *     7.000         *         *         *         *         *     0.000     1.000     0.000    -0.183     2.000     2.000     0.000     3.000     6.000    13.000    16.000    19.000     2.978     0.260    -0.043     0.015     6.479     0.577    -0.023     0.012
     2.800     2.800         *         *         *         *     6.000     6.000         *         *         *         *     0.000     0.000     1.000    -0.183     1.000     8.000     0.000     3.000     6.000    13.000    16.000    19.000     2.827     0.196    -0.041     0.015     6.027     0.476    -0.045     0.012
         *     0.570     2.300     0.440         *         *     5.000     5.000     5.000         *         *         *     0.000     0.000     0.000    -0.339     0.000    -6.000     0.000     3.000     6.000    13.000    16.000    19.000     1.580     0.183    -0.054     0.013     5.029     0.416    -0.031     0.012
         *     1.300     0.860         *         *         *     5.000     7.000     4.000         *         *         *     0.000     0.000     0.000    -0.339     0.000    -3.000     0.000     3.000     6.000    13.000    16.000    19.000     1.482     0.201    -0.054     0.015     5.329     0.416    -0.037     0.012
         *     1.500     1.510         *         *         *     6.000     8.000     8.000         *         *         *     0.000     1.000     0.000    -0.460     0.000     1.000     0.000     3.000     6.000    13.000    16.000    19.000     1.845     0.201    -0.049     0.015     6.833     0.416    -0.030     0.012
     1.500         *         *         *         *         *     5.000         *         *         *         *         *     0.000     1.000     0.000    -0.447     1.000    -2.000     0.000     3.000     6.000    13.000    16.000    19.000     1.730     0.260    -0.049     0.015     5.201     0.577    -0.028     0.012
     1.000     1.000     0.900         *         *         *     6.000     5.000     6.000         *         *         *     1.000     0.000     1.000    -1.575     0.000    11.000     0.000     3.000     6.000    13.000    16.000    19.000     1.188     0.167    -0.032     0.014     5.529     0.416    -0.034     0.012
         *         *     2.810     1.170     1.900     1.680     5.000     5.000     5.000     6.000     5.000         *     0.000     0.000     0.000    -0.167     0.000    -2.000     0.000     3.000     6.000    13.000    16.000    19.000     2.577     0.206    -0.052     0.012     5.333     0.353    -0.020     0.012
     2.900     3.200     3.580     3.230     2.930         *     5.000     6.000     6.000     5.000     5.000         *     0.000     0.000     0.000    -1.277     2.000    16.000     0.000     3.000     6.000    13.000    16.000    19.000     3.411     0.153    -0.033     0.012     5.879     0.352    -0.038     0.012
     2.300         *     2.700         *         *         *     5.000         *     4.000         *         *         *     0.000     1.000     0.000    -0.011     0.000    -2.000     0.000     3.000     6.000    13.000    16.000    19.000     2.581     0.198    -0.039     0.014     4.824     0.478    -0.013     0.012
     1.900     1.600     1.700         *         *         *     5.000     5.000     4.000         *         *         *     0.000     1.000     1.000    -0.783     0.000    -4.000     0.000     3.000     6.000    13.000    16.000    19.000     1.877     0.167    -0.042     0.014     4.847     0.416    -0.031     0.012
     3.400     3.030     3.060     2.380         *         *     5.000     8.000     6.000     5.000         *         *     0.000     1.000     0.000    -0.247     0.000    -5.000     0.000     3.000     6.000    13.000    16.000    19.000     3.130     0.156    -0.043     0.013     5.865     0.378    -0.005     0.012
     3.000     3.100     3.090     2.600     2.650     1.940     6.000     6.000     8.000     6.000     7.000     6.000     0.000     1.000     0.000    -1.146     1.000     4.000     0.000     3.000     6.000    13.000    16.000    19.000     3.130     0.152    -0.044     0.011     6.534     0.334    -0.017     0.012
     2.800         *         *         *         *         *     5.000         *         *         *         *         *     0.000     1.000     0.000    -0.895     2.000     8.000     0.000     3.000     6.000    13.000    16.000    19.000     2.804     0.260    -0.047     0.015     5.644     0.577    -0.028     0.012
     1.300         *     1.390         *         *         *     6.000     4.000     8.000         *         *         *     0.000     1.000     0.000    -0.881     1.000     2.000     0.000     3.000     6.000    13.000    16.000    19.000     1.645     0.198    -0.049     0.014     5.942     0.416    -0.034     0.012
         *     2.900     2.900     2.260         *         *     4.000     5.000     5.000     4.000         *         *     0.000     0.000     0.000    -2.070     0.000     5.000     0.000     3.000     6.000    13.000    16.000    19.000     3.002     0.183    -0.047     0.013     4.847     0.378    -0.022     0.012
     3.100     3.050     2.600     2.470     2.760         *     5.000     5.000     4.000     4.000     4.000         *     0.000     1.000     0.000    -2.070     0.000    -3.000     0.000     3.000     6.000    13.000    16.000    19.000     3.016     0.153    -0.035     0.012     4.628     0.352    -0.006     0.012
         *     2.650     2.000     2.140         *         *     6.000     6.000     4.000     4.000     5.000         *     0.000     0.000     0.000    -0.262     1.000     7.000     0.000     3.000     6.000    13.000    16.000    19.000     2.634     0.183    -0.048     0.013     5.400     0.353    -0.037     0.012
     2.600     2.450     2.330     1.610         *         *     6.000     7.000     4.000     6.000         *         *     0.000     1.000     0.000    -0.914     0.000     1.000     0.000     3.000     6.000    13.000    16.000    19.000     2.525     0.156    -0.051     0.013     5.752     0.378    -0.019     0.012
     2.600     2.800     2.650         *         *         *     5.000     5.000     5.000         *         *         *     0.000     1.000     0.000    -1.359     2.000     5.000     0.000     3.000     6.000    13.000    16.000    19.000     2.805     0.167    -0.044     0.014     5.357     0.416    -0.024     0.012
     2.900     2.850     2.670     2.250         *         *     6.000     7.000     6.000     6.000         *         *     0.000     0.000     0.000    -0.556     0.000     3.000     0.000     3.000     6.000    13.000    16.000    19.000     2.902     0.156    -0.045     0.013     6.201     0.378    -0.025     0.012
     2.300         *     1.760         *         *         *     5.000     5.000     3.000         *         *         *     0.000     0.000     0.000    -0.822     0.000     0.000     0.000     3.000     6.000    13.000    16.000    19.000     2.232     0.198    -0.051     0.014     4.659     0.416    -0.028     0.012
         *         *         *         *         *         *     4.000         *         *         *         *         *     0.000     1.000     0.000    -0.822     0.000     1.000     0.000     3.000     6.000    13.000    16.000    19.000     2.444     0.517    -0.047     0.015     4.737     0.578    -0.016     0.014
     1.900         *         *         *         *         *     5.000         *         *         *         *         *     0.000     1.000     0.000    -1.150     3.000    -2.000     0.000     3.000     6.000    13.000    16.000    19.000     2.055     0.260    -0.047     0.015     5.484     0.577    -0.031     0.012
     3.800         *         *         *         *         *     6.000         *         *         *         *         *     0.000     0.000     0.000    -1.536     0.000    16.000     0.000     3.000     6.000    13.000    16.000    19.000     3.644     0.260    -0.046     0.015     6.110     0.577    -0.028     0.012
     2.400     2.080     2.410     1.950     2.050     1.850     5.000     5.000     4.000     5.000     5.000     5.000     0.000     1.000     0.000    -1.538     0.000     0.000     0.000     3.000     6.000    13.000    16.000    19.000     2.481     0.152    -0.037     0.011     5.038     0.334    -0.015     0.012
     1.300         *         *         *         *         *     6.000         *         *         *         *         *     0.000     0.000     1.000    -2.167     0.000     6.000     0.000     3.000     6.000    13.000    16.000    19.000     1.624     0.260    -0.047     0.015     5.694     0.577    -0.055     0.012
     2.500     2.820     2.860     2.310     2.260         *     5.000     5.000     4.000     4.000     3.000     5.000     0.000     0.000     1.000    -2.167     0.000    -2.000     0.000     3.000     6.000    13.000    16.000    19.000     2.772     0.153    -0.033     0.012     4.728     0.334    -0.029     0.012
     1.700     1.570     1.520         *         *         *     5.000     5.000     4.000         *         *         *     0.000     1.000     0.000    -2.481     0.000    -8.000     0.000     3.000     6.000    13.000    16.000    19.000     1.785     0.167    -0.046     0.014     4.773     0.416    -0.016     0.012
     1.900     2.020     2.150     1.900     1.510         *     8.000     8.000     7.000     7.000     6.000         *     0.000     1.000     1.000    -2.505     0.000    12.000     0.000     3.000     6.000    13.000    16.000    19.000     2.233     0.153    -0.039     0.012     7.253     0.352    -0.049     0.012
     2.400         *     2.570     1.680         *         *     5.000         *     8.000     5.000         *         *     0.000     1.000     0.000    -2.505     0.000     9.000     0.000     3.000     6.000    13.000    16.000    19.000     2.570     0.177    -0.051     0.013     6.047     0.422    -0.026     0.012
     3.000     3.000     3.090     2.490     2.870     2.180     5.000     6.000     6.000     6.000     6.000     6.000     0.000     0.000     0.000    -3.381     1.000     5.000     0.000     3.000     6.000    13.000    16.000    19.000     3.154     0.152    -0.041     0.011     6.020     0.334    -0.022     0.012
         *         *     2.190         *         *         *     6.000     5.000     5.000         *         *         *     0.000     0.000     0.000    -1.962     0.000     3.000     0.000     3.000     6.000    13.000    16.000    19.000     2.540     0.263    -0.048     0.015     5.436     0.416    -0.028     0.012
     2.700         *     2.600         *         *         *     8.000         *     5.000         *         *         *     0.000     0.000     0.000    -1.464     0.000    -1.000     0.000     3.000     6.000    13.000    16.000    19.000     2.748     0.198    -0.042     0.014     6.148     0.478    -0.024     0.012
     1.700     1.580         *         *         *         *     5.000     5.000         *         *         *         *     0.000     1.000     1.000    -2.745     0.000     1.000     0.000     3.000     6.000    13.000    16.000    19.000     1.793     0.196    -0.044     0.015     5.132     0.476    -0.036     0.012
     0.900         *         *         *         *         *     6.000     6.000     5.000         *         *         *     0.000     1.000     0.000    -2.745     0.000     7.000     0.000     3.000     6.000    13.000    16.000    19.000     1.376     0.259    -0.053     0.015     5.698     0.416    -0.040     0.012
     1.700     2.000     1.250     1.350         *         *     4.000     4.000     4.000     4.000         *         *     0.000     0.000     0.000    -4.216     0.000    -5.000     0.000     3.000     6.000    13.000    16.000    19.000     1.893     0.156    -0.049     0.013     4.331     0.378    -0.024     0.012
     2.500     2.650     2.490         *         *         *     4.000     5.000     5.000         *         *         *     0.000     0.000     1.000    -4.213     0.000    -7.000     0.000     3.000     6.000    13.000    16.000    19.000     2.610     0.167    -0.036     0.014     4.831     0.416    -0.023     0.012
     2.400     2.500     2.650         *         *         *     6.000     6.000     5.000         *     5.000         *     0.000     1.000     0.000    -4.467     0.000     1.000     0.000     3.000     6.000    13.000    16.000    19.000     2.638     0.167    -0.041     0.014     5.575     0.380    -0.016     0.012
     2.400     1.900     2.100         *     2.080     1.440     6.000     5.000     5.000     6.000     6.000     6.000     0.000     1.000     0.000    -3.750     0.000    -4.000     0.000     3.000     6.000    13.000    16.000    19.000     2.350     0.156    -0.040     0.011     5.672     0.334    -0.011     0.012
         *     2.050     1.520         *         *         *     5.000     6.000     7.000         *         *         *     0.000     1.000     0.000    -2.839     0.000     0.000     0.000     3.000     6.000    13.000    16.000    19.000     2.087     0.201    -0.050     0.015     5.848     0.416    -0.022     0.012
     3.000     3.000     2.760         *         *         *     6.000     7.000     6.000         *         *         *     0.000     1.000     0.000    -2.842     0.000     9.000     0.000     3.000     6.000    13.000    16.000    19.000     3.038     0.167    -0.044     0.014     6.244     0.416    -0.020     0.012
     3.000         *         *         *     2.680     2.120     6.000     4.000         *         *     5.000     6.000     1.000     1.000     0.000    -4.333     2.000     8.000     0.000     3.000     6.000    13.000    16.000    19.000     2.871     0.199    -0.027     0.011     5.276     0.388     0.007     0.012
         *     2.800     2.800         *         *         *     5.000     6.000     6.000         *         *         *     0.000     0.000     0.000    -5.003     1.000    10.000     0.000     3.000     6.000    13.000    16.000    19.000     3.026     0.201    -0.047     0.015     5.850     0.416    -0.031     0.012
         *     2.650     2.700     2.380         *         *         *     4.000     5.000     4.000         *         *     0.000     1.000     0.000     0.800     1.000    -5.000     0.000     3.000     6.000    13.000    16.000    19.000     2.795     0.183    -0.038     0.013     4.703     0.424    -0.010     0.012
         *         *         *         *     2.190     2.030     5.000         *         *         *     4.000     4.000     0.000     0.000     0.000    -4.027     0.000    -4.000     0.000     3.000     6.000    13.000    16.000    19.000     2.765     0.266    -0.040     0.013     4.738     0.435    -0.016     0.012
     3.000     2.800     2.830         *     2.630     2.810     6.000     7.000     5.000         *     9.000     6.000     0.000     1.000     0.000    -3.777     0.000     0.000     0.000     3.000     6.000    13.000    16.000    19.000     3.051     0.156    -0.028     0.011     6.431     0.356    -0.005     0.012
     2.000     1.950     2.830         *         *         *     5.000     6.000     6.000         *         *         *     0.000     1.000     0.000    -3.844     3.000     7.000     0.000     3.000     6.000    13.000    16.000    19.000     2.445     0.167    -0.041     0.014     5.938     0.416    -0.035     0.012
     2.200     2.200     2.110     1.790         *         *     4.000     5.000     4.000     4.000         *         *     0.000     1.000     1.000    -4.372     1.000    11.000     0.000     3.000     6.000    13.000    16.000    19.000     2.351     0.156    -0.045     0.013     4.820     0.378    -0.042     0.012
     3.200         *         *         *         *         *     8.000         *         *         *         *         *     0.000     1.000     0.000    -5.220     2.000     8.000     0.000     3.000     6.000    13.000    16.000    19.000     3.162     0.260    -0.043     0.015     7.110     0.577    -0.026     0.012
     2.500     2.370         *         *         *         *     4.000     5.000         *         *         *         *     0.000     0.000     0.000    -3.258     0.000   -10.000     0.000     3.000     6.000    13.000    16.000    19.000     2.474     0.196    -0.043     0.015     4.671     0.476    -0.011     0.012
     2.200         *         *         *         *         *     6.000         *         *         *         *         *     0.000     1.000     0.000    -3.872     0.000     0.000     0.000     3.000     6.000    13.000    16.000    19.000     2.303     0.260    -0.045     0.015     5.657     0.577    -0.019     0.012
     2.700     2.650     2.850         *         *         *     6.000     5.000     6.000         *         *         *     0.000     0.000     0.000    -5.556     3.000     0.000     0.000     3.000     6.000    13.000    16.000    19.000     2.861     0.167    -0.041     0.014     5.865     0.416    -0.029     0.012
     2.300     2.550     2.000         *         *         *     6.000     5.000     5.000         *         *         *     0.000     0.000     0.000    -5.556     0.000     5.000     0.000     3.000     6.000    13.000    16.000    19.000     2.480     0.167    -0.049     0.014     5.462     0.416    -0.029     0.012
     3.400     2.600     2.650     2.390     1.560         *     6.000     5.000     5.000     5.000     4.000         *     0.000     1.000     1.000    -5.892     0.000     4.000     0.000     3.000     6.000    13.000    16.000    19.000     2.884     0.153    -0.052     0.012     5.270     0.352    -0.026     0.012
     2.800         *         *         *         *         *     5.000         *         *         *         *         *     0.000     0.000     0.000    -5.908     0.000    -1.000     0.000     3.000     6.000    13.000    16.000    19.000     2.787     0.260    -0.044     0.015     5.203     0.577    -0.017     0.012
     2.300     2.470     2.230     1.900         *         *     4.000     5.000     5.000     4.000         *         *     0.000     1.000     0.000    -4.172     1.000     2.000     0.000     3.000     6.000    13.000    16.000    19.000     2.490     0.156    -0.045     0.013     4.851     0.378    -0.020     0.012
     1.900     2.250     2.270         *         *         *     5.000     6.000     4.000         *         *         *     0.000     1.000     0.000    -4.172     0.000     1.000     0.000     3.000     6.000    13.000    16.000    19.000     2.305     0.167    -0.043     0.014     5.154     0.416    -0.019     0.012
     3.700     3.250         *     3.170     2.650         *     7.000     8.000         *     4.000     6.000         *     0.000     1.000     0.000    -3.470     2.000     7.000     0.000     3.000     6.000    13.000    16.000    19.000     3.464     0.166    -0.041     0.012     6.430     0.384    -0.024     0.012
     3.800     3.350     3.200     3.250     3.130     2.950     7.000     6.000     7.000     7.000     5.000     6.000     0.000     0.000     0.000    -6.056     2.000     1.000     0.000     3.000     6.000    13.000    16.000    19.000     3.565     0.152    -0.034     0.011     6.464     0.334    -0.020     0.012
     2.700         *         *         *         *         *     5.000         *         *         *         *         *     0.000     1.000     0.000    -4.866     0.000     0.000     0.000     3.000     6.000    13.000    16.000    19.000     2.682     0.260    -0.044     0.015     5.222     0.577    -0.012     0.012
     2.100         *         *         *         *         *     6.000         *         *         *         *         *     0.000     0.000     0.000    -4.866     0.000     0.000     0.000     3.000     6.000    13.000    16.000    19.000     2.266     0.260    -0.047     0.015     5.644     0.577    -0.027     0.012
     2.400     2.060     1.890         *         *         *     6.000         *     4.000         *         *         *     0.000     1.000     0.000    -4.430     0.000     1.000     0.000     3.000     6.000    13.000    16.000    19.000     2.297     0.167    -0.049     0.014     5.176     0.478    -0.019     0.012
     3.300     3.330     2.650         *         *         *     5.000     5.000     5.000         *         *         *     0.000     1.000     0.000    -3.928     3.000     3.000     0.000     3.000     6.000    13.000    16.000    19.000     3.183     0.167    -0.045     0.014     5.405     0.416    -0.019     0.012
     2.900     3.100     2.820         *         *         *     5.000     5.000     5.000         *         *         *     0.000     0.000     0.000    -4.833     0.000    -9.000     0.000     3.000     6.000    13.000    16.000    19.000     2.992     0.167    -0.038     0.014     5.041     0.416    -0.006     0.012
         *         *     2.730     1.890     1.270     1.590     5.000     4.000     5.000     6.000     5.000         *     0.000     1.000     0.000    -4.833     0.000    -7.000     0.000     3.000     6.000    13.000    16.000    19.000     2.552     0.206    -0.052     0.012     5.030     0.353    -0.004     0.012
     2.800     2.550         *         *         *         *     5.000     5.000         *         *         *         *     0.000     1.000     0.000    -4.736     0.000    -3.000     0.000     3.000     6.000    13.000    16.000    19.000     2.708     0.196    -0.043     0.015     5.117     0.476    -0.008     0.012
     2.800     2.550     2.740         *         *         *     6.000     5.000     6.000         *         *         *     0.000     1.000     0.000    -4.736     0.000    -4.000     0.000     3.000     6.000    13.000    16.000    19.000     2.786     0.167    -0.040     0.014     5.579     0.416    -0.007     0.012
     2.300     2.450     2.600         *         *         *     7.000     6.000     6.000         *         *         *     0.000     1.000     1.000    -5.777     1.000     2.000     0.000     3.000     6.000    13.000    16.000    19.000     2.556     0.167    -0.035     0.014     6.239     0.416    -0.032     0.012
     3.000     2.800     2.430     1.290         *         *     6.000     6.000     5.000     4.000         *         *     0.000     1.000     0.000    -5.683     0.000     6.000     0.000     3.000     6.000    13.000    16.000    19.000     2.722     0.156    -0.062     0.013     5.425     0.378    -0.021     0.012
     3.200     3.100     3.150     2.870     2.680     1.870     5.000     7.000     6.000     4.000     5.000     5.000     0.000     1.000     0.000    -4.358     0.000     6.000     0.000     3.000     6.000    13.000    16.000    19.000     3.223     0.152    -0.046     0.011     5.529     0.334    -0.015     0.012
     3.500     3.400     3.450     3.230     3.230         *     4.000     5.000     5.000     5.000     4.000         *     0.000     1.000     0.000    -6.656     0.000     7.000     0.000     3.000     6.000    13.000    16.000    19.000     3.566     0.153    -0.032     0.012     4.883     0.352    -0.006     0.012
     2.500         *         *         *         *         *     9.000         *         *         *         *         *     0.000     1.000     0.000    -5.473     3.000    10.000     0.000     3.000     6.000    13.000    16.000    19.000     2.672     0.260    -0.045     0.015     7.703     0.577    -0.040     0.012
         *     2.400     2.440         *         *         *     4.000     5.000     4.000         *         *         *     0.000     1.000     0.000    -5.761     0.000     2.000     0.000     3.000     6.000    13.000    16.000    19.000     2.631     0.201    -0.045     0.015     4.678     0.416    -0.013     0.012
     1.800     1.880     1.730         *         *         *     7.000     6.000     6.000         *         *         *     0.000     1.000     0.000    -5.761     0.000    12.000     0.000     3.000     6.000    13.000    16.000    19.000     2.072     0.167    -0.051     0.014     6.267     0.416    -0.036     0.012
     2.500     2.350     2.300     1.710         *         *     7.000     7.000     9.000     8.000         *         *     0.000     0.000     0.000    -6.973     2.000     8.000     0.000     3.000     6.000    13.000    16.000    19.000     2.565     0.156    -0.052     0.013     7.562     0.378    -0.040     0.012
     3.100     3.100     2.600     2.530     1.270     1.450     6.000     6.000     5.000     6.000     7.000     5.000     0.000     0.000     1.000    -7.570     3.000     2.000     0.000     3.000     6.000    13.000    16.000    19.000     2.920     0.152    -0.062     0.011     6.187     0.334    -0.039     0.012
     3.700         *     3.520     3.520         *     3.500     7.000     6.000     7.000     5.000     6.000     7.000     0.000     1.000     0.000    -4.978     0.000     4.000     0.000     3.000     6.000    13.000    16.000    19.000     3.724     0.173    -0.025     0.012     6.296     0.334    -0.005     0.012
     3.600     3.450     3.550     3.250     3.200     3.160     7.000     9.000     8.000     6.000     6.000     6.000     0.000     1.000     0.000    -4.978     0.000     2.000     0.000     3.000     6.000    13.000    16.000    19.000     3.584     0.152    -0.028     0.011     6.895     0.334    -0.011     0.012
         *     3.150     2.850     2.160     1.600         *         *     4.000     5.000     4.000     4.000         *     0.000     0.000     0.000    -3.816     0.000     3.000     0.000     3.000     6.000    13.000    16.000    19.000     2.968     0.178    -0.058     0.013     4.681     0.389    -0.020     0.012
         *     2.900     3.100     3.250     1.380     0.920     6.000     8.000     7.000     6.000     7.000     8.000     0.000     0.000     0.000    -6.917     1.000     3.000     0.000     3.000     6.000    13.000    16.000    19.000     3.076     0.177    -0.068     0.012     6.956     0.335    -0.021     0.012
     3.400     3.050     3.300     2.220     2.260         *     8.000     7.000         *     6.000     7.000     6.000     0.000     0.000     0.000    -6.917     1.000     2.000     0.000     3.000     6.000    13.000    16.000    19.000     3.215     0.153    -0.051     0.012     6.821     0.360    -0.023     0.012
     2.800     2.200     2.330     1.620     1.090     0.770     4.000     5.000     4.000     5.000     5.000     5.000     0.000     1.000     0.000    -6.092     0.000    -2.000     0.000     3.000     6.000    13.000    16.000    19.000     2.456     0.152    -0.069     0.011     4.815     0.334    -0.009     0.012
     2.100     1.500     1.400     1.140         *         *     4.000     4.000     5.000     4.000         *         *     0.000     1.000     0.000    -6.092     0.000    -3.000     0.000     3.000     6.000    13.000    16.000    19.000     1.881     0.156    -0.053     0.013     4.516     0.378    -0.017     0.012
     1.500     0.850     0.700     0.790     0.460         *     4.000     6.000     5.000     7.000     4.000         *     0.000     1.000     1.000    -6.716     0.000    -7.000     0.000     3.000     6.000    13.000    16.000    19.000     1.290     0.153    -0.048     0.012     5.320     0.352    -0.031     0.012
     1.800         *     1.650     0.990     0.950     1.110     4.000     4.000     4.000     4.000     4.000     5.000     0.000     1.000     0.000    -6.716     1.000    -2.000     0.000     3.000     6.000    13.000    16.000    19.000     1.907     0.169    -0.052     0.011     4.515     0.334    -0.019     0.012
         *     3.400     3.540         *         *         *     6.000         *     7.000         *         *         *     0.000     1.000     1.000    -7.611     1.000     2.000     0.000     3.000     6.000    13.000    16.000    19.000     3.470     0.201    -0.031     0.015     6.316     0.478    -0.018     0.012
     1.500     1.350     1.050     0.990         *         *     5.000     5.000     6.000     4.000         *         *     0.000     0.000     0.000    -8.361     0.000     8.000     0.000     3.000     6.000    13.000    16.000    19.000     1.652     0.156    -0.056     0.013     5.302     0.378    -0.042     0.012
     2.400     2.500     1.850         *         *         *     6.000     4.000     5.000         *         *         *     0.000     0.000     0.000    -8.138     1.000    -6.000     0.000     3.000     6.000    13.000    16.000    19.000     2.418     0.167    -0.047     0.014     5.140     0.416    -0.019     0.012
     2.000     2.300         *         *         *         *     5.000     5.000         *         *         *         *     0.000     0.000     1.000    -7.810     0.000    -3.000     0.000     3.000     6.000    13.000    16.000    19.000     2.250     0.196    -0.039     0.015     5.103     0.476    -0.032     0.012
     1.800     2.300     2.330     2.080         *         *     5.000     6.000     4.000     6.000         *         *     0.000     0.000     0.000    -7.325     1.000     2.000     0.000     3.000     6.000    13.000    16.000    19.000     2.392     0.156    -0.038     0.013     5.467     0.378    -0.028     0.012
     2.900     3.050     2.700     1.770     2.190     1.620     5.000     6.000     7.000     6.000     6.000         *     0.000     1.000     0.000    -8.939     0.000     0.000     0.000     3.000     6.000    13.000    16.000    19.000     2.886     0.152    -0.055     0.011     5.928     0.352    -0.007     0.012
     3.000         *     2.900     2.500     1.550         *     6.000     5.000     5.000     5.000     5.000         *     0.000     1.000     0.000    -8.908     0.000     2.000     0.000     3.000     6.000    13.000    16.000    19.000     2.932     0.171    -0.052     0.012     5.326     0.352    -0.010     0.012
     2.000     1.400     1.590     0.590     0.750         *     7.000     8.000     9.000     6.000     6.000     7.000     0.000     1.000     0.000    -7.710     2.000    18.000     0.000     3.000     6.000    13.000    16.000    19.000     1.887     0.153    -0.068     0.012     7.482     0.334    -0.054     0.012
     2.600     2.500     2.550     2.460         *     1.960     6.000     4.000     5.000     5.000     6.000         *     0.000     1.000     0.000    -7.209     0.000    -9.000     0.000     3.000     6.000    13.000    16.000    19.000     2.691     0.154    -0.035     0.011     5.173     0.352     0.001     0.012
     2.000     1.880     1.990     1.610         *         *     5.000     5.000     5.000     5.000         *         *     0.000     0.000     0.000    -6.906     0.000     2.000     0.000     3.000     6.000    13.000    16.000    19.000     2.189     0.156    -0.047     0.013     5.206     0.378    -0.028     0.012
     2.200     2.180     2.410     1.760     1.710     1.320     7.000     6.000     6.000     4.000     5.000     4.000     0.000     0.000     0.000    -6.906     0.000    -4.000     0.000     3.000     6.000    13.000    16.000    19.000     2.373     0.152    -0.046     0.011     5.535     0.334    -0.026     0.012
     3.000     2.610     2.890         *         *         *     6.000     5.000     4.000         *         *         *     0.000     1.000     0.000    -7.500     0.000    -2.000     0.000     3.000     6.000    13.000    16.000    19.000     2.922     0.167    -0.040     0.014     5.128     0.416    -0.006     0.012
     3.400     2.980     3.230     2.620     2.790     2.390     7.000     7.000     7.000     7.000     6.000     7.000     0.000     0.000     0.000    -7.563     0.000    -5.000     0.000     3.000     6.000    13.000    16.000    19.000     3.247     0.152    -0.039     0.011     6.660     0.334    -0.009     0.012
         *         *     2.870     2.630     2.560     2.600         *         *     7.000     6.000     7.000     6.000     0.000     1.000     0.000    -0.861     2.000    -4.000     0.000     3.000     6.000    13.000    16.000    19.000     3.053     0.205    -0.032     0.012     6.494     0.403    -0.014     0.012
         *         *     2.980     2.260     1.820     3.050         *         *     5.000     4.000     4.000     4.000     0.000     1.000     0.000    -0.828     3.000    -2.000     0.000     3.000     6.000    13.000    16.000    19.000     2.944     0.205    -0.034     0.012     4.897     0.403    -0.021     0.012
     4.400     4.550     4.490     4.040     4.290         *     9.000     9.000     6.000     8.000     8.000         *     0.000     0.000     0.000    -7.908     1.000    19.000     0.000     3.000     6.000    13.000    16.000    19.000     4.533     0.153    -0.031     0.012     7.931     0.352    -0.024     0.012
     3.700     3.900     4.010     3.510     3.250         *     8.000     7.000     8.000     9.000     8.000         *     0.000     0.000     0.000    -7.895     3.000    12.000     0.000     3.000     6.000    13.000    16.000    19.000     3.940     0.153    -0.038     0.012     7.953     0.352    -0.028     0.012
     1.700     1.390     1.680     1.040         *         *     4.000     4.000     4.000     4.000         *         *     1.000     1.000     1.000    -7.145     1.000    12.000     0.000     3.000     6.000    13.000    16.000    19.000     1.697     0.156    -0.034     0.013     4.359     0.378    -0.018     0.012
     2.700     3.250     3.440     3.150     2.910     2.790     4.000     5.000     6.000     4.000     6.000     5.000     0.000     0.000     0.000    -6.911     1.000     6.000     0.000     3.000     6.000    13.000    16.000    19.000     3.308     0.152    -0.029     0.011     5.315     0.334    -0.019     0.012
         *     3.530     3.200     1.960         *         *     6.000     7.000     6.000     5.000         *         *     0.000     1.000     0.000    -7.683     0.000     6.000     0.000     3.000     6.000    13.000    16.000    19.000     3.251     0.183    -0.054     0.013     6.001     0.378    -0.013     0.012
     3.300     3.120     3.230     2.780     2.230     2.130     6.000     7.000     4.000     6.000     4.000     7.000     0.000     1.000     0.000    -8.208     1.000    -4.000     0.000     3.000     6.000    13.000    16.000    19.000     3.211     0.152    -0.047     0.011     5.681     0.334    -0.003     0.012
     3.400         *     2.740         *         *         *     4.000     5.000     5.000         *         *         *     0.000     1.000     0.000    -7.419     1.000     0.000     0.000     3.000     6.000    13.000    16.000    19.000     3.138     0.198    -0.044     0.014     4.972     0.416    -0.006     0.012
     2.900     2.750         *         *         *         *     6.000     7.000         *         *         *         *     0.000     1.000     0.000    -9.153     0.000    -1.000     0.000     3.000     6.000    13.000    16.000    19.000     2.877     0.196    -0.041     0.015     6.125     0.476    -0.008     0.012
         *     2.350     2.500         *     1.060     1.770     7.000     5.000     7.000         *     7.000     5.000     0.000     1.000     0.000    -9.156     0.000     3.000     0.000     3.000     6.000    13.000    16.000    19.000     2.544     0.183    -0.054     0.012     6.196     0.356    -0.018     0.012
     1.200     1.100         *         *         *         *     5.000     5.000         *         *     4.000         *     0.000     1.000     0.000    -8.202     0.000    -2.000     0.000     3.000     6.000    13.000    16.000    19.000     1.426     0.196    -0.051     0.015     4.914     0.422    -0.026     0.012
     3.100     3.300     3.490     2.890     2.630     2.510     6.000     5.000     5.000     7.000     7.000     7.000     0.000     1.000     0.000   -10.234     0.000    11.000     0.000     3.000     6.000    13.000    16.000    19.000     3.401     0.152    -0.043     0.011     6.187     0.334    -0.007     0.012
     3.000     3.100     3.310     2.830     2.440     2.420     8.000     6.000     6.000     6.000     8.000     8.000     0.000     1.000     0.000   -10.126     0.000    10.000     0.000     3.000     6.000    13.000    16.000    19.000     3.261     0.152    -0.042     0.011     6.921     0.334    -0.012     0.012
     3.100     2.900     2.700     2.680     1.800     2.080     7.000     6.000     6.000     5.000     6.000     6.000     0.000     1.000     0.000   -11.108     0.000     4.000     0.000     3.000     6.000    13.000    16.000    19.000     3.007     0.152    -0.049     0.011     6.044     0.334    -0.012     0.012
     3.400     3.800     3.780     3.080     2.410         *     4.000     5.000     6.000     5.000     6.000     6.000     0.000     1.000     0.000   -10.317     0.000     2.000     0.000     3.000     6.000    13.000    16.000    19.000     3.607     0.153    -0.046     0.012     5.340     0.334     0.005     0.012
         *     1.750     2.280         *         *         *     6.000     5.000     5.000         *         *         *     1.000     1.000     0.000   -10.169     0.000     4.000     0.000     3.000     6.000    13.000    16.000    19.000     2.196     0.201    -0.026     0.015     5.189     0.416     0.011     0.012
     2.600         *     2.300     1.540     1.730         *     5.000     5.000     5.000     5.000     6.000         *     0.000     1.000     0.000   -11.281     2.000     2.000     0.000     3.000     6.000    13.000    16.000    19.000     2.546     0.171    -0.053     0.012     5.445     0.352    -0.018     0.012
     4.000     4.000     3.990         *         *         *     6.000     7.000     7.000         *         *         *     0.000     1.000     0.000   -10.214     2.000    18.000     0.000     3.000     6.000    13.000    16.000    19.000     4.065     0.167    -0.040     0.014     6.775     0.416    -0.020     0.012
     3.200     3.350     2.760         *         *         *     6.000     7.000     6.000         *         *         *     0.000     1.000     0.000   -10.214     3.000    15.000     0.000     3.000     6.000    13.000    16.000    19.000     3.270     0.167    -0.048     0.014     6.545     0.416    -0.031     0.012
     2.700         *         *         *         *         *     4.000         *         *         *         *         *     0.000     1.000     0.000   -11.850     0.000     4.000     0.000     3.000     6.000    13.000    16.000    19.000     2.784     0.260    -0.045     0.015     4.860     0.577    -0.010     0.012
         *         *         *         *         *         *     5.000         *         *         *         *         *     0.000     1.000     0.000   -11.850     0.000     1.000     0.000     3.000     6.000    13.000    16.000    19.000     2.935     0.517    -0.043     0.015     5.285     0.578    -0.006     0.014
     3.900     3.500     3.420     3.250     3.380     3.240     6.000     7.000     7.000     5.000     4.000     5.000     0.000     0.000     0.000   -10.578     2.000    12.000     0.000     3.000     6.000    13.000    16.000    19.000     3.750     0.152    -0.034     0.011     6.078     0.334    -0.031     0.012
     3.100     3.000     2.750     2.900     2.780     2.420     6.000     6.000     6.000     6.000     7.000     7.000     0.000     1.000     0.000   -10.526     2.000    19.000     0.000     3.000     6.000    13.000    16.000    19.000     3.244     0.152    -0.041     0.011     6.622     0.334    -0.028     0.012
     3.600     3.500     3.100     3.440     3.390     2.420     7.000     6.000     7.000     8.000     6.000     4.000     0.000     1.000     1.000   -13.750     1.000     8.000     0.000     3.000     6.000    13.000    16.000    19.000     3.532     0.152    -0.034     0.011     6.513     0.334    -0.025     0.012
         *     2.350     2.650     1.870     1.920         *     7.000     8.000     7.000     7.000     7.000         *     0.000     1.000     1.000   -13.578     1.000    12.000     0.000     3.000     6.000    13.000    16.000    19.000     2.685     0.178    -0.046     0.013     7.240     0.353    -0.038     0.012
     2.800     2.500     2.540     2.260     2.210     2.110     5.000     6.000     5.000     5.000     5.000     4.000     0.000     0.000     0.000   -11.089     3.000     0.000     0.000     3.000     6.000    13.000    16.000    19.000     2.799     0.152    -0.040     0.011     5.423     0.334    -0.029     0.012
     3.100     3.000     2.800         *         *         *     5.000     5.000     6.000         *         *         *     0.000     1.000     0.000   -13.100     1.000     2.000     0.000     3.000     6.000    13.000    16.000    19.000     3.093     0.167    -0.043     0.014     5.489     0.416    -0.008     0.012
     3.900     3.900         *     3.540     2.970     2.840     7.000     6.000     7.000     7.000     6.000     6.000     0.000     0.000     0.000   -13.384     0.000    10.000     0.000     3.000     6.000    13.000    16.000    19.000     3.868     0.164    -0.046     0.011     6.544     0.334    -0.014     0.012
     3.300     2.850     2.910     2.630     2.760     2.750     6.000     8.000     7.000     6.000     6.000     8.000     0.000     1.000     0.000   -11.892     0.000    -2.000     0.000     3.000     6.000    13.000    16.000    19.000     3.161     0.152    -0.032     0.011     6.626     0.334    -0.001     0.012
     3.200     2.800     3.170     2.240         *         *     8.000     8.000     8.000     9.000         *         *     0.000     0.000     0.000   -11.892     0.000     0.000     0.000     3.000     6.000    13.000    16.000    19.000     3.109     0.156    -0.045     0.013     7.698     0.378    -0.015     0.012
     3.400         *     2.890         *         *         *     6.000     6.000     6.000         *         *         *     0.000     1.000     0.000   -11.624     1.000     6.000     0.000     3.000     6.000    13.000    16.000    19.000     3.260     0.198    -0.044     0.014     6.036     0.416    -0.012     0.012
     2.200     2.200     1.900     1.860     1.760         *     7.000     6.000     8.000     8.000     6.000         *     0.000     1.000     0.000   -14.545     2.000    13.000     0.000     3.000     6.000    13.000    16.000    19.000     2.425     0.153    -0.047     0.012     7.103     0.352    -0.035     0.012
     2.400         *         *         *         *         *     5.000         *         *         *         *         *     0.000     0.000     0.000   -12.689     1.000    -3.000     0.000     3.000     6.000    13.000    16.000    19.000     2.549     0.260    -0.044     0.015     5.278     0.577    -0.018     0.012
     2.900         *         *         *         *         *     5.000         *         *         *         *         *     0.000     1.000     1.000   -13.725     0.000     4.000     0.000     3.000     6.000    13.000    16.000    19.000     2.890     0.260    -0.039     0.015     5.340     0.577    -0.019     0.012
     3.000         *         *         *         *         *     5.000         *         *         *         *         *     0.000     1.000     0.000   -13.725     0.000     2.000     0.000     3.000     6.000    13.000    16.000    19.000     3.015     0.260    -0.042     0.015     5.318     0.577    -0.005     0.012
     3.100     3.120     3.120         *         *         *     5.000     5.000     4.000         *         *         *     1.000     0.000     1.000   -13.124     0.000     8.000     0.000     3.000     6.000    13.000    16.000    19.000     3.111     0.167    -0.018     0.014     4.807     0.416     0.003     0.012
     3.600     3.400     3.630         *         *         *     7.000     7.000     6.000         *         *         *     0.000     0.000     0.000   -12.884     0.000    10.000     0.000     3.000     6.000    13.000    16.000    19.000     3.642     0.167    -0.040     0.014     6.534     0.416    -0.018     0.012
     4.000     3.600     3.700     3.440     3.500     3.110     8.000     7.000     6.000     7.000     6.000     8.000     0.000     0.000     1.000   -15.213     0.000    13.000     0.000     3.000     6.000    13.000    16.000    19.000     3.861     0.152    -0.034     0.011     7.076     0.334    -0.026     0.012
     3.900     3.500     3.650     3.540     2.500     3.020     8.000     4.000     9.000     8.000     7.000     5.000     0.000     0.000     0.000   -15.210     1.000    10.000     0.000     3.000     6.000    13.000    16.000    19.000     3.768     0.152    -0.045     0.011     6.901     0.334    -0.019     0.012
     3.100     3.000     3.100     2.780     1.740     2.360     7.000     6.000     7.000     6.000     6.000     6.000     0.000     1.000     0.000   -16.081     1.000     9.000     0.000     3.000     6.000    13.000    16.000    19.000     3.165     0.152    -0.050     0.011     6.442     0.334    -0.017     0.012
     3.100     3.220     3.200         *         *         *     6.000     7.000     8.000         *         *         *     0.000     1.000     0.000   -15.059     0.000     0.000     0.000     3.000     6.000    13.000    16.000    19.000     3.270     0.167    -0.036     0.014     6.613     0.416    -0.001     0.012
     2.800     3.000     3.040     3.410     3.360         *     5.000     7.000     5.000     5.000     6.000         *     0.000     1.000     1.000   -15.059     0.000    -7.000     0.000     3.000     6.000    13.000    16.000    19.000     3.159     0.153    -0.009     0.012     5.578     0.352    -0.003     0.012
     3.000     3.150         *     3.090     2.900     2.750     5.000     6.000         *     6.000     6.000     6.000     0.000     0.000     0.000   -16.732     0.000     1.000     0.000     3.000     6.000    13.000    16.000    19.000     3.296     0.164    -0.030     0.011     5.815     0.360    -0.006     0.012
     2.800     2.900     2.500     2.650     1.760     1.200     5.000     4.000     6.000     7.000     4.000     4.000     0.000     1.000     1.000   -16.721     1.000     1.000     0.000     3.000     6.000    13.000    16.000    19.000     2.811     0.152    -0.054     0.011     5.270     0.334    -0.020     0.012
     3.000     3.250     2.800     2.520     2.210     2.550     7.000     7.000     7.000     6.000     5.000     6.000     0.000     1.000     0.000   -17.606     1.000     2.000     0.000     3.000     6.000    13.000    16.000    19.000     3.114     0.152    -0.041     0.011     6.365     0.334    -0.012     0.012
     2.800     2.550     2.450     1.990     2.550     1.710     5.000     4.000     5.000     5.000     5.000     5.000     0.000     1.000     0.000   -17.381     1.000     3.000     0.000     3.000     6.000    13.000    16.000    19.000     2.797     0.152    -0.045     0.011     5.067     0.334    -0.009     0.012
     3.600     3.650     3.570     3.280     3.150     2.340     6.000     5.000     5.000         *     3.000     3.000     0.000     1.000     0.000   -15.594     1.000    13.000     0.000     3.000     6.000    13.000    16.000    19.000     3.679     0.152    -0.046     0.011     4.931     0.356    -0.018     0.012
     4.600     4.120     4.490     4.490     3.400     3.900     9.000     6.000     9.000     7.000     7.000     8.000     0.000     1.000     0.000   -15.538     0.000     7.000     0.000     3.000     6.000    13.000    16.000    19.000     4.415     0.152    -0.032     0.011     7.389     0.334     0.004     0.012
     3.200     3.500     3.620     3.440         *     3.100     6.000     3.000     5.000     5.000     4.000     4.000     0.000     1.000     0.000   -15.242     0.000    15.000     0.000     3.000     6.000    13.000    16.000    19.000     3.619     0.154    -0.031     0.011     4.893     0.334    -0.012     0.012
     3.100     2.850     2.570         *         *         *     3.000     3.000     4.000         *         *         *     0.000     0.000     0.000   -15.605     0.000    10.000     0.000     3.000     6.000    13.000    16.000    19.000     3.038     0.167    -0.051     0.014     4.068     0.416    -0.017     0.012
     3.700     3.680     3.250         *         *         *     5.000     6.000     4.000         *         *         *     0.000     0.000     0.000   -15.603     0.000    11.000     0.000     3.000     6.000    13.000    16.000    19.000     3.662     0.167    -0.045     0.014     5.324     0.416    -0.014     0.012
     3.300     3.250     3.330     2.570     2.240     2.430     5.000     5.000     6.000     5.000     6.000     5.000     0.000     1.000     0.000   -18.250     0.000    12.000     0.000     3.000     6.000    13.000    16.000    19.000     3.357     0.152    -0.052     0.011     5.520     0.334    -0.009     0.012
         *         *     2.980     2.310     2.070     1.950         *         *     5.000     5.000     5.000     5.000     0.000     1.000     0.000   -11.721     2.000    -2.000     0.000     3.000     6.000    13.000    16.000    19.000     2.962     0.205    -0.048     0.012     5.305     0.403    -0.010     0.012
         *         *     3.170     2.910     2.780     2.760         *         *     5.000     4.000     5.000     5.000     0.000     1.000     1.000   -11.721     0.000    -3.000     0.000     3.000     6.000    13.000    16.000    19.000     3.227     0.205    -0.028     0.012     4.991     0.403    -0.008     0.012
         *         *         *     2.020     1.760         *         *         *         *     6.000     4.000         *     0.000     0.000     1.000    -4.306     0.000     6.000     0.000     3.000     6.000    13.000    16.000    19.000     2.547     0.248    -0.044     0.013     5.597     0.501    -0.041     0.012
         *         *         *     3.230     2.060     2.510         *         *         *     7.000     5.000     6.000     0.000     1.000     0.000    -3.381     1.000     6.000     0.000     3.000     6.000    13.000    16.000    19.000     3.225     0.240    -0.042     0.013     6.205     0.451    -0.018     0.012
         *         *         *         *     1.920     2.720         *         *         *     6.000     6.000     6.000     0.000     1.000     0.000    -3.475     1.000     6.000     0.000     3.000     6.000    13.000    16.000    19.000     2.995     0.266    -0.039     0.013     6.222     0.451    -0.020     0.012
         *     3.200     3.330     3.100     2.990     2.450         *     7.000     5.000     6.000     6.000     7.000     0.000     0.000     0.000   -13.600     1.000     0.000     0.000     3.000     6.000    13.000    16.000    19.000     3.445     0.177    -0.039     0.012     6.214     0.365    -0.010     0.012
         *     2.950         *     1.630         *         *         *     6.000     6.000     6.000         *         *     0.000     0.000     0.000   -13.600     1.000     6.000     0.000     3.000     6.000    13.000    16.000    19.000     2.832     0.212    -0.058     0.013     6.106     0.424    -0.026     0.012
         *     3.200         *         *         *         *         *     5.000         *         *         *         *     0.000     0.000     0.000   -14.078     1.000     1.000     0.000     3.000     6.000    13.000    16.000    19.000     3.289     0.259    -0.041     0.015     5.458     0.579    -0.012     0.012
         *     3.250         *     2.140         *         *         *     6.000     6.000     6.000         *         *     0.000     1.000     0.000   -14.150     1.000     0.000     0.000     3.000     6.000    13.000    16.000    19.000     3.075     0.212    -0.048     0.013     5.965     0.424    -0.007     0.012
         *     2.750         *         *         *         *         *     6.000         *         *         *         *     0.000     0.000     0.000   -15.374     0.000     8.000     0.000     3.000     6.000    13.000    16.000    19.000     3.032     0.259    -0.046     0.015     5.940     0.579    -0.021     0.012
         *     2.700     2.650     2.360     2.360     2.000         *     4.000     6.000     4.000     4.000     5.000     0.000     1.000     1.000   -16.471     0.000    10.000     0.000     3.000     6.000    13.000    16.000    19.000     2.904     0.177    -0.042     0.012     5.074     0.365    -0.025     0.012
         *         *         *     2.570     2.220     1.950         *         *         *     5.000     5.000     5.000     0.000     1.000     0.000    -6.400     1.000    -5.000     0.000     3.000     6.000    13.000    16.000    19.000     2.851     0.240    -0.040     0.013     5.226     0.451    -0.007     0.012
         *         *         *     2.910     2.370     2.480         *         *         *     4.000     5.000     6.000     0.000     1.000     0.000    -6.406     0.000     2.000     0.000     3.000     6.000    13.000    16.000    19.000     3.165     0.240    -0.039     0.013     5.241     0.451    -0.006     0.012
         *         *         *     3.020     3.170     2.880         *         *         *     6.000     6.000     6.000     0.000     0.000     0.000    -4.598     0.000    11.000     0.000     3.000     6.000    13.000    16.000    19.000     3.591     0.240    -0.038     0.013     6.261     0.451    -0.022     0.012
         *         *         *     3.420     2.590     2.140         *         *         *     4.000     4.000     5.000     0.000     0.000     0.000    -4.542     0.000     2.000     0.000     3.000     6.000    13.000    16.000    19.000     3.333     0.240    -0.043     0.013     4.849     0.451    -0.014     0.012
         *         *         *     3.900     1.930     3.600         *         *         *     9.000     8.000     8.000     0.000     1.000     0.000    -4.589     1.000    13.000     0.000     3.000     6.000    13.000    16.000    19.000     3.708     0.240    -0.038     0.013     8.005     0.451    -0.019     0.012
         *     4.000         *     3.070     3.640     3.500         *     9.000         *     6.000     7.000     8.000     0.000     1.000     0.000   -14.570     1.000    15.000     0.000     3.000     6.000    13.000    16.000    19.000     3.981     0.196    -0.036     0.012     7.447     0.399    -0.015     0.012
         *     3.900     4.150     2.930     3.710     3.330         *     5.000     4.000     4.000     6.000     5.000     0.000     1.000     0.000   -16.377     0.000     6.000     0.000     3.000     6.000    13.000    16.000    19.000     3.975     0.177    -0.037     0.012     4.961     0.365     0.006     0.012
         *         *     3.100     2.520     2.930     2.810         *     5.000     5.000     5.000     6.000     6.000     0.000     1.000     0.000   -15.978     0.000    -5.000     0.000     3.000     6.000    13.000    16.000    19.000     3.254     0.205    -0.032     0.012     5.312     0.365     0.009     0.012
         *     3.400     2.220         *         *         *         *     5.000     6.000         *         *         *     0.000     1.000     0.000   -14.936     1.000     4.000     0.000     3.000     6.000    13.000    16.000    19.000     3.048     0.201    -0.047     0.015     5.678     0.480    -0.010     0.012
         *     3.000     1.750     1.770     1.990     2.840         *     5.000     6.000     5.000     4.000     6.000     0.000     1.000     0.000   -14.936     0.000     4.000     0.000     3.000     6.000    13.000    16.000    19.000     2.711     0.177    -0.036     0.012     5.396     0.365    -0.012     0.012
     2.400     2.650     2.200     2.280     2.600     2.340     5.000     4.000     5.000     4.000     4.000     4.000     0.000     1.000     0.000   -21.172     0.000     2.000     0.000     3.000     6.000    13.000    16.000    19.000     2.719     0.152    -0.029     0.011     4.605     0.334    -0.007     0.012
     2.700     2.600     2.700     2.740     2.240     2.440     5.000     5.000     5.000     4.000     5.000     5.000     0.000     1.000     0.000   -21.153     0.000    -2.000     0.000     3.000     6.000    13.000    16.000    19.000     2.892     0.152    -0.032     0.011     4.934     0.334     0.001     0.012
         *         *     3.580     2.760     2.310     1.930         *         *     5.000     5.000     7.000     4.000     0.000     1.000     0.000   -13.511     0.000     2.000     0.000     3.000     6.000    13.000    16.000    19.000     3.336     0.205    -0.054     0.012     5.348     0.403    -0.002     0.012
         *         *     3.520     3.490     3.470     3.320         *         *     7.000     5.000     6.000     6.000     0.000     0.000     0.000   -13.511     0.000     0.000     0.000     3.000     6.000    13.000    16.000    19.000     3.775     0.205    -0.028     0.012     5.970     0.403    -0.003     0.012
         *         *         *     2.640     1.160     2.440         *         *         *     6.000     5.000     6.000     0.000     0.000     1.000    -5.653     0.000    -5.000     0.000     3.000     6.000    13.000    16.000    19.000     2.622     0.240    -0.035     0.013     5.825     0.451    -0.026     0.012
         *         *         *     4.180     3.500     3.300         *         *         *     7.000     8.000         *     0.000     0.000     0.000    -5.650     0.000     3.000     0.000     3.000     6.000    13.000    16.000    19.000     4.043     0.240    -0.031     0.013     6.922     0.501    -0.006     0.012
         *     4.100     3.900     3.880     3.590     3.360         *     8.000     9.000     8.000     6.000     9.000     0.000     1.000     0.000   -15.495     0.000    17.000     0.000     3.000     6.000    13.000    16.000    19.000     4.170     0.177    -0.038     0.012     7.802     0.365    -0.010     0.012
         *     4.050     4.530     2.680     3.800     3.850         *     8.000     7.000     8.000     9.000     8.000     0.000     1.000     0.000   -15.495     0.000    21.000     0.000     3.000     6.000    13.000    16.000    19.000     4.226     0.177    -0.040     0.012     7.829     0.365    -0.010     0.012
         *     2.500     2.050     1.320     1.970     2.030         *     6.000     6.000     6.000     7.000     6.000     0.000     1.000     0.000   -17.758     1.000     1.000     0.000     3.000     6.000    13.000    16.000    19.000     2.533     0.177    -0.044     0.012     6.222     0.365    -0.012     0.012
     3.800     3.800     3.700     2.970     2.600     2.780     4.000     6.000     6.000     4.000     4.000     5.000     0.000     1.000     0.000   -21.450     0.000     5.000     0.000     3.000     6.000    13.000    16.000    19.000     3.725     0.152    -0.050     0.011     4.979     0.334     0.003     0.012
     2.900     2.850     2.400     2.440     1.560     2.290     8.000     6.000     8.000     6.000     6.000     8.000     0.000     1.000     0.000   -21.450     2.000     0.000     0.000     3.000     6.000    13.000    16.000    19.000     2.875     0.152    -0.046     0.011     6.932     0.334    -0.012     0.012
         *         *         *         *     1.210         *         *         *         *     4.000     5.000         *     0.000     1.000     0.000    -8.367     0.000     0.000     0.000     3.000     6.000    13.000    16.000    19.000     2.209     0.293    -0.053     0.013     4.952     0.501    -0.016     0.012
     3.800     3.900         *     3.330     3.360     2.860     5.000     6.000         *     7.000     5.000     6.000     0.000     1.000     0.000   -21.525     0.000    10.000     0.000     3.000     6.000    13.000    16.000    19.000     3.866     0.164    -0.042     0.011     5.843     0.360     0.001     0.012
     3.500     3.100         *     2.690     2.220     2.620     6.000     5.000         *     6.000     6.000     7.000     0.000     0.000     0.000   -21.522     3.000     4.000     0.000     3.000     6.000    13.000    16.000    19.000     3.347     0.164    -0.048     0.011     6.207     0.360    -0.016     0.012
         *         *         *     2.190         *         *         *         *         *     3.000         *         *     0.000     0.000     0.000    -6.025     0.000    -7.000     0.000     3.000     6.000    13.000    16.000    19.000     2.658     0.282    -0.041     0.014     4.215     0.592    -0.012     0.012
         *     2.800     2.800     2.080     1.110     1.870         *     6.000     6.000     5.000     5.000     6.000     0.000     1.000     0.000   -18.745     0.000     7.000     0.000     3.000     6.000    13.000    16.000    19.000     2.858     0.177    -0.061     0.012     5.739     0.365    -0.012     0.012
         *     2.750     2.810     2.410     2.570     2.370         *     6.000     6.000     6.000     6.000     6.000     0.000     1.000     1.000   -18.691     2.000     5.000     0.000     3.000     6.000    13.000    16.000    19.000     2.999     0.177    -0.035     0.012     6.269     0.365    -0.025     0.012
         *     3.450     3.170     3.500     2.190     2.710         *     4.000     5.000     6.000     6.000     5.000     0.000     0.000     0.000   -19.009     2.000     6.000     0.000     3.000     6.000    13.000    16.000    19.000     3.540     0.177    -0.047     0.012     5.526     0.365    -0.014     0.012
         *     3.350     3.360     3.040     2.180     2.600         *     6.000     5.000     6.000     5.000     6.000     0.000     1.000     0.000   -18.854     0.000     3.000     0.000     3.000     6.000    13.000    16.000    19.000     3.426     0.177    -0.047     0.012     5.611     0.365     0.001     0.012
         *     3.060     3.090     2.650     2.520     2.350         *     6.000     6.000     6.000     6.000     6.000     0.000     0.000     0.000   -18.138     1.000     6.000     0.000     3.000     6.000    13.000    16.000    19.000     3.278     0.177    -0.046     0.012     6.162     0.365    -0.017     0.012
         *     3.300         *         *         *         *         *     6.000         *         *         *         *     0.000     1.000     0.000   -17.327     3.000     8.000     0.000     3.000     6.000    13.000    16.000    19.000     3.453     0.259    -0.042     0.015     6.370     0.579    -0.017     0.012
         *     2.100     2.570     2.300     1.900     1.630         *     5.000     6.000     5.000     5.000     5.000     0.000     0.000     0.000   -17.250     0.000    -4.000     0.000     3.000     6.000    13.000    16.000    19.000     2.630     0.177    -0.044     0.012     5.321     0.365    -0.011     0.012
         *     4.100     3.750     3.940     4.040     2.970         *     6.000     8.000     6.000     5.000     8.000     0.000     1.000     0.000   -18.731     1.000     7.000     0.000     3.000     6.000    13.000    16.000    19.000     4.114     0.177    -0.034     0.012     6.533     0.365     0.001     0.012
         *     3.780     4.290     3.980     3.140     3.650         *     6.000     8.000     6.000     8.000     8.000     0.000     1.000     0.000   -18.734     1.000     8.000     0.000     3.000     6.000    13.000    16.000    19.000     4.128     0.177    -0.034     0.012     7.010     0.365     0.002     0.012
         *     3.550     3.540     2.360         *     3.100         *     8.000     8.000     8.000         *     7.000     0.000     0.000     0.000   -19.008     3.000     2.000     0.000     3.000     6.000    13.000    16.000    19.000     3.557     0.180    -0.041     0.012     7.608     0.391    -0.019     0.012
         *     3.500     3.310     3.280     3.020     2.730         *     6.000     4.000     4.000     4.000     6.000     0.000     0.000     0.000   -19.083     1.000     8.000     0.000     3.000     6.000    13.000    16.000    19.000     3.636     0.177    -0.041     0.012     5.188     0.365    -0.013     0.012
         *     3.200     3.400     2.670     3.390     3.090         *     6.000     6.000     4.000     4.000     5.000     0.000     0.000     0.000   -20.108     1.000    12.000     0.000     3.000     6.000    13.000    16.000    19.000     3.552     0.177    -0.034     0.012     5.477     0.365    -0.022     0.012
         *     2.800     2.980     2.520         *     2.220         *     6.000     5.000     7.000         *     6.000     0.000     1.000     0.000   -19.863     2.000     7.000     0.000     3.000     6.000    13.000    16.000    19.000     3.136     0.180    -0.046     0.012     6.172     0.391    -0.013     0.012
         *     3.700     3.820     3.670     3.300     3.190         *     7.000     7.000     7.000     7.000     6.000     0.000     1.000     0.000   -19.922     1.000    13.000     0.000     3.000     6.000    13.000    16.000    19.000     3.951     0.177    -0.037     0.012     6.831     0.365    -0.009     0.012
         *         *     3.520     2.850     3.440     3.320         *         *     8.000     8.000     7.000     7.000     0.000     0.000     0.000   -17.365     1.000     5.000     0.000     3.000     6.000    13.000    16.000    19.000     3.716     0.205    -0.033     0.012     7.327     0.403    -0.013     0.012
         *         *         *     3.150     3.490     3.010         *         *         *     4.000     4.000     5.000     0.000     1.000     0.000   -10.376     1.000     3.000     0.000     3.000     6.000    13.000    16.000    19.000     3.633     0.240    -0.031     0.013     4.853     0.451    -0.004     0.012
     3.000     2.950     2.800     2.730     2.900     2.940     8.000     8.000     8.000     6.000     9.000     8.000     0.000     1.000     0.000   -24.467     0.000     4.000     0.000     3.000     6.000    13.000    16.000    19.000     3.180     0.152    -0.027     0.011     7.534     0.334    -0.003     0.012
     2.900     2.900     2.700     2.390     2.370     2.120     7.000     8.000     8.000     6.000     6.000     6.000     0.000     0.000     1.000   -24.239     3.000     1.000     0.000     3.000     6.000    13.000    16.000    19.000     2.962     0.152    -0.040     0.011     7.039     0.334    -0.036     0.012
         *     3.500     3.810     3.540     3.330     2.900         *     4.000     5.000     5.000     6.000     5.000     0.000     1.000     0.000   -20.433     3.000    -5.000     0.000     3.000     6.000    13.000    16.000    19.000     3.758     0.177    -0.033     0.012     5.159     0.365     0.007     0.012
         *     3.600     3.710     3.960     3.750     3.570         *     6.000     6.000     6.000     6.000     6.000     0.000     1.000     0.000   -20.377     3.000    -5.000     0.000     3.000     6.000    13.000    16.000    19.000     3.893     0.177    -0.019     0.012     6.007     0.365     0.005     0.012
         *         *     3.060     2.470     1.320     1.470         *     7.000     7.000     7.000     7.000     6.000     0.000     1.000     0.000   -20.299     0.000     6.000     0.000     3.000     6.000    13.000    16.000    19.000     2.983     0.205    -0.064     0.012     6.688     0.365    -0.010     0.012
         *     2.550     2.780     2.120     2.570     2.340         *     6.000     7.000     7.000     7.000     5.000     0.000     1.000     1.000   -20.286     1.000     0.000     0.000     3.000     6.000    13.000    16.000    19.000     2.854     0.177    -0.032     0.012     6.452     0.365    -0.018     0.012
         *         *     3.860     3.250     3.310     3.350         *         *     6.000     4.000     4.000     6.000     0.000     0.000     0.000   -19.303     1.000    10.000     0.000     3.000     6.000    13.000    16.000    19.000     3.939     0.205    -0.039     0.012     5.443     0.403    -0.013     0.012
         *         *     3.310     3.460         *     3.140         *         *     5.000     5.000         *     5.000     0.000     0.000     0.000   -19.303     0.000    10.000     0.000     3.000     6.000    13.000    16.000    19.000     3.752     0.212    -0.036     0.012     5.402     0.439    -0.011     0.012
         *         *         *     2.060     2.770     3.670         *         *         *     7.000     6.000     7.000     0.000     1.000     0.000   -11.224     3.000    10.000     0.000     3.000     6.000    13.000    16.000    19.000     3.347     0.240    -0.031     0.013     6.967     0.451    -0.024     0.012
         *         *         *     4.180     2.690     3.830         *         *         *     7.000     6.000     7.000     0.000     1.000     0.000   -11.055     3.000    12.000     0.000     3.000     6.000    13.000    16.000    19.000     4.047     0.240    -0.034     0.013     6.942     0.451    -0.018     0.012
     4.600         *         *         *         *         *     5.000         *         *         *         *         *     0.000     1.000     0.000   -27.605     0.000    13.000     0.000     3.000     6.000    13.000    16.000    19.000     4.451     0.260    -0.038     0.015     5.725     0.577     0.009     0.012
         *         *         *     3.140     2.620     2.620         *         *         *     7.000     6.000     7.000     0.000     1.000     0.000   -11.892     0.000     4.000     0.000     3.000     6.000    13.000    16.000    19.000     3.399     0.240    -0.039     0.013     6.455     0.451    -0.004     0.012
         *         *         *     2.240     2.890     3.080         *         *         *     6.000     6.000     7.000     0.000     0.000     0.000   -11.854     2.000    10.000     0.000     3.000     6.000    13.000    16.000    19.000     3.372     0.240    -0.038     0.013     6.683     0.451    -0.028     0.012
         *         *         *     2.390     2.650     2.470         *         *         *     4.000     4.000     5.000     0.000     1.000     0.000   -14.597     0.000     0.000     0.000     3.000     6.000    13.000    16.000    19.000     3.091     0.240    -0.038     0.013     4.694     0.451    -0.001     0.012
         *         *         *     2.260         *     1.930         *         *         *     7.000         *     5.000     0.000     1.000     0.000   -13.633     3.000     8.000     0.000     3.000     6.000    13.000    16.000    19.000     2.950     0.256    -0.049     0.013     6.474     0.505    -0.027     0.012
         *         *     3.670     3.330     2.790         *         *         *     5.000     6.000     6.000         *     0.000     1.000     0.000   -19.333     0.000    16.000     0.000     3.000     6.000    13.000    16.000    19.000     3.808     0.208    -0.047     0.013     5.909     0.436    -0.008     0.012
         *         *     3.390     3.100     3.310     2.290         *         *         *     6.000     5.000     6.000     0.000     1.000     0.000   -19.275     1.000     8.000     0.000     3.000     6.000    13.000    16.000    19.000     3.612     0.205    -0.044     0.012     5.893     0.450    -0.006     0.012
         *         *         *     1.920     2.340     2.370         *         *         *     6.000     8.000     4.000     0.000     1.000     0.000   -12.616     0.000    -4.000     0.000     3.000     6.000    13.000    16.000    19.000     2.801     0.240    -0.036     0.013     5.856     0.451    -0.003     0.012
         *         *         *     2.170     3.020         *         *         *         *     6.000     5.000     7.000     0.000     1.000     0.000   -12.560     0.000    -2.000     0.000     3.000     6.000    13.000    16.000    19.000     3.093     0.248    -0.035     0.013     5.850     0.451     0.000     0.012
         *         *         *     2.520     2.050     2.000         *         *         *     4.000     4.000     6.000     0.000     1.000     0.000   -14.828     1.000    10.000     0.000     3.000     6.000    13.000    16.000    19.000     3.037     0.240    -0.051     0.013     5.279     0.451    -0.017     0.012
         *         *         *     3.620     3.660     2.930         *         *         *     4.000     6.000     7.000     0.000     1.000     0.000   -15.194     2.000     8.000     0.000     3.000     6.000    13.000    16.000    19.000     3.934     0.240    -0.037     0.013     5.971     0.451    -0.006     0.012
         *         *         *     3.380     2.440     3.290         *         *         *     5.000     6.000     6.000     0.000     1.000     0.000   -15.299     1.000    10.000     0.000     3.000     6.000    13.000    16.000    19.000     3.632     0.240    -0.038     0.013     5.956     0.451    -0.010     0.012
         *         *         *     2.850     1.650     1.340         *         *         *     7.000     4.000     6.000     0.000     0.000     0.000   -13.798     3.000    13.000     0.000     3.000     6.000    13.000    16.000    19.000     3.010     0.240    -0.063     0.013     6.412     0.451    -0.040     0.012
         *         *         *     3.460         *         *         *         *         *     8.000         *         *     0.000     1.000     0.000   -14.888     2.000    10.000     0.000     3.000     6.000    13.000    16.000    19.000     3.850     0.282    -0.037     0.014     7.307     0.592    -0.012     0.012
         *         *         *     3.790     3.760     4.130         *         *         *     7.000     6.000     8.000     0.000     1.000     0.000   -15.466     2.000    17.000     0.000     3.000     6.000    13.000    16.000    19.000     4.325     0.240    -0.030     0.013     7.141     0.451    -0.013     0.012
         *         *         *     2.190     1.610         *         *         *         *     6.000     4.000     5.000     0.000     1.000     1.000   -16.480     0.000     1.000     0.000     3.000     6.000    13.000    16.000    19.000     2.570     0.248    -0.043     0.013     5.364     0.451    -0.020     0.012
         *         *         *     3.660         *     3.440         *         *         *     5.000         *     5.000     0.000     1.000     0.000   -16.917     2.000     1.000     0.000     3.000     6.000    13.000    16.000    19.000     3.891     0.256    -0.029     0.013     5.462     0.505     0.000     0.012
         *         *         *     3.330     3.830     3.670         *         *         *     7.000     6.000     7.000     0.000     1.000     0.000   -16.869     2.000     7.000     0.000     3.000     6.000    13.000    16.000    19.000     4.009     0.240    -0.028     0.013     6.686     0.451    -0.005     0.012
         *         *         *     3.860     3.250     3.480         *         *         *     6.000     6.000     6.000     0.000     1.000     1.000   -18.436     0.000     2.000     0.000     3.000     6.000    13.000    16.000    19.000     3.828     0.240    -0.024     0.013     5.980     0.451    -0.003     0.012
         *         *         *     2.050     1.730     2.110         *         *         *     6.000     7.000     6.000     0.000     1.000     0.000   -18.800     2.000     2.000     0.000     3.000     6.000    13.000    16.000    19.000     2.789     0.240    -0.047     0.013     6.416     0.451    -0.015     0.012
         *         *         *     3.510     3.410     3.390         *         *         *     5.000     6.000     7.000     0.000     1.000     1.000   -18.527     1.000    19.000     0.000     3.000     6.000    13.000    16.000    19.000     3.946     0.240    -0.034     0.013     6.482     0.451    -0.025     0.012
         *         *         *     3.310     3.390     2.040         *         *         *     5.000     5.000     5.000     0.000     1.000     0.000   -18.645     1.000    22.000     0.000     3.000     6.000    13.000    16.000    19.000     3.777     0.240    -0.054     0.013     5.744     0.451    -0.021     0.012
         *         *         *     2.680         *         *         *         *         *     5.000         *         *     0.000     1.000     0.000   -17.059     1.000    18.000     0.000     3.000     6.000    13.000    16.000    19.000     3.421     0.282    -0.049     0.014     5.970     0.592    -0.022     0.012
         *         *         *     3.880     3.490     3.360         *         *         *     7.000     5.000     6.000     0.000     1.000     0.000   -16.867     0.000    11.000     0.000     3.000     6.000    13.000    16.000    19.000     4.069     0.240    -0.035     0.013     6.078     0.451    -0.002     0.012
