   300.000         *         *         *         *         *         *    24.000    20.000         *         *         *         *         *     2.687    11.000     8.000     1.000     1.000     0.000     1.000     2.000         *         *         *         *         *   354.350    55.385   -15.766    11.618    22.328     2.556     0.764     0.594
   550.000   300.000   600.000   450.000   530.000   510.000   460.000    24.000    29.000    24.000    25.000    19.000    21.000    30.000    10.712     9.000     8.000     0.000     0.000     0.000     1.000     2.000     3.000     4.000     5.000     6.000     7.000   517.339    38.109   -10.077     7.659    24.199     2.124     0.055     0.408
   400.000         *         *         *         *         *         *    31.000    35.000         *         *         *         *         *    15.259    13.000     3.000     1.000     0.000     1.000     1.000     2.000         *         *         *         *         *   415.009    55.385   -25.428    11.618    33.205     2.556    -1.199     0.594
   300.000         *   540.000   170.000         *         *         *    20.000    13.000    18.000    14.000    19.000    13.000         *     0.856     6.000     6.000     0.000     0.000     0.000     1.000     2.000     3.000     4.000     5.000     6.000         *   447.090    43.719   -38.212     9.808    15.639     2.225     0.375     0.486
   450.000   350.000         *         *         *         *         *    33.000    27.000    22.000    23.000    20.000    30.000         *    13.819    13.000    -8.000     0.000     0.000     0.000     1.000     2.000     3.000     4.000     5.000     6.000         *   437.390    44.049   -30.564     9.956    29.100     2.259    -1.069     0.501
   850.000   570.000   580.000   500.000   470.000   420.000   260.000    34.000    24.000    34.000    33.000    30.000    28.000    17.000     2.605    11.000    13.000     1.000     0.000     0.000     1.000     2.000     3.000     4.000     5.000     6.000     7.000   751.636    38.109   -59.260     7.659    30.863     2.124    -0.662     0.408
   470.000         *   460.000   450.000         *         *         *    16.000    28.000    30.000    29.000    25.000         *         *     1.272     9.000    -2.000     0.000     1.000     0.000     1.000     2.000     3.000     4.000     5.000         *         *   509.136    44.384   -22.015    10.309    22.863     2.225     0.837     0.521
   410.000         *   450.000         *         *         *   410.000    31.000    32.000    25.000    16.000    23.000    15.000    21.000     9.091    10.000     8.000     0.000     1.000     1.000     1.000     2.000     3.000     4.000     5.000     6.000     7.000   469.251    45.564   -17.171     8.258    28.509     2.154    -1.335     0.421
   300.000   450.000   300.000         *         *   250.000         *    33.000    31.000    29.000    31.000    25.000         *    28.000     1.737    13.000    14.000     0.000     1.000     0.000     1.000     2.000     3.000     4.000     5.000     6.000     7.000   379.165    39.948   -14.334     8.622    32.149     2.179    -0.800     0.441
   450.000   550.000   450.000   480.000   400.000   350.000   280.000     9.000    22.000    21.000    18.000    18.000    18.000    20.000    15.065     5.000    -6.000     1.000     1.000     0.000     1.000     2.000     3.000     4.000     5.000     6.000     7.000   538.283    38.109   -31.121     7.659    15.191     2.124     0.719     0.408
   450.000   600.000   500.000   340.000   300.000   250.000   220.000     5.000     6.000     9.000     8.000     6.000     6.000     5.000    10.156     5.000     0.000     0.000     1.000     1.000     1.000     2.000     3.000     4.000     5.000     6.000     7.000   559.609    38.109   -45.464     7.659     9.268     2.124    -0.545     0.408
   450.000   210.000   300.000   250.000   240.000         *         *    23.000    18.000    19.000    19.000    19.000    23.000    12.000    16.352    10.000    -2.000     0.000     1.000     0.000     1.000     2.000     3.000     4.000     5.000     6.000     7.000   353.722    38.333   -19.864     8.835    23.439     2.189    -1.146     0.435
   400.000   480.000   450.000   450.000   400.000   350.000   260.000    20.000    22.000    31.000    24.000    25.000    29.000    34.000     4.374     6.000     0.000     1.000     1.000     1.000     1.000     2.000     3.000     4.000     5.000     6.000     7.000   489.477    38.109   -24.125     7.659    21.174     2.124     1.277     0.408
   400.000   470.000   320.000   260.000         *         *         *    24.000    21.000    25.000    19.000    18.000         *         *     9.663     7.000     6.000     0.000     1.000     0.000     1.000     2.000     3.000     4.000     5.000         *         *   425.925    39.841   -24.834    10.190    23.314     2.225    -0.699     0.520
   300.000   340.000   410.000   310.000         *         *         *    21.000    24.000    18.000    25.000    15.000    23.000    21.000    11.749     5.000    -3.000     0.000     0.000     0.000     1.000     2.000     3.000     4.000     5.000     6.000     7.000   399.123    38.537   -25.465     9.193    20.409     2.216     0.123     0.446
   450.000   420.000   410.000         *         *         *         *    12.000    17.000    16.000    18.000         *         *         *     8.308    13.000     2.000     0.000     0.000     1.000     1.000     2.000     3.000     4.000         *         *         *   493.629    41.219   -32.537    10.932    18.707     2.258    -0.784     0.561
   500.000   500.000   460.000   380.000         *         *         *    20.000    25.000    26.000    27.000    23.000    30.000         *     1.907     7.000     0.000     0.000     1.000     0.000     1.000     2.000     3.000     4.000     5.000     6.000         *   517.403    39.196   -25.631     9.696    22.186     2.225     0.771     0.486
   400.000   540.000   530.000   450.000         *         *         *    20.000    24.000    27.000    26.000    32.000         *         *     7.613    13.000     3.000     0.000     0.000     0.000     1.000     2.000     3.000     4.000     5.000         *         *   513.211    39.841   -15.560    10.190    25.059     2.225     0.180     0.520
   350.000   340.000   300.000   280.000         *         *         *    25.000    24.000    21.000    16.000    18.000         *         *    14.597     7.000   -13.000     0.000     1.000     1.000     1.000     2.000     3.000     4.000     5.000         *         *   388.780    39.841   -31.674    10.190    23.545     2.225    -1.037     0.520
   550.000         *         *         *         *         *         *    14.000    18.000         *         *         *         *         *     1.729     7.000     1.000     0.000     1.000     0.000     1.000     2.000         *         *         *         *         *   559.196    55.385   -32.025    11.618    15.954     2.556     0.723     0.594
   380.000   380.000         *         *         *         *         *    21.000    21.000    22.000    22.000    15.000         *         *    14.701     1.000     2.000     0.000     0.000     0.000     1.000     2.000     3.000     4.000     5.000         *         *   412.729    44.364   -27.472    10.517    19.924     2.260    -0.066     0.539
   510.000   480.000   680.000   540.000   450.000         *         *    22.000    29.000    30.000    20.000    22.000    24.000         *    14.638     7.000     8.000     0.000     1.000     0.000     1.000     2.000     3.000     4.000     5.000     6.000     7.000   551.179    39.068   -11.449     9.265    25.685     2.194    -0.534     0.471
   410.000   260.000         *   240.000   210.000   210.000   200.000    19.000    19.000    25.000    16.000    15.000    20.000    15.000    15.585    11.000    -4.000     0.000     0.000     0.000     1.000     2.000     3.000     4.000     5.000     6.000     7.000   376.109    40.408   -28.017     7.750    22.409     2.125    -0.982     0.409
   250.000   160.000   150.000         *         *         *         *    16.000    26.000    21.000    18.000         *         *         *    14.920     3.000    -5.000     0.000     0.000     0.000     1.000     2.000     3.000     4.000         *         *         *   246.015    41.219   -23.399    10.932    20.033     2.258    -0.039     0.561
   440.000   320.000         *         *         *         *         *    26.000    29.000    28.000    26.000         *         *         *    12.768     9.000    11.000     0.000     1.000     0.000     1.000     2.000     3.000     4.000         *         *         *   392.714    44.641    -8.002    11.011    28.802     2.270    -0.957     0.569
   450.000   350.000   350.000   400.000         *         *         *    23.000    25.000    20.000    20.000         *         *         *     8.500    11.000    -7.000     0.000     1.000     0.000     1.000     2.000     3.000     4.000     5.000     6.000     7.000   452.035    40.388   -27.505    10.618    23.071     2.239    -0.411     0.546
   680.000   850.000   550.000         *         *         *         *    11.000    18.000    13.000    16.000    12.000         *    20.000    -0.379     6.000     3.000     0.000     1.000     0.000     1.000     2.000     3.000     4.000     5.000     6.000     7.000   758.482    40.019   -45.636     9.622    12.365     2.236     0.852     0.471
   270.000   380.000         *         *         *         *         *    35.000    36.000    35.000    28.000    30.000    23.000         *    10.348    11.000   -13.000     0.000     0.000     0.000     1.000     2.000     3.000     4.000     5.000     6.000         *   373.534    44.049   -35.594     9.956    33.743     2.259    -0.963     0.501
   500.000   450.000   410.000   360.000   310.000   300.000         *    17.000    24.000    20.000    16.000    12.000    21.000    13.000    15.290    11.000     3.000     0.000     0.000     0.000     1.000     2.000     3.000     4.000     5.000     6.000     7.000   499.144    38.327   -32.051     8.305    22.401     2.157    -1.208     0.422
   300.000         *         *         *         *         *         *    12.000    10.000         *         *         *         *         *     5.899     3.000    13.000     0.000     1.000     1.000     1.000     2.000     3.000         *         *         *         *   347.168    55.385   -15.144    11.618    12.844     2.556     0.206     0.594
   200.000   280.000   210.000   200.000   164.000   254.000   210.000    15.000    18.000    19.000    14.000    23.000    24.000    25.000     9.255    -1.000    11.000     0.000     0.000     0.000     1.000     2.000     3.000     4.000     5.000     6.000     7.000   255.478    38.109    -7.907     7.659    15.029     2.124     1.184     0.408
   580.000   520.000   500.000         *         *         *         *    26.000         *         *    17.000    21.000         *         *     6.047     9.000    -3.000     0.000     0.000     0.000     1.000     2.000     3.000     4.000     5.000     6.000         *   607.536    40.832   -45.401    10.481    22.052     2.661    -0.214     0.542
   380.000   350.000   280.000   240.000         *         *         *     6.000    10.000    13.000    10.000    14.000     8.000         *    17.181     7.000    -9.000     1.000     0.000     0.000     1.000     2.000     3.000     4.000     5.000     6.000         *   419.736    39.196   -41.997     9.696    10.062     2.225     0.286     0.486
   300.000   200.000   200.000         *         *         *         *    21.000    15.000    13.000    10.000         *         *         *    18.821     9.000    -8.000     0.000     1.000     0.000     1.000     2.000     3.000     4.000         *         *         *   293.899    41.219   -25.855    10.932    18.779     2.258    -1.401     0.561
   380.000   530.000   400.000         *         *         *         *    24.000    24.000    19.000    25.000         *         *         *     6.931     5.000    11.000     0.000     0.000     0.000     1.000     2.000     3.000     4.000         *         *         *   477.241    41.219   -21.950    10.932    22.095     2.258     0.255     0.561
   210.000   200.000   200.000         *         *         *         *    11.000    21.000    21.000    22.000         *         *         *    10.118     5.000    -9.000     1.000     0.000     0.000     1.000     2.000     3.000     4.000         *         *         *   270.965    41.219   -26.702    10.932    15.554     2.258     1.500     0.561
   400.000   300.000   300.000   280.000   280.000   300.000   280.000    25.000    26.000    27.000    23.000    24.000    31.000    31.000     3.533     9.000     1.000     1.000     1.000     0.000     1.000     2.000     3.000     4.000     5.000     6.000     7.000   384.880    38.109   -19.466     7.659    22.682     2.124     1.053     0.408
   350.000         *         *         *         *         *         *    26.000    27.000         *         *         *         *         *     9.518     5.000    -1.000     1.000     1.000     0.000     1.000     2.000         *         *         *         *         *   364.937    55.385   -19.556    11.618    24.022     2.556     0.871     0.594
   250.000   240.000   370.000   320.000         *   300.000         *    17.000    17.000    14.000    15.000    17.000    17.000    17.000    14.101    13.000     4.000     1.000     1.000     0.000     1.000     2.000     3.000     4.000     5.000     6.000     7.000   329.940    38.535    -9.034     8.465    17.561     2.169    -0.113     0.427
   550.000   520.000         *   480.000   440.000   400.000         *    18.000     8.000    20.000    19.000    21.000    26.000    16.000     7.175     7.000     1.000     1.000     1.000     0.000     1.000     2.000     3.000     4.000     5.000     6.000     7.000   581.523    40.497   -31.713     8.349    14.447     2.157     1.070     0.422
   270.000   250.000   230.000   200.000   160.000   120.000   110.000    19.000    23.000    21.000    21.000    29.000    20.000    23.000    13.869     5.000    -1.000     1.000     1.000     1.000     1.000     2.000     3.000     4.000     5.000     6.000     7.000   282.952    38.109   -21.873     7.659    21.898     2.124     0.053     0.408
   300.000         *         *   240.000   220.000         *         *    14.000    14.000    12.000    19.000    12.000    15.000    15.000     3.506    10.000     4.000     0.000     1.000     0.000     1.000     2.000     3.000     4.000     5.000     6.000     7.000   353.193    46.089   -24.347     9.064    15.464     2.191    -0.051     0.437
   310.000   260.000   220.000   200.000   210.000   200.000         *    21.000    21.000    14.000    19.000    14.000    21.000    15.000     9.264     3.000     5.000     0.000     1.000     0.000     1.000     2.000     3.000     4.000     5.000     6.000     7.000   312.581    38.327   -21.057     8.305    18.580     2.157    -0.148     0.422
   480.000   310.000   280.000   260.000         *   280.000         *    15.000    20.000    24.000     9.000    12.000     8.000     8.000    10.731    13.000     6.000     0.000     0.000     0.000     1.000     2.000     3.000     4.000     5.000     6.000     7.000   443.769    38.535   -36.133     8.465    20.538     2.169    -1.536     0.427
   250.000         *   220.000   200.000         *         *         *    25.000    20.000    19.000    17.000    15.000         *         *    12.908     5.000    -3.000     0.000     1.000     0.000     1.000     2.000     3.000     4.000     5.000         *         *   290.178    44.384   -22.267    10.309    20.912     2.225    -0.569     0.521
   300.000   260.000   240.000         *         *         *         *    15.000    20.000    17.000    14.000         *         *         *    14.107    11.000    -3.000     0.000     0.000     0.000     1.000     2.000     3.000     4.000         *         *         *   334.907    41.219   -27.556    10.932    19.398     2.258    -0.870     0.561
   380.000   300.000   160.000   150.000   150.000         *         *    34.000    27.000    30.000    32.000    32.000    29.000         *     6.704    11.000    -4.000     0.000     0.000     0.000     1.000     2.000     3.000     4.000     5.000     6.000         *   333.082    39.068   -31.810     9.265    32.004     2.194    -0.582     0.471
   160.000         *         *         *         *         *         *    30.000    30.000         *         *         *         *         *     5.896     5.000    -2.000     0.000     1.000     1.000     1.000     2.000         *         *         *         *         *   211.197    55.385   -13.158    11.618    28.466     2.556    -0.097     0.594
   520.000   450.000   400.000   400.000   400.000         *         *    15.000    21.000    21.000    17.000    20.000    21.000         *     6.865     2.000     0.000     0.000     1.000     0.000     1.000     2.000     3.000     4.000     5.000     6.000         *   507.561    39.068   -27.140     9.265    16.297     2.194     0.790     0.471
   380.000   360.000         *         *         *         *         *    31.000    30.000    27.000         *         *         *         *     6.211    12.000    18.000     1.000     1.000     0.000     1.000     2.000     3.000         *         *         *         *   393.574    44.840    -8.796    11.381    29.524     2.338    -0.141     0.586
   640.000   580.000         *         *         *         *         *    19.000         *    12.000         *         *         *         *     3.678     5.000    -1.000     0.000     1.000     0.000     1.000     2.000     3.000     4.000         *         *         *   640.568    44.918   -41.271    11.397    15.130     2.660     0.526     0.587
   420.000   360.000   320.000   300.000         *         *         *    18.000    31.000    20.000    33.000    30.000    33.000         *     6.257     8.000     8.000     0.000     1.000     0.000     1.000     2.000     3.000     4.000     5.000     6.000         *   368.089    39.196    -4.496     9.696    25.174     2.225     0.517     0.486
   220.000   200.000         *         *         *         *         *    11.000    13.000    12.000         *         *         *         *     6.621     5.000    11.000     0.000     1.000     0.000     1.000     2.000     3.000         *         *         *         *   260.102    44.840    -9.483    11.381    12.960     2.338     0.384     0.586
   410.000   360.000   320.000         *         *         *         *    22.000    28.000    28.000    33.000         *         *         *     3.446     6.000    -1.000     0.000     1.000     0.000     1.000     2.000     3.000     4.000         *         *         *   398.955    41.219   -17.360    10.932    24.956     2.258     0.787     0.561
   460.000   410.000         *         *         *         *         *    20.000    36.000    28.000         *         *         *         *     3.667    12.000    -6.000     0.000     0.000     0.000     1.000     2.000     3.000         *         *         *         *   481.760    44.840   -33.679    11.381    27.225     2.338     0.093     0.586
   420.000   400.000   400.000   400.000         *         *         *    23.000    25.000    21.000    27.000    26.000         *         *     6.879     9.000     6.000     0.000     1.000     0.000     1.000     2.000     3.000     4.000     5.000         *         *   436.176    39.841   -13.034    10.190    24.163     2.225     0.005     0.520
   520.000   500.000         *         *         *         *         *    16.000    13.000    19.000    24.000         *         *         *     8.010     9.000    -5.000     0.000     0.000     0.000     1.000     2.000     3.000     4.000         *         *         *   552.659    44.641   -36.101    11.011    17.412     2.270     0.347     0.569
   500.000   500.000         *         *         *         *         *    19.000    17.000    17.000         *         *         *         *     0.637     5.000    -7.000     0.000     1.000     0.000     1.000     2.000     3.000         *         *         *         *   540.960    44.840   -38.292    11.381    15.881     2.338     1.081     0.586
   520.000   500.000         *         *         *         *         *    23.000    24.000    18.000         *         *         *         *     9.154     8.000     8.000     0.000     1.000     0.000     1.000     2.000     3.000         *         *         *         *   526.968    44.840   -22.804    11.381    22.489     2.338    -0.514     0.586
   450.000   482.000         *         *         *         *         *    13.000    23.000    16.000         *         *         *         *     0.965     7.000    -2.000     0.000     0.000     0.000     1.000     2.000     3.000         *         *         *         *   519.961    44.840   -38.545    11.381    16.220     2.338     0.961     0.586
   360.000         *         *         *         *         *         *    22.000    20.000         *         *         *         *         *    15.665    10.000    -1.000     0.000     1.000     0.000     1.000     2.000         *         *         *         *         *   378.915    55.385   -18.380    11.618    22.612     2.556    -1.075     0.594
   250.000   250.000         *         *         *         *         *    17.000    14.000    18.000         *         *         *         *     8.094     7.000   -21.000     0.000     1.000     0.000     1.000     2.000     3.000         *         *         *         *   310.307    44.840   -32.714    11.381    15.868     2.338     0.554     0.586
   250.000         *         *         *         *         *         *    30.000    22.000         *         *         *         *         *     3.060     8.000    -7.000     0.000     1.000     2.000     1.000     2.000         *         *         *         *         *   295.984    55.385   -28.424    11.618    26.527     2.556    -0.593     0.594
   300.000         *         *         *         *         *         *    32.000    39.000    33.000         *         *         *         *     4.010     7.000     8.000     1.000     1.000     0.000     1.000     2.000     3.000         *         *         *         *   328.797    55.298    -9.570    11.391    31.491     2.342     0.890     0.588
   320.000   300.000         *         *         *         *         *    30.000    33.000    28.000         *         *         *         *     1.578    11.000    -8.000     0.000     1.000     0.000     1.000     2.000     3.000         *         *         *         *   354.100    44.840   -24.199    11.381    29.334     2.338     0.120     0.586
   300.000   300.000         *         *         *         *         *    31.000    33.000    32.000         *         *         *         *     2.630     9.000     3.000     1.000     1.000     0.000     1.000     2.000     3.000         *         *         *         *   333.693    44.840   -15.187    11.381    29.400     2.338     0.926     0.586
   400.000   360.000         *         *         *         *         *    23.000    23.000    37.000         *         *         *         *     4.609    -1.000     3.000     1.000     1.000     0.000     1.000     2.000     3.000         *         *         *         *   397.155    44.840   -15.647    11.381    21.744     2.338     2.245     0.586
   460.000         *         *         *         *         *         *    13.000    23.000    22.000         *         *         *         *    15.290    12.000     5.000     0.000     0.000     0.000     1.000     2.000     3.000         *         *         *         *   482.604    55.298   -23.170    11.391    21.671     2.342    -1.013     0.588
   200.000         *         *         *         *         *         *    21.000    17.000         *         *         *         *         *     1.357     5.000    -9.000     0.000     1.000     0.000     1.000     2.000         *         *         *         *         *   267.663    55.385   -23.192    11.618    18.025     2.556     1.139     0.594
   280.000         *         *         *         *         *         *    21.000    25.000         *         *         *         *         *     0.946     5.000    -1.000     0.000     1.000     0.000     1.000     2.000         *         *         *         *         *   329.445    55.385   -18.505    11.618    21.290     2.556     1.015     0.594
   300.000         *         *         *         *         *         *    24.000    28.000         *         *         *         *         *     0.760     9.000   -10.000     1.000     0.000     0.000     1.000     2.000         *         *         *         *         *   363.614    55.385   -35.039    11.618    23.686     2.556     1.605     0.594
   580.000         *         *         *         *         *         *    30.000    33.000         *         *         *         *         *     1.570    13.000     8.000     0.000     0.000     0.000     1.000     2.000         *         *         *         *         *   588.161    55.385   -31.412    11.618    30.817     2.556    -0.356     0.594
