   300.000         *         *         *         *         *         *    29.000    26.000         *         *         *         *         *     2.687    11.000     8.000     1.000     1.000     0.000     1.000     2.000         *         *         *         *         *   355.476    55.743   -16.471    11.929    29.330     1.710    -0.260     0.217
   550.000   300.000   600.000   450.000   530.000   510.000   460.000    35.000    32.000    38.000    35.000    38.000    33.000    38.000    10.712     9.000     8.000     0.000     0.000     0.000     1.000     2.000     3.000     4.000     5.000     6.000     7.000   508.754    40.536    -7.674     8.425    35.618     1.042    -0.112     0.144
   400.000         *         *         *         *         *         *    32.000    38.000         *         *         *         *         *    15.259    13.000     3.000     1.000     0.000     1.000     1.000     2.000         *         *         *         *         *   419.547    55.743   -28.800    11.929    34.257     1.710    -0.233     0.217
   300.000         *   540.000   170.000         *         *         *    34.000    30.000    33.000    29.000    28.000    28.000         *     0.856     6.000     6.000     0.000     0.000     0.000     1.000     2.000     3.000     4.000     5.000     6.000         *   419.254    46.367   -27.748    11.338    32.488     1.106    -0.540     0.160
   450.000   350.000         *         *         *         *         *    32.000    25.000    36.000    30.000    36.000    30.000         *    13.819    13.000    -8.000     0.000     0.000     0.000     1.000     2.000     3.000     4.000     5.000     6.000         *   449.176    45.311   -34.429    11.721    32.932     1.114    -0.358     0.167
   850.000   570.000   580.000   500.000   470.000   420.000   260.000    31.000    33.000    32.000    25.000    35.000    24.000    33.000     2.605    11.000    13.000     1.000     0.000     0.000     1.000     2.000     3.000     4.000     5.000     6.000     7.000   751.115    40.536   -58.680     8.425    31.482     1.042    -0.319     0.144
   470.000         *   460.000   450.000         *         *         *    28.000    28.000    29.000    30.000    38.000         *         *     1.272     9.000    -2.000     0.000     1.000     0.000     1.000     2.000     3.000     4.000     5.000         *         *   517.942    46.404   -24.586    11.369    30.904     1.185     0.127     0.169
   410.000         *   450.000         *         *         *   410.000    32.000    27.000    31.000    30.000    31.000    26.000    24.000     9.091    10.000     8.000     0.000     1.000     1.000     1.000     2.000     3.000     4.000     5.000     6.000     7.000   460.260    48.029   -13.531     9.345    30.116     1.050    -0.318     0.148
   300.000   450.000   300.000         *         *   250.000         *    34.000    29.000    36.000    34.000    28.000    24.000    30.000     1.737    13.000    14.000     0.000     1.000     0.000     1.000     2.000     3.000     4.000     5.000     6.000     7.000   388.041    42.135   -17.537     9.809    32.618     1.048    -0.526     0.149
   450.000   550.000   450.000   480.000   400.000   350.000   280.000    33.000    27.000    35.000    29.000    32.000    32.000    33.000    15.065     5.000    -6.000     1.000     1.000     0.000     1.000     2.000     3.000     4.000     5.000     6.000     7.000   533.278    40.536   -30.004     8.425    29.889     1.042     0.362     0.144
   450.000   600.000   500.000   340.000   300.000   250.000   220.000    34.000    25.000    36.000    30.000    30.000    34.000    30.000    10.156     5.000     0.000     0.000     1.000     1.000     1.000     2.000     3.000     4.000     5.000     6.000     7.000   547.288    40.536   -42.836     8.425    31.218     1.042    -0.008     0.144
   450.000   210.000   300.000   250.000   240.000         *         *    31.000    32.000    32.000    30.000    32.000    32.000    26.000    16.352    10.000    -2.000     0.000     1.000     0.000     1.000     2.000     3.000     4.000     5.000     6.000     7.000   363.799    41.599   -23.636    10.407    31.633     1.047    -0.305     0.148
   400.000   480.000   450.000   450.000   400.000   350.000   260.000    28.000    23.000    29.000    27.000    27.000    28.000    31.000     4.374     6.000     0.000     1.000     1.000     1.000     1.000     2.000     3.000     4.000     5.000     6.000     7.000   506.261    40.536   -28.329     8.425    27.673     1.042     0.164     0.144
   400.000   470.000   320.000   260.000         *         *         *    32.000    34.000    37.000    32.000    34.000         *         *     9.663     7.000     6.000     0.000     1.000     0.000     1.000     2.000     3.000     4.000     5.000         *         *   418.822    41.676   -21.634    11.212    33.480     1.183    -0.129     0.168
   300.000   340.000   410.000   310.000         *         *         *    36.000    32.000    36.000    29.000    32.000    31.000    36.000    11.749     5.000    -3.000     0.000     0.000     0.000     1.000     2.000     3.000     4.000     5.000     6.000     7.000   389.897    41.599   -21.008    11.148    33.920     1.051    -0.224     0.152
   450.000   420.000   410.000         *         *         *         *    39.000    38.000    36.000    38.000         *         *         *     8.308    13.000     2.000     0.000     0.000     1.000     1.000     2.000     3.000     4.000         *         *         *   480.694    42.286   -29.703    11.690    37.316     1.298    -0.135     0.182
   500.000   500.000   460.000   380.000         *         *         *    37.000    37.000    40.000    39.000    41.000    42.000         *     1.907     7.000     0.000     0.000     1.000     0.000     1.000     2.000     3.000     4.000     5.000     6.000         *   513.507    41.632   -23.963    11.179    36.803     1.105     0.518     0.160
   400.000   540.000   530.000   450.000         *         *         *    29.000    34.000    35.000    33.000    33.000         *         *     7.613    13.000     3.000     0.000     0.000     0.000     1.000     2.000     3.000     4.000     5.000         *         *   530.913    41.676   -23.468    11.212    33.740     1.183    -0.302     0.168
   350.000   340.000   300.000   280.000         *         *         *    37.000    36.000    32.000    37.000    29.000         *         *    14.597     7.000   -13.000     0.000     1.000     1.000     1.000     2.000     3.000     4.000     5.000         *         *   380.122    41.676   -27.390    11.212    33.205     1.183     0.233     0.168
   550.000         *         *         *         *         *         *    20.000    30.000         *         *         *         *         *     1.729     7.000     1.000     0.000     1.000     0.000     1.000     2.000         *         *         *         *         *   558.312    55.743   -32.428    11.929    27.807     1.710    -0.165     0.217
   380.000   380.000         *         *         *         *         *    28.000    32.000    27.000    31.000    19.000         *         *    14.701     1.000     2.000     0.000     0.000     0.000     1.000     2.000     3.000     4.000     5.000         *         *   418.582    45.323   -28.777    11.767    29.580     1.190    -0.673     0.176
   510.000   480.000   680.000   540.000   450.000         *         *    28.000    25.000    28.000    27.000    24.000    24.000    22.000    14.638     7.000     8.000     0.000     1.000     0.000     1.000     2.000     3.000     4.000     5.000     6.000     7.000   574.149    41.599   -18.893    10.407    27.158     1.047    -0.423     0.148
   410.000   260.000         *   240.000   210.000   210.000   200.000    31.000    35.000    29.000    33.000    28.000    33.000    29.000    15.585    11.000    -4.000     0.000     0.000     0.000     1.000     2.000     3.000     4.000     5.000     6.000     7.000   377.108    43.005   -28.590     8.544    33.154     1.043    -0.517     0.144
   250.000   160.000   150.000         *         *         *         *    23.000    27.000    22.000    36.000         *         *         *    14.920     3.000    -5.000     0.000     0.000     0.000     1.000     2.000     3.000     4.000         *         *         *   252.924    42.286   -25.000    11.690    29.858     1.298    -0.687     0.182
   440.000   320.000         *         *         *         *         *    22.000    28.000    28.000    28.000         *         *         *    12.768     9.000    11.000     0.000     1.000     0.000     1.000     2.000     3.000     4.000         *         *         *   410.102    45.347   -16.366    11.814    28.481     1.300    -0.651     0.186
   450.000   350.000   350.000   400.000         *         *         *    38.000    36.000    33.000    38.000    35.000    38.000    34.000     8.500    11.000    -7.000     0.000     1.000     0.000     1.000     2.000     3.000     4.000     5.000     6.000     7.000   438.676    41.599   -22.432    11.148    34.619     1.051     0.240     0.152
   680.000   850.000   550.000         *         *         *         *    26.000    31.000    32.000    41.000    28.000    33.000    33.000    -0.379     6.000     3.000     0.000     1.000     0.000     1.000     2.000     3.000     4.000     5.000     6.000     7.000   742.077    42.186   -38.657    11.565    30.864     1.056     0.307     0.155
   270.000   380.000         *         *         *         *         *    41.000    41.000    41.000    42.000    39.000    38.000         *    10.348    11.000   -13.000     0.000     0.000     0.000     1.000     2.000     3.000     4.000     5.000     6.000         *   364.329    45.311   -26.252    11.721    38.941     1.114     0.177     0.167
   500.000   450.000   410.000   360.000   310.000   300.000         *    24.000    32.000    27.000    18.000    27.000    24.000    26.000    15.290    11.000     3.000     0.000     0.000     0.000     1.000     2.000     3.000     4.000     5.000     6.000     7.000   512.982    41.311   -36.151     9.450    29.092     1.044    -0.826     0.146
   300.000         *         *         *         *         *         *    27.000    29.000         *         *         *         *         *     5.899     3.000    13.000     0.000     1.000     1.000     1.000     2.000     3.000         *         *         *         *   339.054    55.743   -13.136    11.929    29.898     1.710    -0.448     0.217
   200.000   280.000   210.000   200.000   164.000   254.000   210.000    37.000    34.000    32.000    29.000    33.000    30.000    31.000     9.255    -1.000    11.000     0.000     0.000     0.000     1.000     2.000     3.000     4.000     5.000     6.000     7.000   257.574    40.536    -8.778     8.425    34.214     1.042    -0.565     0.144
   580.000   520.000   500.000         *         *         *         *    33.000    27.000    29.000    27.000    31.000         *         *     6.047     9.000    -3.000     0.000     0.000     0.000     1.000     2.000     3.000     4.000     5.000     6.000         *   604.183    42.240   -42.268    11.647    30.858     1.186    -0.318     0.172
   380.000   350.000   280.000   240.000         *         *         *    34.000    31.000    30.000    32.000    30.000    30.000         *    17.181     7.000    -9.000     1.000     0.000     0.000     1.000     2.000     3.000     4.000     5.000     6.000         *   400.204    41.632   -35.939    11.179    31.598     1.105    -0.158     0.160
   300.000   200.000   200.000         *         *         *         *    32.000    27.000    32.000    32.000         *         *         *    18.821     9.000    -8.000     0.000     1.000     0.000     1.000     2.000     3.000     4.000         *         *         *   279.009    42.286   -18.809    11.690    31.245     1.298    -0.251     0.182
   380.000   530.000   400.000         *         *         *         *    35.000    30.000    34.000    32.000         *         *         *     6.931     5.000    11.000     0.000     0.000     0.000     1.000     2.000     3.000     4.000         *         *         *   476.900    42.286   -21.978    11.690    33.495     1.298    -0.461     0.182
   210.000   200.000   200.000         *         *         *         *    37.000    28.000    33.000    34.000         *         *         *    10.118     5.000    -9.000     1.000     0.000     0.000     1.000     2.000     3.000     4.000         *         *         *   265.904    42.286   -25.545    11.690    33.280     1.298    -0.045     0.182
   400.000   300.000   300.000   280.000   280.000   300.000   280.000    30.000    28.000    31.000    34.000    26.000    30.000    31.000     3.533     9.000     1.000     1.000     1.000     0.000     1.000     2.000     3.000     4.000     5.000     6.000     7.000   380.442    40.536   -18.323     8.425    30.115     1.042     0.047     0.144
   350.000         *         *         *         *         *         *    30.000    30.000         *         *         *         *         *     9.518     5.000    -1.000     1.000     1.000     0.000     1.000     2.000         *         *         *         *         *   372.792    55.743   -21.152    11.929    30.048     1.710     0.094     0.217
   250.000   240.000   370.000   320.000         *   300.000         *    32.000    32.000    27.000    28.000    32.000    31.000    31.000    14.101    13.000     4.000     1.000     1.000     0.000     1.000     2.000     3.000     4.000     5.000     6.000     7.000   311.328    41.343    -4.370     9.742    30.918     1.046    -0.142     0.147
   550.000   520.000         *   480.000   440.000   400.000         *    25.000    27.000    27.000    28.000    23.000    25.000    23.000     7.175     7.000     1.000     1.000     1.000     0.000     1.000     2.000     3.000     4.000     5.000     6.000     7.000   576.172    43.522   -30.676     9.507    26.047     1.045    -0.044     0.146
   270.000   250.000   230.000   200.000   160.000   120.000   110.000    36.000    35.000    32.000    42.000    44.000    40.000    37.000    13.869     5.000    -1.000     1.000     1.000     1.000     1.000     2.000     3.000     4.000     5.000     6.000     7.000   283.134    40.536   -21.795     8.425    35.758     1.042     0.404     0.144
   300.000         *         *   240.000   220.000         *         *    28.000    30.000    29.000    29.000         *    22.000    23.000     3.506    10.000     4.000     0.000     1.000     0.000     1.000     2.000     3.000     4.000     5.000     6.000     7.000   340.439    49.794   -21.626    10.761    29.428     1.104    -0.565     0.153
   310.000   260.000   220.000   200.000   210.000   200.000         *    25.000    21.000    31.000    29.000    28.000    19.000    24.000     9.264     3.000     5.000     0.000     1.000     0.000     1.000     2.000     3.000     4.000     5.000     6.000     7.000   306.368    41.311   -18.816     9.450    28.028     1.044    -0.575     0.146
   480.000   310.000   280.000   260.000         *   280.000         *    35.000    39.000    34.000    28.000    30.000    30.000    26.000    10.731    13.000     6.000     0.000     0.000     0.000     1.000     2.000     3.000     4.000     5.000     6.000     7.000   418.632    41.343   -28.981     9.742    34.134     1.046    -0.717     0.147
   250.000         *   220.000   200.000         *         *         *    29.000    36.000    32.000    29.000    30.000         *         *    12.908     5.000    -3.000     0.000     1.000     0.000     1.000     2.000     3.000     4.000     5.000         *         *   273.168    46.404   -15.342    11.369    31.678     1.185    -0.202     0.169
   300.000   260.000   240.000         *         *         *         *    25.000    24.000    21.000    17.000         *         *         *    14.107    11.000    -3.000     0.000     0.000     0.000     1.000     2.000     3.000     4.000         *         *         *   345.172    42.286   -32.405    11.690    26.354     1.298    -1.138     0.182
   380.000   300.000   160.000   150.000   150.000         *         *    31.000    33.000    27.000    35.000    31.000    27.000         *     6.704    11.000    -4.000     0.000     0.000     0.000     1.000     2.000     3.000     4.000     5.000     6.000         *   358.873    41.632   -39.530    10.428    33.023     1.102    -0.590     0.156
   160.000         *         *         *         *         *         *    30.000    41.000         *         *         *         *         *     5.896     5.000    -2.000     0.000     1.000     1.000     1.000     2.000         *         *         *         *         *   215.020    55.743   -10.720    11.929    35.191     1.710     0.117     0.217
   520.000   450.000   400.000   400.000   400.000         *         *    34.000    37.000    38.000    36.000    41.000    31.000         *     6.865     2.000     0.000     0.000     1.000     0.000     1.000     2.000     3.000     4.000     5.000     6.000         *   494.884    41.632   -22.750    10.428    34.269     1.102     0.341     0.156
   380.000   360.000         *         *         *         *         *    34.000    33.000    35.000         *         *         *         *     6.211    12.000    18.000     1.000     1.000     0.000     1.000     2.000     3.000         *         *         *         *   392.719    45.390    -9.175    11.865    33.100     1.462    -0.195     0.198
   640.000   580.000         *         *         *         *         *    33.000    32.000    35.000    18.000         *         *         *     3.678     5.000    -1.000     0.000     1.000     0.000     1.000     2.000     3.000     4.000         *         *         *   636.221    45.347   -38.306    11.814    29.466     1.300     0.047     0.186
   420.000   360.000   320.000   300.000         *         *         *    36.000    31.000    35.000    38.000    38.000    36.000         *     6.257     8.000     8.000     0.000     1.000     0.000     1.000     2.000     3.000     4.000     5.000     6.000         *   395.003    41.632   -15.989    11.179    35.125     1.105    -0.018     0.160
   220.000   200.000         *         *         *         *         *    34.000    40.000    35.000         *         *         *         *     6.621     5.000    11.000     0.000     1.000     0.000     1.000     2.000     3.000         *         *         *         *   238.698    45.390    -1.747    11.865    35.326     1.462    -0.194     0.198
   410.000   360.000   320.000         *         *         *         *    29.000    36.000         *    29.000         *         *         *     3.446     6.000    -1.000     0.000     1.000     0.000     1.000     2.000     3.000     4.000         *         *         *   415.172    42.316   -24.273    11.719    31.682     1.445    -0.024     0.190
   460.000   410.000         *         *         *         *         *    37.000    41.000    42.000         *         *         *         *     3.667    12.000    -6.000     0.000     0.000     0.000     1.000     2.000     3.000         *         *         *         *   479.090    45.390   -32.024    11.865    38.540     1.462     0.165     0.198
   420.000   400.000   400.000   400.000         *         *         *    29.000    35.000    29.000    31.000    32.000         *         *     6.879     9.000     6.000     0.000     1.000     0.000     1.000     2.000     3.000     4.000     5.000         *         *   444.726    41.676   -16.552    11.212    31.667     1.183    -0.181     0.168
   520.000   500.000         *         *         *         *         *    41.000    36.000    40.000    36.000         *         *         *     8.010     9.000    -5.000     0.000     0.000     0.000     1.000     2.000     3.000     4.000         *         *         *   542.607    45.347   -35.235    11.814    36.918     1.300     0.106     0.186
   500.000   500.000         *         *         *         *         *    32.000    35.000    32.000         *         *         *         *     0.637     5.000    -7.000     0.000     1.000     0.000     1.000     2.000     3.000         *         *         *         *   531.220    45.390   -31.821    11.865    32.461     1.462     0.385     0.198
   520.000   500.000         *         *         *         *         *    22.000    31.000    24.000         *         *         *         *     9.154     8.000     8.000     0.000     1.000     0.000     1.000     2.000     3.000         *         *         *         *   535.461    45.390   -25.303    11.865    27.438     1.462    -0.467     0.198
   450.000   482.000         *         *         *         *         *    35.000    36.000    33.000         *         *         *         *     0.965     7.000    -2.000     0.000     0.000     0.000     1.000     2.000     3.000         *         *         *         *   510.513    45.390   -33.803    11.865    34.782     1.462    -0.050     0.198
   360.000         *         *         *         *         *         *    21.000    14.000         *         *         *         *         *    15.665    10.000    -1.000     0.000     1.000     0.000     1.000     2.000         *         *         *         *         *   401.127    55.743   -26.125    11.929    22.893     1.710    -0.893     0.217
   250.000   250.000         *         *         *         *         *    37.000    35.000    39.000         *         *         *         *     8.094     7.000   -21.000     0.000     1.000     0.000     1.000     2.000     3.000         *         *         *         *   292.081    45.390   -23.374    11.865    35.566     1.462     0.547     0.198
   250.000         *         *         *         *         *         *    36.000    34.000         *         *         *         *         *     3.060     8.000    -7.000     0.000     1.000     2.000     1.000     2.000         *         *         *         *         *   299.453    55.743   -23.285    11.929    35.386     1.710     0.313     0.217
   300.000         *         *         *         *         *         *    31.000    36.000    30.000         *         *         *         *     4.010     7.000     8.000     1.000     1.000     0.000     1.000     2.000     3.000         *         *         *         *   338.577    55.688   -13.098    11.872    32.008     1.466     0.006     0.203
   320.000   300.000         *         *         *         *         *    38.000    40.000    44.000         *         *         *         *     1.578    11.000    -8.000     0.000     1.000     0.000     1.000     2.000     3.000         *         *         *         *   346.252    45.390   -17.699    11.865    38.387     1.462     0.515     0.198
   300.000   300.000         *         *         *         *         *    33.000    36.000    27.000         *         *         *         *     2.630     9.000     3.000     1.000     1.000     0.000     1.000     2.000     3.000         *         *         *         *   342.165    45.390   -17.426    11.865    31.909     1.462     0.062     0.198
   400.000   360.000         *         *         *         *         *    32.000    32.000    31.000         *         *         *         *     4.609    -1.000     3.000     1.000     1.000     0.000     1.000     2.000     3.000         *         *         *         *   407.581    45.390   -21.210    11.865    30.874     1.462     0.281     0.198
   460.000         *         *         *         *         *         *    24.000    28.000    19.000         *         *         *         *    15.290    12.000     5.000     0.000     0.000     0.000     1.000     2.000     3.000         *         *         *         *   489.612    55.688   -33.029    11.872    27.207     1.466    -1.072     0.203
   200.000         *         *         *         *         *         *    39.000    39.000         *         *         *         *         *     1.357     5.000    -9.000     0.000     1.000     0.000     1.000     2.000         *         *         *         *         *   253.412    55.743   -13.869    11.929    37.127     1.710     0.452     0.217
   280.000         *         *         *         *         *         *    27.000    37.000         *         *         *         *         *     0.946     5.000    -1.000     0.000     1.000     0.000     1.000     2.000         *         *         *         *         *   327.293    55.743   -16.232    11.929    32.720     1.710     0.041     0.217
   300.000         *         *         *         *         *         *    31.000    37.000         *         *         *         *         *     0.760     9.000   -10.000     1.000     0.000     0.000     1.000     2.000         *         *         *         *         *   360.907    55.743   -32.200    11.929    34.684     1.710     0.202     0.217
   580.000         *         *         *         *         *         *    28.000    32.000         *         *         *         *         *     1.570    13.000     8.000     0.000     0.000     0.000     1.000     2.000         *         *         *         *         *   599.802    55.743   -36.174    11.929    31.861     1.710    -0.535     0.217
