   300.000         *         *         *         *         *         *    28.000    32.000         *         *         *         *         *     2.687    11.000     8.000     1.000     1.000     0.000     1.000     2.000         *         *         *         *         *   357.533    56.100   -13.770    11.588    32.773     3.429    -0.357     0.752
   550.000   300.000   600.000   450.000   530.000   510.000   460.000    27.000    31.000    33.000    37.000    29.000    25.000    27.000    10.712     9.000     8.000     0.000     0.000     0.000     1.000     2.000     3.000     4.000     5.000     6.000     7.000   520.005    40.613   -10.791     8.386    33.058     3.028    -0.834     0.606
   400.000         *         *         *         *         *         *    38.000    49.000         *         *         *         *         *    15.259    13.000     3.000     1.000     0.000     1.000     1.000     2.000         *         *         *         *         *   426.344    56.100   -31.261    11.588    44.795     3.429    -1.724     0.752
   300.000         *   540.000   170.000         *         *         *    26.000    21.000    28.000    23.000    26.000    22.000         *     0.856     6.000     6.000     0.000     0.000     0.000     1.000     2.000     3.000     4.000     5.000     6.000         *   406.021    46.480   -21.670    11.121    24.634     3.062     0.243     0.665
   450.000   350.000         *         *         *         *         *    28.000    33.000    40.000    46.000    40.000    33.000         *    13.819    13.000    -8.000     0.000     0.000     0.000     1.000     2.000     3.000     4.000     5.000     6.000         *   461.358    45.525   -38.263    11.381    37.653     3.061    -0.364     0.665
   850.000   570.000   580.000   500.000   470.000   420.000   260.000    32.000    38.000    27.000    39.000    37.000    33.000    36.000     2.605    11.000    13.000     1.000     0.000     0.000     1.000     2.000     3.000     4.000     5.000     6.000     7.000   756.280    40.613   -59.844     8.386    34.403     3.028     0.050     0.606
   470.000         *   460.000   450.000         *         *         *    31.000    37.000    32.000    40.000    37.000         *         *     1.272     9.000    -2.000     0.000     1.000     0.000     1.000     2.000     3.000     4.000     5.000         *         *   527.173    46.556   -28.127    11.157    35.301     3.067     0.098     0.710
   410.000         *   450.000         *         *         *   410.000    47.000    31.000    37.000    32.000    34.000    35.000    35.000     9.091    10.000     8.000     0.000     1.000     1.000     1.000     2.000     3.000     4.000     5.000     6.000     7.000   455.271    48.238   -12.637     9.276    40.682     3.029    -1.255     0.607
   300.000   450.000   300.000         *         *   250.000         *    37.000    32.000    32.000    34.000    32.000         *    25.000     1.737    13.000    14.000     0.000     1.000     0.000     1.000     2.000     3.000     4.000     5.000     6.000     7.000   389.833    42.249   -16.558     9.714    38.050     3.029    -1.399     0.629
   450.000   550.000   450.000   480.000   400.000   350.000   280.000    28.000    37.000    33.000    35.000    35.000    30.000    30.000    15.065     5.000    -6.000     1.000     1.000     0.000     1.000     2.000     3.000     4.000     5.000     6.000     7.000   534.714    40.613   -30.334     8.386    33.713     3.028    -0.329     0.606
   450.000   600.000   500.000   340.000   300.000   250.000   220.000    40.000    34.000    40.000    41.000    37.000    33.000    33.000    10.156     5.000     0.000     0.000     1.000     1.000     1.000     2.000     3.000     4.000     5.000     6.000     7.000   545.817    40.613   -42.581     8.386    39.138     3.028    -0.607     0.606
   450.000   210.000   300.000   250.000   240.000         *         *    39.000    45.000    39.000    36.000    38.000    31.000    36.000    16.352    10.000    -2.000     0.000     1.000     0.000     1.000     2.000     3.000     4.000     5.000     6.000     7.000   368.100    41.580   -25.018    10.255    43.906     3.029    -1.599     0.608
   400.000   480.000   450.000   450.000   400.000   350.000   260.000    37.000    35.000    37.000    37.000    31.000    24.000    32.000     4.374     6.000     0.000     1.000     1.000     1.000     1.000     2.000     3.000     4.000     5.000     6.000     7.000   494.051    40.613   -25.386     8.386    36.451     3.028    -0.712     0.606
   400.000   470.000   320.000   260.000         *         *         *    47.000    37.000    35.000    29.000    29.000         *         *     9.663     7.000     6.000     0.000     1.000     0.000     1.000     2.000     3.000     4.000     5.000         *         *   419.871    41.715   -22.008    10.983    41.272     3.066    -1.815     0.710
   300.000   340.000   410.000   310.000         *         *         *    32.000    25.000    29.000    30.000    30.000    26.000    28.000    11.749     5.000    -3.000     0.000     0.000     0.000     1.000     2.000     3.000     4.000     5.000     6.000     7.000   387.714    41.584   -19.673    10.919    29.906     3.029    -0.278     0.608
   450.000   420.000   410.000         *         *         *         *    24.000    23.000    26.000    23.000         *         *         *     8.308    13.000     2.000     0.000     0.000     1.000     1.000     2.000     3.000     4.000         *         *         *   486.084    42.421   -29.150    11.390    26.046     3.073    -0.190     0.740
   500.000   500.000   460.000   380.000         *         *         *    45.000    39.000    41.000    38.000    35.000    45.000         *     1.907     7.000     0.000     0.000     1.000     0.000     1.000     2.000     3.000     4.000     5.000     6.000         *   535.256    41.641   -32.872    10.948    41.917     3.061    -0.477     0.664
   400.000   540.000   530.000   450.000         *         *         *    37.000    44.000    46.000    39.000    34.000         *         *     7.613    13.000     3.000     0.000     0.000     0.000     1.000     2.000     3.000     4.000     5.000         *         *   540.854    41.715   -28.435    10.983    44.022     3.066    -1.479     0.710
   350.000   340.000   300.000   280.000         *         *         *    47.000    35.000    41.000    40.000    36.000         *         *    14.597     7.000   -13.000     0.000     1.000     1.000     1.000     2.000     3.000     4.000     5.000         *         *   379.825    41.715   -27.663    10.983    42.894     3.066    -1.143     0.710
   550.000         *         *         *         *         *         *    29.000    35.000         *         *         *         *         *     1.729     7.000     1.000     0.000     1.000     0.000     1.000     2.000         *         *         *         *         *   557.652    56.100   -31.353    11.588    32.694     3.429     0.183     0.752
   380.000   380.000         *         *         *         *         *    25.000    19.000    20.000    17.000    22.000         *         *    14.701     1.000     2.000     0.000     0.000     0.000     1.000     2.000     3.000     4.000     5.000         *         *   404.205    45.563   -18.511    11.425    20.856     3.066     0.177     0.711
   510.000   480.000   680.000   540.000   450.000         *         *    33.000    31.000    27.000    37.000    23.000    27.000         *    14.638     7.000     8.000     0.000     1.000     0.000     1.000     2.000     3.000     4.000     5.000     6.000     7.000   566.833    41.639   -16.199    10.277    33.800     3.061    -1.180     0.664
   410.000   260.000         *   240.000   210.000   210.000   200.000    47.000    36.000    37.000    29.000    35.000    38.000    30.000    15.585    11.000    -4.000     0.000     0.000     0.000     1.000     2.000     3.000     4.000     5.000     6.000     7.000   376.061    43.115   -28.533     8.508    42.560     3.029    -1.665     0.606
   250.000   160.000   150.000         *         *         *         *    27.000    28.000    30.000    28.000         *         *         *    14.920     3.000    -5.000     0.000     0.000     0.000     1.000     2.000     3.000     4.000         *         *         *   241.572    42.421   -19.145    11.390    28.688     3.073    -0.004     0.740
   440.000   320.000         *         *         *         *         *    48.000    37.000    45.000    29.000         *         *         *    12.768     9.000    11.000     0.000     1.000     0.000     1.000     2.000     3.000     4.000         *         *         *   405.269    45.606   -15.323    11.472    45.341     3.073    -2.300     0.740
   450.000   350.000   350.000   400.000         *         *         *    45.000    40.000    41.000    47.000         *         *         *     8.500    11.000    -7.000     0.000     1.000     0.000     1.000     2.000     3.000     4.000     5.000     6.000     7.000   453.694    41.798   -28.476    11.021    45.759     3.073    -1.200     0.739
   680.000   850.000   550.000         *         *         *         *    40.000    49.000    62.000    50.000    44.000         *    44.000    -0.379     6.000     3.000     0.000     1.000     0.000     1.000     2.000     3.000     4.000     5.000     6.000     7.000   757.848    42.278   -49.219    11.290    48.559     3.030    -0.432     0.630
   270.000   380.000         *         *         *         *         *    63.000    65.000    62.000    57.000    52.000    31.000         *    10.348    11.000   -13.000     0.000     0.000     0.000     1.000     2.000     3.000     4.000     5.000     6.000         *   371.479    45.525   -35.800    11.381    66.110     3.061    -3.483     0.665
   500.000   450.000   410.000   360.000   310.000   300.000         *    34.000    42.000    37.000    39.000    35.000    32.000    32.000    15.290    11.000     3.000     0.000     0.000     0.000     1.000     2.000     3.000     4.000     5.000     6.000     7.000   509.258    41.337   -35.324     9.365    40.716     3.029    -1.296     0.607
   300.000         *         *         *         *         *         *    37.000    34.000         *         *         *         *         *     5.899     3.000    13.000     0.000     1.000     1.000     1.000     2.000     3.000         *         *         *         *   331.240    56.100   -10.710    11.588    35.952     3.429    -0.436     0.752
   200.000   280.000   210.000   200.000   164.000   254.000   210.000    31.000    36.000    36.000    34.000    38.000    36.000    38.000     9.255    -1.000    11.000     0.000     0.000     0.000     1.000     2.000     3.000     4.000     5.000     6.000     7.000   260.734    40.613    -9.773     8.386    33.606     3.028     0.322     0.606
   580.000   520.000   500.000         *         *         *         *    39.000         *         *    40.000    25.000         *         *     6.047     9.000    -3.000     0.000     0.000     0.000     1.000     2.000     3.000     4.000     5.000     6.000         *   598.088    42.358   -40.244    11.359    37.961     3.704    -0.879     0.738
   380.000   350.000   280.000   240.000         *         *         *    30.000    33.000    29.000    31.000    25.000    29.000         *    17.181     7.000    -9.000     1.000     0.000     0.000     1.000     2.000     3.000     4.000     5.000     6.000         *   391.161    41.641   -31.799    10.948    31.756     3.061    -0.565     0.664
   300.000   200.000   200.000         *         *         *         *    44.000    36.000    39.000    30.000         *         *         *    18.821     9.000    -8.000     0.000     1.000     0.000     1.000     2.000     3.000     4.000         *         *         *   275.220    42.421   -17.080    11.390    42.427     3.073    -1.970     0.740
   380.000   530.000   400.000         *         *         *         *    35.000    40.000    36.000    36.000         *         *         *     6.931     5.000    11.000     0.000     0.000     0.000     1.000     2.000     3.000     4.000         *         *         *   480.464    42.421   -24.356    11.390    37.602     3.073    -0.599     0.740
   210.000   200.000   200.000         *         *         *         *    38.000    38.000    39.000    40.000         *         *         *    10.118     5.000    -9.000     1.000     0.000     0.000     1.000     2.000     3.000     4.000         *         *         *   265.023    42.421   -25.570    11.390    38.917     3.073    -0.270     0.740
   400.000   300.000   300.000   280.000   280.000   300.000   280.000    38.000    44.000    40.000    34.000    34.000    41.000    52.000     3.533     9.000     1.000     1.000     1.000     0.000     1.000     2.000     3.000     4.000     5.000     6.000     7.000   387.646    40.613   -20.332     8.386    39.775     3.028     0.068     0.606
   350.000         *         *         *         *         *         *    24.000    25.000         *         *         *         *         *     9.518     5.000    -1.000     1.000     1.000     0.000     1.000     2.000         *         *         *         *         *   375.686    56.100   -17.508    11.588    25.946     3.429     0.320     0.752
   250.000   240.000   370.000   320.000         *   300.000         *    52.000    43.000    42.000    48.000    37.000    38.000    22.000    14.101    13.000     4.000     1.000     1.000     0.000     1.000     2.000     3.000     4.000     5.000     6.000     7.000   313.149    41.381    -5.856     9.632    52.490     3.029    -3.115     0.607
   550.000   520.000         *   480.000   440.000   400.000         *    32.000    35.000    31.000    30.000    28.000    25.000    24.000     7.175     7.000     1.000     1.000     1.000     0.000     1.000     2.000     3.000     4.000     5.000     6.000     7.000   560.442    43.593   -25.849     9.426    33.531     3.029    -0.929     0.607
   270.000   250.000   230.000   200.000   160.000   120.000   110.000    41.000    31.000    41.000    25.000    41.000    34.000    41.000    13.869     5.000    -1.000     1.000     1.000     1.000     1.000     2.000     3.000     4.000     5.000     6.000     7.000   293.894    40.613   -24.676     8.386    36.886     3.028    -0.210     0.606
   300.000         *         *   240.000   220.000         *         *    34.000    33.000    40.000    37.000    33.000    31.000    20.000     3.506    10.000     4.000     0.000     1.000     0.000     1.000     2.000     3.000     4.000     5.000     6.000     7.000   328.126    49.926   -17.039    10.612    38.926     3.031    -1.394     0.608
   310.000   260.000   220.000   200.000   210.000   200.000         *    37.000    41.000    39.000    40.000    29.000    35.000    33.000     9.264     3.000     5.000     0.000     1.000     0.000     1.000     2.000     3.000     4.000     5.000     6.000     7.000   296.279    41.337   -16.140     9.365    39.931     3.029    -0.933     0.607
   480.000   310.000   280.000   260.000         *   280.000         *    32.000    33.000    33.000    34.000    27.000    22.000    26.000    10.731    13.000     6.000     0.000     0.000     0.000     1.000     2.000     3.000     4.000     5.000     6.000     7.000   415.276    41.381   -26.792     9.632    36.207     3.029    -1.509     0.607
   250.000         *   220.000   200.000         *         *         *    34.000    41.000    35.000    39.000    41.000         *         *    12.908     5.000    -3.000     0.000     1.000     0.000     1.000     2.000     3.000     4.000     5.000         *         *   279.884    46.556   -16.981    11.157    39.060     3.067    -0.502     0.710
   300.000   260.000   240.000         *         *         *         *    27.000    34.000    30.000    22.000         *         *         *    14.107    11.000    -3.000     0.000     0.000     0.000     1.000     2.000     3.000     4.000         *         *         *   321.814    42.421   -20.970    11.390    31.934     3.073    -1.012     0.740
   380.000   300.000   160.000   150.000   150.000         *         *    43.000    57.000    47.000    50.000    36.000    35.000         *     6.704    11.000    -4.000     0.000     0.000     0.000     1.000     2.000     3.000     4.000     5.000     6.000         *   355.907    41.639   -39.481    10.277    51.102     3.061    -1.888     0.664
   160.000         *         *         *         *         *         *    36.000    41.000         *         *         *         *         *     5.896     5.000    -2.000     0.000     1.000     1.000     1.000     2.000         *         *         *         *         *   222.292    56.100   -13.504    11.588    39.014     3.429    -0.347     0.752
   520.000   450.000   400.000   400.000   400.000         *         *    28.000    30.000    31.000    36.000    34.000    28.000         *     6.865     2.000     0.000     0.000     1.000     0.000     1.000     2.000     3.000     4.000     5.000     6.000         *   504.518    41.639   -25.892    10.277    30.074     3.061     0.338     0.664
   380.000   360.000         *         *         *         *         *    46.000    31.000    38.000         *         *         *         *     6.211    12.000    18.000     1.000     1.000     0.000     1.000     2.000     3.000         *         *         *         *   401.217    45.648   -12.040    11.519    42.316     3.152    -1.784     0.752
   640.000   580.000         *         *         *         *         *    35.000         *    30.000         *         *         *         *     3.678     5.000    -1.000     0.000     1.000     0.000     1.000     2.000     3.000     4.000         *         *         *   633.247    45.650   -36.339    11.534    32.959     3.619     0.059     0.761
   420.000   360.000   320.000   300.000         *         *         *    36.000    34.000    32.000    45.000    40.000    45.000         *     6.257     8.000     8.000     0.000     1.000     0.000     1.000     2.000     3.000     4.000     5.000     6.000         *   418.894    41.641   -24.780    10.948    37.857     3.061     0.099     0.664
   220.000   200.000         *         *         *         *         *    51.000    54.000    51.000         *         *         *         *     6.621     5.000    11.000     0.000     1.000     0.000     1.000     2.000     3.000         *         *         *         *   247.870    45.648   -10.111    11.519    53.757     3.152    -1.882     0.752
   410.000   360.000   320.000         *         *         *         *    39.000    35.000    30.000    25.000         *         *         *     3.446     6.000    -1.000     0.000     1.000     0.000     1.000     2.000     3.000     4.000         *         *         *   410.180    42.421   -21.955    11.390    34.860     3.073    -0.624     0.740
   460.000   410.000         *         *         *         *         *    45.000    52.000    54.000         *         *         *         *     3.667    12.000    -6.000     0.000     0.000     0.000     1.000     2.000     3.000         *         *         *         *   496.872    45.648   -43.502    11.519    51.147     3.152    -1.158     0.752
   420.000   400.000   400.000   400.000         *         *         *    41.000    50.000    40.000    41.000    41.000         *         *     6.879     9.000     6.000     0.000     1.000     0.000     1.000     2.000     3.000     4.000     5.000         *         *   453.880    41.715   -20.900    10.983    46.173     3.066    -1.389     0.710
   520.000   500.000         *         *         *         *         *    41.000    39.000    41.000    45.000         *         *         *     8.010     9.000    -5.000     0.000     0.000     0.000     1.000     2.000     3.000     4.000         *         *         *   556.191    45.606   -42.512    11.472    42.159     3.073    -0.600     0.740
   500.000   500.000         *         *         *         *         *    43.000    40.000    35.000         *         *         *         *     0.637     5.000    -7.000     0.000     1.000     0.000     1.000     2.000     3.000         *         *         *         *   533.307    45.648   -35.221    11.519    39.564     3.152    -0.154     0.752
   520.000   500.000         *         *         *         *         *    29.000    28.000    27.000         *         *         *         *     9.154     8.000     8.000     0.000     1.000     0.000     1.000     2.000     3.000         *         *         *         *   530.292    45.648   -21.231    11.519    30.131     3.152    -0.534     0.752
   450.000   482.000         *         *         *         *         *    41.000    46.000    38.000         *         *         *         *     0.965     7.000    -2.000     0.000     0.000     0.000     1.000     2.000     3.000         *         *         *         *   513.370    45.648   -38.113    11.519    41.816     3.152    -0.393     0.752
   360.000         *         *         *         *         *         *    34.000    29.000         *         *         *         *         *    15.665    10.000    -1.000     0.000     1.000     0.000     1.000     2.000         *         *         *         *         *   381.177    56.100   -16.307    11.588    34.795     3.429    -1.256     0.752
   250.000   250.000         *         *         *         *         *    27.000    30.000    30.000         *         *         *         *     8.094     7.000   -21.000     0.000     1.000     0.000     1.000     2.000     3.000         *         *         *         *   300.621    45.648   -24.448    11.519    29.813     3.152     0.390     0.752
   250.000         *         *         *         *         *         *    34.000    46.000         *         *         *         *         *     3.060     8.000    -7.000     0.000     1.000     2.000     1.000     2.000         *         *         *         *         *   303.931    56.100   -25.854    11.588    40.123     3.429    -0.042     0.752
   300.000         *         *         *         *         *         *    57.000    61.000    50.000         *         *         *         *     4.010     7.000     8.000     1.000     1.000     0.000     1.000     2.000     3.000         *         *         *         *   337.028    56.087   -19.950    11.545    57.905     3.153    -2.074     0.752
   320.000   300.000         *         *         *         *         *    48.000    55.000    56.000         *         *         *         *     1.578    11.000    -8.000     0.000     1.000     0.000     1.000     2.000     3.000         *         *         *         *   367.420    45.648   -30.782    11.519    54.308     3.152    -1.301     0.752
   300.000   300.000         *         *         *         *         *    54.000    55.000    53.000         *         *         *         *     2.630     9.000     3.000     1.000     1.000     0.000     1.000     2.000     3.000         *         *         *         *   344.919    45.648   -23.445    11.519    55.691     3.152    -1.713     0.752
   400.000   360.000         *         *         *         *         *    20.000    21.000    23.000         *         *         *         *     4.609    -1.000     3.000     1.000     1.000     0.000     1.000     2.000     3.000         *         *         *         *   406.974    45.648   -17.725    11.519    19.811     3.152     1.388     0.752
   460.000         *         *         *         *         *         *    33.000    29.000    27.000         *         *         *         *    15.290    12.000     5.000     0.000     0.000     0.000     1.000     2.000     3.000         *         *         *         *   478.476    56.087   -25.156    11.545    33.284     3.153    -1.346     0.752
   200.000         *         *         *         *         *         *    26.000    33.000         *         *         *         *         *     1.357     5.000    -9.000     0.000     1.000     0.000     1.000     2.000         *         *         *         *         *   270.216    56.100   -17.360    11.588    30.428     3.429     0.669     0.752
   280.000         *         *         *         *         *         *    46.000    44.000         *         *         *         *         *     0.946     5.000    -1.000     0.000     1.000     0.000     1.000     2.000         *         *         *         *         *   327.838    56.100   -20.522    11.588    45.106     3.429    -0.671     0.752
   300.000         *         *         *         *         *         *    36.000    31.000         *         *         *         *         *     0.760     9.000   -10.000     1.000     0.000     0.000     1.000     2.000         *         *         *         *         *   363.383    56.100   -33.108    11.588    34.462     3.429     0.279     0.752
   580.000         *         *         *         *         *         *         *    42.000         *         *         *         *         *     1.570    13.000     8.000     0.000     0.000     0.000     1.000     2.000         *         *         *         *         *   599.557    56.191   -38.842    11.596    43.737     4.604    -1.177     0.808
