   160.000   200.000         *         *         *         *         *    18.000     8.000    16.000    14.000         *         *         *     8.146     3.000    -1.000     0.000     0.000     0.000     1.000     2.000     3.000     4.000         *         *         *   219.417    30.273   -15.966     6.772    15.435     2.821     0.386     0.293
   150.000         *   180.000         *   240.000   180.000   160.000    67.000    54.000    64.000    58.000    58.000    60.000    58.000     1.455    11.000    -1.000     0.000     1.000     0.000     1.000     2.000     3.000     4.000     5.000     6.000     7.000   220.722    30.961    -8.173     5.667    59.896     2.433    -0.051     0.289
   200.000   200.000         *         *         *         *         *    24.000    22.000    32.000    26.000         *         *         *     3.010     2.000     4.000     0.000     1.000     0.000     1.000     2.000     3.000     4.000         *         *         *   238.789    30.273   -14.003     6.772    26.412     2.821     0.348     0.293
   220.000   220.000         *         *         *         *         *    50.000    52.000    46.000         *         *         *         *    13.929     8.000     7.000     0.000     0.000     1.000     1.000     2.000     3.000         *         *         *         *   240.402    30.282   -12.870     6.779    50.377     3.130    -0.541     0.293
   250.000   230.000   210.000   200.000   120.000         *         *    44.000    32.000    36.000    36.000    44.000    32.000         *    25.962     7.000    -2.000     0.000     0.000     0.000     1.000     2.000     3.000     4.000     5.000     6.000         *   268.896    27.017   -23.521     6.325    38.457     2.506    -0.231     0.292
   300.000         *         *         *         *         *         *    42.000    34.000    40.000         *         *         *         *     1.841     5.000     4.000     1.000     0.000     0.000     1.000     2.000     3.000         *         *         *         *   316.581    37.242   -23.089     6.820    38.539     3.131     0.085     0.294
   250.000   300.000   350.000   300.000   280.000   240.000   200.000    28.000    16.000    30.000    28.000    30.000    32.000    26.000     2.134     3.000     7.000     0.000     1.000     1.000     1.000     2.000     3.000     4.000     5.000     6.000     7.000   328.978    26.706   -14.137     5.380    28.025     2.432    -0.019     0.289
   350.000         *   330.000   650.000   480.000   450.000   350.000    50.000    62.000    50.000    40.000    52.000    54.000    50.000     0.379     9.000    14.000     0.000     1.000     0.000     1.000     2.000     3.000     4.000     5.000     6.000     7.000   441.299    29.780    -4.960     5.652    49.124     2.432     0.505     0.289
   150.000         *         *         *         *         *         *    50.000    32.000         *         *         *         *         *    15.577    10.000    -5.000     1.000     1.000     0.000     1.000     2.000         *         *         *         *         *   183.240    37.247   -17.535     6.826    42.591     3.658    -0.351     0.295
   250.000         *         *         *         *         *         *    34.000    40.000         *         *         *         *         *    14.014     3.000    -9.000     0.000     0.000     0.000     1.000     2.000         *         *         *         *         *   277.494    37.247   -28.545     6.826    37.612     3.658    -0.305     0.295
   320.000   300.000   300.000   300.000   280.000         *         *    50.000    58.000    52.000    52.000    52.000    50.000         *     1.083     5.000     5.000     0.000     0.000     0.000     1.000     2.000     3.000     4.000     5.000     6.000         *   353.623    27.017   -19.433     6.325    51.424     2.506     0.105     0.292
   410.000         *   360.000   256.000   242.000   210.000         *    58.000    66.000    56.000    64.000    60.000    56.000    66.000     0.828     6.000     8.000     0.000     1.000     0.000     1.000     2.000     3.000     4.000     5.000     6.000     7.000   398.630    29.965   -27.538     6.121    59.355     2.433     0.195     0.290
   350.000         *         *         *         *         *         *    56.000    44.000         *         *         *         *         *    12.593     7.000    -8.000     0.000     0.000     0.000     1.000     2.000         *         *         *         *         *   350.675    37.247   -31.505     6.826    49.655     3.658    -0.251     0.295
   300.000         *         *         *         *         *         *    36.000    34.000         *         *         *         *         *     5.028     5.000   -10.000     0.000     0.000     0.000     1.000     2.000         *         *         *         *         *   323.843    37.247   -29.640     6.826    36.426     3.658     0.028     0.295
   350.000   240.000         *         *         *         *         *    42.000    50.000    48.000         *         *         *         *    13.923     5.000     8.000     0.000     1.000     0.000     1.000     2.000     3.000         *         *         *         *   318.270    30.282   -19.579     6.779    46.021     3.130     0.037     0.293
   400.000   350.000   340.000   340.000         *   280.000         *    48.000    52.000    60.000    44.000    56.000    50.000    52.000     2.756    13.000     1.000     0.000     1.000     0.000     1.000     2.000     3.000     4.000     5.000     6.000     7.000   399.361    27.056   -20.507     6.017    50.381     2.432     0.456     0.289
   300.000   210.000   180.000         *         *         *         *    52.000    48.000    42.000    38.000         *         *         *     7.306     5.000     3.000     0.000     1.000     0.000     1.000     2.000     3.000     4.000         *         *         *   274.501    27.816   -19.580     6.756    45.147     2.821    -0.022     0.293
   400.000   170.000         *         *         *         *         *    58.000    58.000    54.000    54.000         *         *         *    15.941    11.000    -2.000     0.000     0.000     1.000     1.000     2.000     3.000     4.000         *         *         *   310.784    30.273   -24.829     6.772    57.572     2.821    -0.698     0.293
   400.000   280.000         *         *         *         *         *    46.000    50.000    50.000         *         *         *         *     1.362     5.000    -3.000     0.000     1.000     0.000     1.000     2.000     3.000         *         *         *         *   375.207    30.282   -28.573     6.779    48.173     3.130     0.048     0.293
   340.000   300.000   310.000         *         *         *         *    44.000    32.000    34.000    38.000    36.000         *         *     1.450    13.000     4.000     1.000     1.000     0.000     1.000     2.000     3.000     4.000     5.000         *         *   343.835    27.804   -17.475     6.750    36.684     2.628     0.524     0.293
   350.000   270.000         *   260.000   220.000         *   200.000    58.000    58.000    52.000    64.000    60.000    62.000    58.000     4.171     9.000     8.000     0.000     0.000     0.000     1.000     2.000     3.000     4.000     5.000     6.000     7.000   334.435    28.353   -19.891     5.627    57.286     2.432     0.283     0.289
         *   380.000         *         *         *         *         *    30.000    40.000    44.000         *         *         *         *     5.592     5.000     7.000     0.000     1.000     0.000     1.000     2.000     3.000         *         *         *         *   391.459    40.317   -21.515     7.162    37.715     3.131     0.430     0.295
   300.000   400.000   252.000         *   210.000   180.000   120.000    38.000    52.000    44.000    48.000    50.000    56.000    48.000    13.641     8.000   -11.000     1.000     0.000     0.000     1.000     2.000     3.000     4.000     5.000     6.000     7.000   374.868    27.409   -35.269     5.381    48.788     2.432    -0.353     0.289
   350.000   360.000   350.000         *         *         *         *    30.000    34.000    26.000    42.000         *         *         *     3.949     5.000    13.000     0.000     1.000     0.000     1.000     2.000     3.000     4.000     5.000         *         *   376.433    27.816   -15.316     6.756    32.260     2.821     0.686     0.293
   230.000   220.000         *         *         *         *         *    30.000    28.000    22.000         *         *         *         *    15.243     3.000   -19.000     1.000     0.000     0.000     1.000     2.000     3.000         *         *         *         *   271.806    30.282   -36.172     6.779    28.739     3.130    -0.665     0.293
   430.000   180.000         *   140.000         *         *         *    36.000    30.000    36.000    42.000    42.000    36.000         *    14.246     8.000   -20.000     0.000     0.000     0.000     1.000     2.000     3.000     4.000     5.000     6.000         *   342.477    28.769   -41.589     6.613    38.188     2.506    -0.161     0.292
   310.000   270.000   200.000   160.000   150.000   140.000   120.000    30.000    32.000    40.000    28.000    38.000    36.000    40.000     1.515     5.000     2.000     0.000     0.000     0.000     1.000     2.000     3.000     4.000     5.000     6.000     7.000   300.651    26.706   -25.770     5.380    33.495     2.432     0.495     0.289
   300.000         *         *         *         *         *         *    60.000    50.000    60.000    56.000    66.000    60.000    60.000     4.825     7.000   -10.000     0.000     1.000     0.000     1.000     2.000     3.000     4.000     5.000     6.000     7.000   323.749    37.203   -29.507     6.792    59.137     2.433    -0.248     0.290
   160.000         *         *         *         *         *         *    62.000    66.000         *         *         *         *         *     3.147    11.000    10.000     0.000     0.000     0.000     1.000     2.000         *         *         *         *         *   206.995    37.247    -8.013     6.826    62.232     3.658     0.209     0.295
   300.000         *   110.000   100.000   110.000   100.000   100.000    36.000    28.000    30.000    42.000    34.000    36.000    32.000     3.070     3.000    -3.000     1.000     1.000     0.000     1.000     2.000     3.000     4.000     5.000     6.000     7.000   254.999    29.780   -26.232     5.652    34.699     2.432    -0.138     0.289
   310.000   350.000   300.000   280.000         *         *         *    34.000    34.000    30.000         *         *         *         *     1.647     0.000     0.000     1.000     1.000     0.000     1.000     2.000     3.000     4.000     5.000     6.000     7.000   369.608    27.128   -27.096     6.632    32.706     3.130    -0.160     0.293
   360.000         *         *         *         *         *         *    54.000    44.000         *         *         *         *         *     7.695     5.000     2.000     0.000     1.000     0.000     1.000     2.000         *         *         *         *         *   360.619    37.247   -24.438     6.826    48.164     3.658    -0.017     0.295
   340.000   380.000   350.000   260.000         *         *         *    36.000    46.000    36.000    36.000    30.000         *         *     2.605     7.000    -3.000     0.000     0.000     0.000     1.000     2.000     3.000     4.000     5.000         *         *   391.350    27.102   -26.893     6.619    36.802     2.628     0.305     0.293
   340.000   300.000   230.000   150.000   140.000   110.000   100.000    62.000    62.000    50.000    46.000    56.000    46.000    58.000     1.244     7.000   -18.000     0.000     1.000     0.000     1.000     2.000     3.000     4.000     5.000     6.000     7.000   345.148    26.706   -37.417     5.380    55.760     2.432    -0.414     0.289
   360.000   450.000   340.000   300.000   250.000   200.000   180.000    58.000    54.000    52.000    54.000    52.000    62.000    40.000     1.472     6.000    11.000     0.000     0.000     0.000     1.000     2.000     3.000     4.000     5.000     6.000     7.000   411.267    26.706   -28.891     5.380    51.736     2.432     0.308     0.289
   200.000   150.000   200.000   150.000   120.000   100.000   100.000    44.000    44.000    44.000    44.000    54.000    46.000    42.000    15.087     1.000     7.000     0.000     1.000     0.000     1.000     2.000     3.000     4.000     5.000     6.000     7.000   218.918    26.706   -17.242     5.380    45.795     2.432    -0.253     0.289
   250.000         *         *         *         *         *         *    34.000    44.000         *         *         *         *         *    14.252     7.000    -7.000     0.000     1.000     0.000     1.000     2.000         *         *         *         *         *   272.166    37.247   -23.265     6.826    40.361     3.658    -0.117     0.295
   220.000   200.000         *         *         *         *         *    60.000    40.000    54.000         *         *         *         *     1.844     7.000     3.000     0.000     1.000     0.000     1.000     2.000     3.000         *         *         *         *   246.588    30.282   -14.623     6.779    50.986     3.130     0.090     0.293
   260.000   150.000   150.000   110.000         *         *         *    42.000    36.000    30.000    34.000    42.000         *         *     6.348     8.000    -4.000     0.000     0.000     0.000     1.000     2.000     3.000     4.000     5.000         *         *   232.533    27.102   -22.017     6.619    37.211     2.628     0.217     0.293
   500.000   360.000   320.000   260.000         *   180.000   150.000    60.000    66.000    64.000    54.000    52.000    58.000    60.000     8.894     9.000    -4.000     0.000     0.000     0.000     1.000     2.000     3.000     4.000     5.000     6.000     7.000   441.526    26.874   -39.985     5.421    59.076     2.432    -0.088     0.289
   250.000   180.000   158.000   150.000   150.000   120.000         *    64.000    64.000    64.000    66.000    54.000    66.000    64.000     8.461     6.000    -9.000     0.000     0.000     1.000     1.000     2.000     3.000     4.000     5.000     6.000     7.000   256.012    26.963   -25.106     5.891    66.487     2.432    -1.121     0.289
   250.000         *         *         *         *         *         *    60.000    52.000    56.000         *         *         *         *    16.656     5.000    -7.000     0.000     1.000     0.000     1.000     2.000     3.000         *         *         *         *   270.181    37.242   -26.093     6.820    55.618     3.131    -0.628     0.294
   370.000   370.000   300.000   250.000   220.000         *         *    64.000    56.000    52.000    62.000    62.000    64.000    66.000     6.764    10.000     5.000     0.000     1.000     0.000     1.000     2.000     3.000     4.000     5.000     6.000     7.000   374.271    26.998   -25.142     6.318    59.411     2.432     0.246     0.290
   400.000   350.000   280.000   240.000   200.000   140.000   110.000    44.000    52.000    48.000    58.000    48.000    42.000    40.000    10.504     9.000    -9.000     0.000     0.000     0.000     1.000     2.000     3.000     4.000     5.000     6.000     7.000   394.218    26.706   -38.107     5.380    47.995     2.432    -0.078     0.289
   110.000   100.000         *         *         *         *         *    28.000    46.000    34.000         *         *         *         *    12.259     6.000   -14.000     0.000     1.000     0.000     1.000     2.000     3.000         *         *         *         *   157.965    30.282   -20.302     6.779    37.797     3.130    -0.321     0.293
   260.000   300.000   280.000   290.000         *         *         *    46.000    60.000    62.000    48.000    52.000         *         *     5.044     5.000     7.000     0.000     1.000     0.000     1.000     2.000     3.000     4.000     5.000         *         *   318.067    27.102   -15.556     6.619    52.786     2.628     0.019     0.293
   160.000         *         *         *         *         *         *    50.000    52.000    48.000         *    44.000    36.000         *    12.105     3.000   -22.000     0.000     1.000     3.000     1.000     2.000     3.000     4.000     5.000     6.000         *   193.009    37.218   -26.600     6.802    54.917     2.679    -2.696     0.293
   250.000   310.000   280.000   240.000   210.000   180.000         *    30.000    40.000    36.000    32.000    40.000    30.000    38.000    14.115     5.000   -10.000     0.000     9.000     0.000     1.000     2.000     3.000     4.000     5.000     6.000     7.000   298.147    26.963   -15.406     5.891    37.464     2.432    -0.368     0.289
   280.000   700.000   410.000   370.000   350.000   310.000   260.000    50.000    58.000    50.000    56.000    62.000    54.000    62.000     4.418     7.000     0.000     0.000     0.000     0.000     1.000     2.000     3.000     4.000     5.000     6.000     7.000   494.906    26.706   -31.070     5.380    54.467     2.432     0.206     0.289
   260.000   200.000   210.000   130.000   120.000   120.000   110.000    52.000    56.000    56.000    58.000    54.000    52.000    62.000     3.996    10.000    -6.000     0.000     1.000     0.000     1.000     2.000     3.000     4.000     5.000     6.000     7.000   261.554    26.706   -23.334     5.380    55.564     2.432     0.019     0.289
   280.000   270.000   240.000   180.000   150.000   150.000   120.000    56.000    56.000    54.000    56.000    58.000    50.000    54.000     9.907     9.000   -18.000     0.000     1.000     0.000     1.000     2.000     3.000     4.000     5.000     6.000     7.000   316.409    26.706   -30.354     5.380    56.540     2.432    -0.494     0.289
   250.000         *         *         *         *         *         *    58.000    52.000    48.000         *         *         *         *    13.529     7.000    -3.000     0.000     1.000     0.000     1.000     2.000     3.000         *         *         *         *   269.885    37.242   -21.557     6.820    52.618     3.131    -0.315     0.294
   280.000         *   240.000   180.000   150.000   110.000   100.000    56.000    62.000    58.000    62.000    60.000    52.000    60.000     7.602    11.000   -14.000     0.000     0.000     0.000     1.000     2.000     3.000     4.000     5.000     6.000     7.000   309.106    29.780   -30.868     5.652    59.355     2.432    -0.262     0.289
   250.000   220.000   200.000   140.000   110.000   100.000         *    52.000    42.000    36.000    46.000    42.000    38.000    36.000    10.397     5.000   -19.000     0.000     1.000     0.000     1.000     2.000     3.000     4.000     5.000     6.000     7.000   281.414    26.963   -31.957     5.891    44.289     2.432    -0.602     0.289
   310.000   250.000   250.000   230.000   210.000         *         *    58.000    52.000    56.000    60.000    54.000    56.000         *     2.129    11.000    11.000     0.000     1.000     1.000     1.000     2.000     3.000     4.000     5.000     6.000         *   288.737    27.017   -12.044     6.325    56.585     2.506    -0.118     0.292
   330.000         *         *         *         *         *         *    24.000    30.000    26.000         *         *         *         *    17.754     5.000    -1.000     1.000     0.000     0.000     1.000     2.000     3.000         *         *         *         *   324.381    37.242   -28.193     6.820    27.840     3.131    -0.114     0.294
   260.000   200.000         *         *         *         *         *    60.000    60.000    64.000         *         *         *         *     7.158    10.000    -9.000     0.000     0.000     0.000     1.000     2.000     3.000         *         *         *         *   272.871    30.282   -25.994     6.779    60.817     3.130    -0.258     0.293
   300.000   240.000   200.000   270.000   200.000         *         *    32.000    34.000    40.000    40.000    32.000         *         *    16.713     3.000    -3.000     0.000     1.000     0.000     1.000     2.000     3.000     4.000     5.000     6.000         *   305.950    27.035   -22.912     6.330    36.301     2.628    -0.205     0.293
   250.000   200.000   200.000   150.000         *   150.000         *    46.000    46.000    46.000    56.000    58.000    50.000    42.000     7.637     5.000     4.000     0.000     0.000     0.000     1.000     2.000     3.000     4.000     5.000     6.000     7.000   256.144    27.056   -19.301     6.017    48.743     2.432     0.012     0.289
   350.000   350.000   320.000   300.000   240.000         *         *    48.000    50.000    54.000    50.000    42.000    50.000         *     4.574     5.000     0.000     0.000     0.000     0.000     1.000     2.000     3.000     4.000     5.000     6.000         *   386.581    27.017   -27.118     6.325    48.547     2.506     0.024     0.292
   270.000   320.000         *         *         *         *         *    38.000    40.000    40.000         *         *         *         *     9.354     5.000    -8.000     1.000     0.000     0.000     1.000     2.000     3.000         *         *         *         *   328.029    30.282   -31.479     6.779    39.737     3.130    -0.353     0.293
   250.000   280.000         *         *         *         *         *    20.000    30.000    28.000    26.000         *         *         *     7.303     4.000    -9.000     1.000     0.000     0.000     1.000     2.000     3.000     4.000         *         *         *   303.552    30.273   -29.903     6.772    27.188     2.821    -0.128     0.293
   270.000   300.000         *   250.000   230.000   210.000   160.000    54.000    46.000    40.000    52.000    52.000    50.000    48.000     6.298     5.000    -4.000     0.000     0.000     0.000     1.000     2.000     3.000     4.000     5.000     6.000     7.000   329.929    28.340   -23.456     5.454    48.971     2.432    -0.132     0.289
   380.000   300.000   260.000   250.000         *         *         *    58.000    60.000    58.000    60.000    50.000         *         *    10.090     4.000    -1.000     0.000     1.000     1.000     1.000     2.000     3.000     4.000     5.000         *         *   358.306    27.102   -27.614     6.619    58.978     2.628    -0.961     0.293
   280.000         *         *         *         *         *         *    48.000    48.000         *         *         *         *         *     8.875     5.000     3.000     0.000     1.000     0.000     1.000     2.000         *         *         *         *         *   298.416    37.247   -19.725     6.826    47.327     3.658    -0.038     0.295
   320.000         *         *         *         *         *         *    54.000    44.000         *         *         *         *         *    10.706     9.000    11.000     0.000     1.000     0.000     1.000     2.000         *         *         *         *         *   319.960    37.247   -14.267     6.826    48.747     3.658     0.303     0.295
   370.000         *         *         *         *         *         *    54.000    62.000         *         *         *         *         *     6.402     5.000     2.000     0.000     1.000     0.000     1.000     2.000         *         *         *         *         *   371.224    37.247   -25.818     6.826    55.800     3.658    -0.124     0.295
   300.000         *         *         *         *         *         *    42.000    52.000         *         *         *         *         *     8.259     2.000    -3.000     0.000     1.000     0.000     1.000     2.000         *         *         *         *         *   319.930    37.247   -26.485     6.826    45.928     3.658    -0.269     0.295
   280.000   170.000   120.000   100.000   100.000   100.000   100.000    46.000    40.000    36.000    34.000    44.000    44.000    26.000    15.758     6.000    -2.000     1.000     0.000     0.000     1.000     2.000     3.000     4.000     5.000     6.000     7.000   233.521    26.706   -23.628     5.380    40.419     2.432    -0.459     0.289
   240.000   270.000         *   220.000   240.000   220.000   200.000    58.000    50.000    66.000    62.000    60.000    58.000    54.000    10.438    11.000    -4.000     0.000     1.000     0.000     1.000     2.000     3.000     4.000     5.000     6.000     7.000   289.981    28.340   -15.104     5.454    58.626     2.432    -0.167     0.289
   150.000   170.000   170.000         *         *         *         *    50.000    54.000    56.000    66.000    34.000         *         *    14.747     9.000    -6.000     1.000     1.000     0.000     1.000     2.000     3.000     4.000     5.000     6.000         *   204.799    27.804   -19.912     6.750    53.378     2.628    -0.642     0.293
   390.000   300.000         *   260.000   260.000   250.000         *    38.000    30.000    26.000    28.000    26.000    30.000    24.000     3.979     6.000     2.000     1.000     0.000     1.000     1.000     2.000     3.000     4.000     5.000     6.000     7.000   365.237    28.482   -22.890     5.929    31.339     2.432    -0.431     0.289
   200.000   160.000   140.000         *         *         *         *    44.000    56.000    46.000    44.000         *         *         *    16.264     6.000    -9.000     0.000     0.000     0.000     1.000     2.000     3.000     4.000         *         *         *   221.501    27.816   -24.968     6.756    48.272     2.821    -0.464     0.293
   350.000   240.000   340.000   280.000   250.000   210.000   200.000    46.000    40.000    48.000    48.000    52.000    46.000    40.000     6.556     5.000    -2.000     0.000     1.000     0.000     1.000     2.000     3.000     4.000     5.000     6.000     7.000   355.042    26.706   -23.069     5.380    45.740     2.432    -0.042     0.289
   230.000   250.000   230.000   200.000   180.000   150.000   110.000    46.000    52.000    42.000    56.000    40.000    40.000         *    11.374     9.000    -4.000     0.000     0.000     0.000     1.000     2.000     3.000     4.000     5.000     6.000     7.000   279.621    26.725   -21.843     5.386    46.558     2.506    -0.074     0.291
   250.000   220.000   210.000   180.000   154.000   150.000         *    66.000    50.000    64.000    58.000         *    48.000    40.000     9.376     5.000   -15.000     0.000     1.000     0.000     1.000     2.000     3.000     4.000     5.000     6.000     7.000   285.381    26.968   -26.986     5.893    57.041     2.549    -0.858     0.289
   150.000         *   140.000         *         *         *         *    52.000    54.000    52.000    52.000         *         *         *    17.680    13.000    -3.000     0.000     0.000     0.000     1.000     2.000     3.000     4.000         *         *         *   185.417    31.876   -14.886     6.812    53.056     2.821    -0.099     0.294
   110.000   100.000   100.000   100.000   100.000         *         *    56.000    50.000    54.000    32.000    54.000    58.000         *    22.457    11.000    -5.000     0.000     1.000     0.000     1.000     2.000     3.000     4.000     5.000     6.000         *   143.987    27.017   -12.207     6.325    52.020     2.506    -0.379     0.292
   330.000         *   280.000   250.000   230.000   200.000   180.000    44.000    38.000    34.000    36.000    34.000    38.000    46.000     9.581     9.000     2.000     0.000     1.000     0.000     1.000     2.000     3.000     4.000     5.000     6.000     7.000   333.121    29.780   -20.813     5.652    37.918     2.432     0.352     0.289
   250.000         *         *         *         *         *         *    36.000    42.000    40.000         *         *         *         *    11.793     5.000     2.000     0.000     0.000     0.000     1.000     2.000     3.000         *         *         *         *   274.305    37.242   -20.137     6.820    39.494     3.131     0.059     0.294
   300.000   260.000   230.000   200.000         *         *         *    40.000    48.000    48.000    46.000    50.000         *         *    11.506     6.000     2.000     0.000     1.000     0.000     1.000     2.000     3.000     4.000     5.000         *         *   301.564    27.102   -21.755     6.619    46.138     2.628     0.029     0.293
   280.000   150.000         *         *         *         *         *    56.000    56.000    64.000         *         *         *         *     6.966    13.000    -3.000     0.000     1.000     0.000     1.000     2.000     3.000         *         *         *         *   252.034    30.282   -18.175     6.779    58.595     3.130     0.075     0.293
   230.000         *         *         *         *         *         *    48.000    48.000         *         *         *         *         *     6.372     6.000     1.000     0.000     1.000     0.000     1.000     2.000         *         *         *         *         *   262.779    37.247   -17.635     6.826    47.752     3.658    -0.011     0.295
   240.000         *   250.000         *         *   240.000   200.000    58.000    58.000    52.000    36.000    62.000    58.000    60.000    14.778    11.000     0.000     0.000     0.000     0.000     1.000     2.000     3.000     4.000     5.000     6.000     7.000   283.143    31.572   -13.917     5.680    54.698     2.433    -0.036     0.289
   150.000   180.000         *         *         *         *         *    45.000    38.000    44.000         *         *         *         *    19.309     5.000     3.000     0.000     1.000     0.000     1.000     2.000     3.000         *         *         *         *   195.346    30.282   -13.566     6.779    42.710     3.130    -0.243     0.293
   250.000   250.000         *         *         *         *         *    42.000         *         *         *         *         *         *     3.432     5.000    -4.000     0.000     1.000     0.000     1.000     2.000     3.000         *         *         *         *   288.118    30.293   -22.006     6.796    42.940     4.734     0.007     0.300
   150.000   130.000   180.000         *         *         *         *    48.000    38.000    54.000    58.000         *         *         *    14.203     7.000   -11.000     0.000     0.000     0.000     1.000     2.000     3.000     4.000         *         *         *   205.473    27.816   -22.837     6.756    49.987     2.821    -0.400     0.293
   250.000   280.000   250.000   200.000         *   150.000         *    58.000    50.000    58.000    56.000    44.000    60.000    52.000    12.130    11.000     3.000     1.000     1.000     0.000     1.000     2.000     3.000     4.000     5.000     6.000     7.000   288.029    27.056   -20.394     6.017    54.471     2.432    -0.193     0.289
   250.000         *         *         *         *         *         *    60.000    60.000    56.000    62.000         *         *         *     4.667     6.000     5.000     1.000     1.000     0.000     1.000     2.000     3.000     4.000     5.000         *         *   273.904    37.235   -19.830     6.813    58.681     2.822    -0.356     0.294
   260.000   240.000   200.000   150.000   150.000   150.000         *    60.000    64.000    62.000    66.000    54.000    66.000    62.000     5.748     9.000     0.000     0.000     0.000     0.000     1.000     2.000     3.000     4.000     5.000     6.000     7.000   272.977    26.963   -22.413     5.891    61.653     2.432    -0.068     0.289
   210.000         *   200.000         *         *         *         *    42.000    40.000         *         *         *         *         *    20.442    11.000   -14.000     0.000     1.000     0.000     1.000     2.000     3.000     4.000         *         *         *   247.404    31.890   -23.782     6.825    43.346     3.658    -0.283     0.295
   300.000         *   240.000   200.000   150.000   180.000         *    50.000    40.000    54.000    56.000    58.000    46.000    54.000    12.108    11.000   -13.000     0.000     1.000     0.000     1.000     2.000     3.000     4.000     5.000     6.000     7.000   314.273    29.965   -27.549     6.121    51.721     2.433    -0.133     0.290
   280.000   230.000   250.000         *         *         *         *    38.000    44.000    40.000    40.000         *         *         *    10.189     8.000    -5.000     0.000     0.000     0.000     1.000     2.000     3.000     4.000         *         *         *   298.190    27.816   -23.712     6.756    40.989     2.821     0.075     0.293
   260.000   250.000   230.000   220.000   220.000         *         *    62.000    60.000    50.000    56.000    58.000    54.000         *     3.725     5.000     0.000     0.000     0.000     0.000     1.000     2.000     3.000     4.000     5.000     6.000         *   297.967    27.017   -20.907     6.325    56.589     2.506    -0.214     0.292
   200.000   180.000   150.000   150.000   120.000         *         *    62.000    62.000    64.000    62.000    56.000    58.000         *     3.955     9.000     8.000     0.000     1.000     0.000     1.000     2.000     3.000     4.000     5.000     6.000         *   206.966    27.017   -12.270     6.325    60.141     2.506     0.042     0.292
   240.000         *         *         *         *         *         *    56.000    40.000         *         *         *         *         *    10.345    11.000   -10.000     1.000     0.000     0.000     1.000     2.000         *         *         *         *         *   260.561    37.247   -26.896     6.826    48.707     3.658    -0.344     0.295
   230.000         *   210.000         *         *         *         *    38.000    32.000    26.000    34.000         *         *         *    10.731     5.000    -5.000     0.000     1.000     0.000     1.000     2.000     3.000     4.000         *         *         *   264.800    31.876   -20.831     6.812    33.614     2.821    -0.022     0.294
   360.000   280.000   220.000         *         *         *         *    50.000    60.000         *    54.000         *         *         *     1.817    11.000    10.000     1.000     1.000     0.000     1.000     2.000     3.000     4.000     5.000         *         *   322.463    27.819   -18.455     6.760    53.658     3.165     0.250     0.294
   240.000         *         *         *         *         *         *    52.000    58.000         *         *         *         *         *    10.545    11.000    -6.000     0.000     1.000     1.000     1.000     2.000         *         *         *         *         *   257.765    37.247   -19.036     6.826    56.384     3.658    -0.709     0.295
   300.000   280.000         *         *         *         *         *    64.000    60.000    58.000    58.000    58.000         *         *     5.858    13.000    -3.000     0.000     1.000     0.000     1.000     2.000     3.000     4.000     5.000         *         *   315.362    30.264   -20.532     6.766    59.464     2.628     0.058     0.293
   120.000   110.000   102.000         *         *         *         *    56.000    44.000    42.000    34.000         *         *         *    12.801     5.000     3.000     0.000     1.000     0.000     1.000     2.000     3.000     4.000         *         *         *   148.146    27.816   -10.519     6.756    44.789     2.821    -0.264     0.293
   250.000   210.000   200.000   200.000         *         *         *    46.000    58.000    48.000    58.000    62.000         *         *     5.806    11.000     0.000     0.000     1.000     0.000     1.000     2.000     3.000     4.000     5.000         *         *   261.178    27.102   -16.683     6.619    53.772     2.628     0.214     0.293
   360.000   310.000         *         *         *         *         *    26.000    28.000    26.000         *         *         *         *     4.316     5.000    15.000     0.000     0.000     0.000     1.000     2.000     3.000         *         *         *         *   352.734    30.282   -15.130     6.779    26.970     3.130     0.823     0.293
   200.000   120.000   110.000         *   100.000         *         *    50.000    48.000         *    56.000    52.000    58.000         *     5.707     7.000     6.000     1.000     0.000     0.000     1.000     2.000     3.000     4.000     5.000     6.000         *   191.214    27.569   -17.218     6.371    52.278     2.708    -0.108     0.293
   252.000   200.000   160.000   150.000   120.000         *         *    64.000    58.000    64.000    56.000    66.000    56.000         *    15.273    11.000   -10.000     0.000     0.000     0.000     1.000     2.000     3.000     4.000     5.000     6.000         *   257.371    27.017   -26.934     6.325    61.635     2.506    -0.430     0.292
   250.000         *         *         *         *         *         *    58.000    48.000    52.000         *         *         *         *     7.697     5.000   -11.000     0.000     1.000     0.000     1.000     2.000     3.000         *         *         *         *   281.226    37.242   -27.639     6.820    52.660     3.131    -0.465     0.294
   300.000   250.000   200.000   200.000         *         *         *    60.000    54.000    56.000    52.000    54.000         *         *     7.216     5.000    -3.000     1.000     1.000     0.000     1.000     2.000     3.000     4.000     5.000         *         *   304.486    27.102   -27.925     6.619    55.679     2.628    -0.574     0.293
   170.000   120.000         *         *         *         *         *    26.000    26.000    28.000    42.000         *         *         *     9.970     7.000    -2.000     0.000     0.000     0.000     1.000     2.000     3.000     4.000         *         *         *   189.663    30.273   -15.654     6.772    31.222     2.821     0.278     0.293
   200.000   150.000   120.000         *         *         *         *    42.000    20.000    44.000    22.000         *         *         *    15.760     8.000    -7.000     0.000     0.000     0.000     1.000     2.000     3.000     4.000         *         *         *   205.519    27.816   -20.564     6.756    33.622     2.821    -0.041     0.293
   150.000   130.000   120.000         *         *         *         *    62.000    60.000    58.000    60.000    66.000         *         *     5.159     9.000    -6.000     0.000     0.000     0.000     1.000     2.000     3.000     4.000     5.000         *         *   186.765    27.804   -19.028     6.750    61.207     2.628    -0.254     0.293
   320.000   300.000         *         *         *         *         *     6.000    10.000    22.000         *         *         *         *     2.493    -4.000    -8.000     1.000     0.000     0.000     1.000     2.000     3.000         *         *         *         *   355.976    30.282   -35.893     6.779    13.890     3.130    -0.101     0.293
   200.000   150.000         *         *         *         *         *    40.000    44.000    36.000    28.000         *         *         *    14.638     5.000   -15.000     0.000     0.000     0.000     1.000     2.000     3.000     4.000         *         *         *   224.024    30.273   -27.895     6.772    38.718     2.821    -0.466     0.293
   180.000   120.000         *         *         *         *         *    60.000    60.000    58.000         *         *         *         *     2.583    11.000     2.000     1.000     1.000     0.000     1.000     2.000     3.000         *         *         *         *   189.665    30.282   -13.682     6.779    58.845     3.130    -0.183     0.293
   280.000   240.000         *         *         *         *         *    48.000    56.000    54.000         *         *         *         *     1.181     9.000     1.000     0.000     1.000     0.000     1.000     2.000     3.000         *         *         *         *   293.196    30.282   -18.107     6.779    52.273     3.130     0.213     0.293
   120.000   100.000         *         *         *         *         *    36.000    40.000    30.000         *         *         *         *     6.939     5.000     3.000     1.000     0.000     0.000     1.000     2.000     3.000         *         *         *         *   154.510    30.282   -13.792     6.779    36.029     3.130    -0.125     0.293
   310.000   300.000         *         *         *         *         *    48.000    48.000    54.000         *         *         *         *    11.993     5.000   -13.000     0.000     0.000     0.000     1.000     2.000     3.000         *         *         *         *   343.696    30.282   -34.791     6.779    49.862     3.130    -0.442     0.293
   410.000         *         *         *         *         *         *    22.000    34.000    40.000         *         *         *         *     0.557     7.000     7.000     0.000     0.000     0.000     1.000     2.000     3.000         *         *         *         *   406.955    37.242   -22.550     6.820    32.112     3.131     0.814     0.294
   250.000         *         *         *         *         *         *    36.000         *         *         *         *         *         *    16.338     3.000    -9.000     0.000     0.000     0.000     1.000     2.000         *         *         *         *         *   274.436    37.251   -28.587     6.837    36.825     4.734    -0.347     0.300
   280.000   300.000         *         *         *         *         *    38.000    26.000    42.000         *         *         *         *     6.419    11.000    -7.000     0.000     0.000     0.000     1.000     2.000     3.000         *         *         *         *   320.292    30.282   -23.700     6.779    36.767     3.130     0.395     0.293
   150.000         *         *         *         *         *         *    28.000    30.000         *         *         *         *         *     4.984    -1.000    -9.000     0.000     0.000     0.000     1.000     2.000         *         *         *         *         *   213.860    37.247   -24.319     6.826    30.093     3.658    -0.236     0.295
   300.000         *         *         *         *         *         *    56.000    46.000         *         *         *         *         *     1.822     5.000   -12.000     0.000     0.000     0.000     1.000     2.000         *         *         *         *         *   327.644    37.247   -32.000     6.826    50.406     3.658    -0.260     0.295
   300.000         *         *         *         *         *         *    52.000    60.000    50.000         *         *         *         *     5.020     9.000    -1.000     0.000     0.000     0.000     1.000     2.000     3.000         *         *         *         *   317.680    37.242   -22.982     6.820    53.490     3.131     0.080     0.294
   200.000   160.000         *         *         *         *         *    50.000    32.000    42.000         *         *         *         *    11.916     2.000    -6.000     1.000     1.000     0.000     1.000     2.000     3.000         *         *         *         *   224.296    30.282   -25.196     6.779    41.742     3.130    -0.690     0.293
   150.000   120.000         *         *         *         *         *    26.000    30.000    26.000         *         *         *         *     4.910     5.000     5.000     0.000     0.000     0.000     1.000     2.000     3.000         *         *         *         *   177.838    30.282   -10.303     6.779    28.531     3.130     0.419     0.293
   250.000   220.000         *         *         *         *         *    54.000    44.000    48.000         *         *         *         *     9.247    13.000     3.000     1.000     1.000     0.000     1.000     2.000     3.000         *         *         *         *   258.020    30.282   -15.731     6.779    49.141     3.130     0.055     0.293
   160.000         *         *         *         *         *         *    64.000    50.000    60.000         *         *         *         *     3.123     8.000    -2.000     0.000     0.000     0.000     1.000     2.000     3.000         *         *         *         *   212.852    37.242   -17.113     6.820    57.371     3.131    -0.130     0.294
   240.000         *         *         *         *         *         *    48.000    42.000         *         *         *         *         *    14.580     5.000   -16.000     0.000     0.000     1.000     1.000     2.000         *         *         *         *         *   262.253    37.247   -30.338     6.826    46.622     3.658    -1.138     0.295
   280.000         *         *         *         *         *         *    56.000    66.000    56.000         *         *         *         *     9.206    13.000     5.000     0.000     0.000     0.000     1.000     2.000     3.000         *         *         *         *   292.402    37.242   -16.392     6.820    58.626     3.131     0.226     0.294
   310.000         *         *         *         *         *         *    38.000    24.000    30.000         *         *         *         *     7.383     2.000    -5.000     0.000     0.000     0.000     1.000     2.000     3.000         *         *         *         *   328.375    37.242   -28.307     6.820    31.502     3.131     0.008     0.294
   120.000         *         *         *         *         *         *    60.000    64.000    64.000         *         *         *         *     7.933    13.000    -3.000     0.000     1.000     0.000     1.000     2.000     3.000         *         *         *         *   173.034    37.242   -11.796     6.820    62.508     3.131    -0.114     0.294
   250.000         *         *         *         *         *         *    22.000    26.000         *         *         *         *         *     2.107    10.000    -7.000     1.000     0.000     0.000     1.000     2.000         *         *         *         *         *   278.501    37.247   -23.543     6.826    27.555     3.658     0.338     0.295
   200.000         *         *         *         *         *         *    64.000    66.000         *         *         *         *         *     3.010    12.000     0.000     0.000     1.000     0.000     1.000     2.000         *         *         *         *         *   239.175    37.247   -14.328     6.826    63.904     3.658     0.012     0.295
   200.000         *         *         *         *         *         *    38.000    46.000         *         *         *         *         *     7.848     4.000   -24.000     0.000     0.000     0.000     1.000     2.000         *         *         *         *         *   250.908    37.247   -35.154     6.826    42.910     3.658    -0.587     0.295
   150.000         *         *         *         *         *         *    62.000    66.000    64.000         *         *         *         *     3.624     6.000     6.000     1.000     1.000     0.000     1.000     2.000     3.000         *         *         *         *   198.180    37.242   -14.207     6.820    62.302     3.131    -0.459     0.294
   410.000         *         *         *         *         *         *    36.000    36.000         *         *         *         *         *     5.198     9.000    11.000     0.000     0.000     0.000     1.000     2.000         *         *         *         *         *   397.053    37.247   -19.286     6.826    37.111     3.658     0.767     0.295
   250.000         *         *         *         *         *         *    50.000    36.000         *         *         *         *         *     3.306     7.000    12.000     0.000     1.000     0.000     1.000     2.000         *         *         *         *         *   275.481    37.247   -10.038     6.826    43.297     3.658     0.444     0.295
   210.000         *         *         *         *         *         *    30.000    40.000         *         *         *         *         *     4.960    13.000    -1.000     1.000     0.000     0.000     1.000     2.000         *         *         *         *         *   240.529    37.247   -16.942     6.826    37.490     3.658     0.345     0.295
   250.000         *         *         *         *         *         *    40.000    38.000         *         *         *         *         *     4.261     5.000    -8.000     0.000     0.000     0.000     1.000     2.000         *         *         *         *         *   285.676    37.247   -26.009     6.826    39.896     3.658    -0.018     0.295
   150.000         *         *         *         *         *         *    30.000    20.000         *         *         *         *         *    14.304     0.000    -5.000     1.000     0.000     1.000     1.000     2.000         *         *         *         *         *   187.877    37.247   -22.276     6.826    27.499     3.658    -1.089     0.295
   200.000         *         *         *         *         *         *    62.000    58.000         *         *         *         *         *     9.072    13.000   -10.000     0.000     1.000     0.000     1.000     2.000         *         *         *         *         *   234.756    37.247   -20.270     6.826    60.215     3.658    -0.212     0.295
   280.000         *         *         *         *         *         *    44.000    38.000         *         *         *         *         *     4.825     7.000   -11.000     0.000     0.000     0.000     1.000     2.000         *         *         *         *         *   307.168    37.247   -28.508     6.826    42.168     3.658    -0.020     0.295
   120.000         *         *         *         *         *         *    62.000    54.000         *         *         *         *         *    14.630    11.000    -6.000     0.000     1.000     0.000     1.000     2.000         *         *         *         *         *   167.138    37.247   -14.908     6.826    57.994     3.658    -0.365     0.295
   200.000         *         *         *         *         *         *    60.000    56.000         *         *         *         *         *     3.248     9.000     0.000     1.000     1.000     1.000     1.000     2.000         *         *         *         *         *   228.558    37.247   -16.420     6.826    58.018     3.658    -0.875     0.295
   240.000         *         *         *         *         *         *    54.000    48.000         *         *         *         *         *     9.080     5.000    -4.000     0.000     0.000     0.000     1.000     2.000         *         *         *         *         *   270.970    37.247   -24.234     6.826    50.093     3.658    -0.268     0.295
   150.000         *         *         *         *         *         *    42.000    46.000         *         *         *         *         *     8.136     6.000    -4.000     1.000     0.000     0.000     1.000     2.000         *         *         *         *         *   197.579    37.247   -20.979     6.826    43.918     3.658    -0.369     0.295
   300.000         *         *         *         *         *         *    44.000    44.000         *         *         *         *         *     4.804     9.000     1.000     0.000     0.000     0.000     1.000     2.000         *         *         *         *         *   316.936    37.247   -20.782     6.826    44.638     3.658     0.324     0.295
   120.000         *         *         *         *         *         *    50.000    42.000         *         *         *         *         *     9.009     9.000    -6.000     0.000     0.000     2.000     1.000     2.000         *         *         *         *         *   162.350    37.247   -13.056     6.826    49.531     3.658    -1.273     0.295
   280.000         *         *         *         *         *         *    60.000    56.000         *         *         *         *         *    12.787     9.000   -18.000     0.000     1.000     0.000     1.000     2.000         *         *         *         *         *   298.205    37.247   -32.220     6.826    57.728     3.658    -0.591     0.295
   180.000         *         *         *         *         *         *    34.000    28.000         *         *         *         *         *     6.966     1.000    -4.000     0.000     0.000     0.000     1.000     2.000         *         *         *         *         *   230.517    37.247   -21.637     6.826    32.049     3.658    -0.092     0.295
   302.000         *         *         *         *         *         *    54.000    62.000         *         *         *         *         *     6.027     9.000    -4.000     0.000     1.000     0.000     1.000     2.000         *         *         *         *         *   318.386    37.247   -23.770     6.826    57.086     3.658    -0.092     0.295
