         *         *         *   353.330   400.000    38.000    28.000    36.000    37.000    35.000         *     7.547     5.000     0.000     0.000     0.000     1.000     2.000     3.000     4.000     5.000   407.653    81.367    -8.328    17.104    34.228     2.040     0.038     0.514
         *         *         *         *   416.670    31.000    39.000    37.000    38.000    33.000         *     2.742     7.000     1.000     1.000     1.000     1.000     2.000     3.000     4.000     5.000   392.393    89.538     1.056    17.144    33.932     2.040     0.513     0.514
         *         *         *         *   350.000    24.000    23.000    25.000    25.000    30.000         *     4.270     7.000     1.000     1.000     0.000     1.000     2.000     3.000     4.000     5.000   386.713    89.538   -10.141    17.144    24.199     2.040     0.648     0.514
         *         *         *         *   293.330    35.000    37.000    36.000    30.000         *         *     0.604     6.000     0.000     0.000     1.000     1.000     2.000     3.000     4.000     5.000   355.178    89.671    -8.006    17.168    35.420     2.046    -0.334     0.551
         *   446.670   423.330   453.330   396.670         *    20.000    18.000    17.000    24.000         *    15.692     5.000     1.000     1.000     1.000     1.000     2.000     3.000     4.000     5.000   446.372    59.097    -8.968    15.080    20.739     2.344     0.114     0.538
         *         *         *         *   346.670         *    37.000    38.000    33.000    34.000         *     2.860     8.000     0.000     0.000     0.000     1.000     2.000     3.000     4.000     5.000   414.572    89.629   -13.086    17.162    35.651     2.348    -0.178     0.540
         *         *         *         *   533.330         *    24.000    21.000    29.000    34.000         *     1.321    13.000     0.000     0.000     0.000     1.000     2.000     3.000     4.000     5.000   499.106    89.629    -2.878    17.162    27.197     2.348     0.226     0.540
         *         *         *         *   363.330    35.000    32.000         *    34.000    29.000         *     3.634     5.000     0.000     1.000     1.000     1.000     2.000     3.000     4.000     5.000   370.262    89.538    -2.010    17.145    33.158     2.133    -0.153     0.514
         *         *         *         *   456.670    41.000    40.000    40.000         *         *         *     4.177     0.000     0.000     1.000     1.000     1.000     2.000     3.000     4.000     5.000   396.144    89.738     6.601    17.189    38.773     2.095     0.212     0.577
         *         *   458.330   506.670   466.670    34.000    35.000    29.000    30.000    27.000         *    10.334     2.000     0.000     0.000     0.000     1.000     2.000     3.000     4.000     5.000   490.365    71.113    -7.723    16.463    32.381     2.039    -0.530     0.514
         *         *         *         *   313.330    31.000    35.000    33.000    36.000    30.000         *     5.751     5.000     0.000     1.000     0.000     1.000     2.000     3.000     4.000     5.000   373.804    89.538   -11.306    17.144    32.370     2.040     0.138     0.514
         *         *         *         *   403.330    33.000    42.000    38.000    26.000    34.000         *     3.826     7.000     1.000     1.000     0.000     1.000     2.000     3.000     4.000     5.000   425.751    89.538    -9.160    17.144    33.629     2.040     0.196     0.514
         *         *         *         *   366.670    33.000    36.000    34.000    34.000    31.000         *     3.180    13.000     0.000     0.000     0.000     1.000     2.000     3.000     4.000     5.000   435.570    89.538   -14.174    17.144    34.152     2.040    -0.236     0.514
         *         *         *         *   201.670    38.000    31.000    32.000    35.000    28.000         *    12.631     1.000     0.000     1.000     0.000     1.000     2.000     3.000     4.000     5.000   319.258    89.538   -18.892    17.144    32.946     2.040    -0.238     0.514
         *         *         *   466.670   430.000    30.000    30.000    34.000    35.000    29.000         *    18.361     5.000     0.000     0.000     0.000     1.000     2.000     3.000     4.000     5.000   469.184    81.367   -10.728    17.104    31.396     2.040    -0.108     0.514
         *         *         *         *   460.000    37.000    38.000    33.000    28.000    31.000         *     4.861     7.000     0.000     1.000     0.000     1.000     2.000     3.000     4.000     5.000   456.655    89.538    -6.248    17.144    34.104     2.040    -0.324     0.514
         *         *         *         *   343.330    24.000    29.000    30.000    18.000    23.000         *     8.642     2.000     0.000     1.000     1.000     1.000     2.000     3.000     4.000     5.000   354.661    89.538    -4.133    17.144    26.758     2.040    -0.383     0.514
         *         *         *         *   283.330    35.000    33.000    31.000    34.000    37.000         *    12.464     9.000     0.000     1.000     0.000     1.000     2.000     3.000     4.000     5.000   363.398    89.538   -15.394    17.144    32.799     2.040     0.206     0.514
         *         *         *         *   298.330    29.000    32.000    20.000    30.000    33.000         *     6.972    -4.000     1.000     1.000     0.000     1.000     2.000     3.000     4.000     5.000   339.989    89.538    -9.546    17.144    27.176     2.040     0.599     0.514
         *         *         *         *   356.670    29.000    31.000    33.000    29.000    34.000         *     7.090     5.000     1.000     1.000     0.000     1.000     2.000     3.000     4.000     5.000   387.330    89.538    -9.548    17.144    29.278     2.040     0.620     0.514
         *         *         *         *   460.000    19.000    23.000    20.000    24.000    21.000         *     4.368     6.000     0.000     0.000     0.000     1.000     2.000     3.000     4.000     5.000   456.983    89.538    -6.532    17.144    23.091     2.040    -0.154     0.514
         *         *         *         *    96.670    36.000    37.000    35.000    34.000    36.000         *    17.337     7.000     0.000     1.000     1.000     1.000     2.000     3.000     4.000     5.000   244.235    89.538   -19.332    17.144    35.080     2.040    -0.089     0.514
         *         *         *         *   280.000    31.000    20.000    20.000    27.000    23.000         *    11.517     5.000     0.000     1.000     0.000     1.000     2.000     3.000     4.000     5.000   361.562    89.538   -16.236    17.144    25.489     2.040    -0.259     0.514
         *         *         *   166.670   383.330    20.000    32.000    28.000    24.000    28.000         *     4.157     5.000     0.000     1.000     0.000     1.000     2.000     3.000     4.000     5.000   304.344    81.367    -3.903    17.104    26.257     2.040     0.260     0.514
         *         *         *         *   416.670    34.000    39.000    39.000    37.000    31.000         *     3.287     5.000     0.000     1.000     0.000     1.000     2.000     3.000     4.000     5.000   425.716    89.538    -5.532    17.144    35.336     2.040     0.069     0.514
         *         *         *         *   296.670    31.000    33.000    33.000    34.000    35.000         *     8.289    -2.000     1.000     1.000     0.000     1.000     2.000     3.000     4.000     5.000   342.373    89.538    -9.854    17.144    30.658     2.040     0.725     0.514
         *         *         *   323.330   450.000    30.000    31.000    29.000    30.000    30.000         *     2.463     5.000     0.000     0.000     0.000     1.000     2.000     3.000     4.000     5.000   402.839    81.367    -4.493    17.104    30.574     2.040    -0.094     0.514
         *         *         *         *   213.330    28.000    33.000    31.000    22.000    31.000         *     4.615     9.000     1.000     1.000     0.000     1.000     2.000     3.000     4.000     5.000   338.040    89.538   -20.234    17.144    28.488     2.040     0.245     0.514
         *         *         *         *   476.670    27.000    32.000    36.000    34.000    37.000         *     3.095     9.000     0.000     0.000     1.000     1.000     2.000     3.000     4.000     5.000   429.679    89.538     3.632    17.144    32.432     2.040     0.346     0.514
         *         *         *         *   353.330    31.000    32.000    31.000    31.000    34.000         *     8.431     7.000     0.000     1.000     0.000     1.000     2.000     3.000     4.000     5.000   392.245    89.538   -10.096    17.144    30.985     2.040     0.221     0.514
         *         *         *         *   413.330    30.000    36.000    35.000         *    33.000         *     4.251     7.000     0.000     1.000     0.000     1.000     2.000     3.000     4.000     5.000   422.039    89.556    -5.821    17.153    32.573     2.077     0.261     0.524
         *         *         *         *   366.670    28.000    36.000    30.000    35.000    43.000         *     4.034     5.000     0.000     1.000     0.000     1.000     2.000     3.000     4.000     5.000   380.807    89.538    -4.819    17.144    31.616     2.040     0.869     0.514
         *         *         *         *   150.000    37.000    34.000    27.000    36.000    31.000         *     6.071     9.000     0.000     1.000     0.000     1.000     2.000     3.000     4.000     5.000   312.036    89.538   -23.038    17.144    33.093     2.040    -0.127     0.514
         *         *         *         *   366.670    33.000    31.000    28.000    28.000    32.000         *     0.793    13.000     0.000     0.000     0.000     1.000     2.000     3.000     4.000     5.000   434.823    89.538   -14.031    17.144    31.484     2.040    -0.257     0.514
         *         *         *         *   245.000    37.000    36.000    32.000    26.000    31.000         *     3.248    11.000     0.000     1.000     1.000     1.000     2.000     3.000     4.000     5.000   335.362    89.538   -12.338    17.144    34.021     2.040    -0.496     0.514
         *         *         *         *   183.330    27.000    29.000    25.000    23.000    27.000         *     8.530     5.000     1.000     1.000     0.000     1.000     2.000     3.000     4.000     5.000   314.964    89.538   -21.425    17.144    26.046     2.040     0.171     0.514
         *         *         *         *   310.000    35.000    30.000    30.000    29.000    37.000         *     8.741     6.000     0.000     1.000     1.000     1.000     2.000     3.000     4.000     5.000   338.387    89.538    -5.229    17.144    31.975     2.040     0.083     0.514
         *         *         *         *   326.670    27.000    32.000    31.000    29.000    32.000         *     4.270     2.000     1.000     1.000     0.000     1.000     2.000     3.000     4.000     5.000   367.828    89.538    -9.562    17.144    28.490     2.040     0.621     0.514
         *         *         *         *   283.330    25.000    30.000    32.000         *    38.000         *     0.886     5.000     1.000     1.000     1.000     1.000     2.000     3.000     4.000     5.000   311.635    89.556    -2.784    17.153    28.960     2.077     1.046     0.524
         *         *         *         *   363.330    25.000    22.000    20.000    19.000    24.000         *    13.795    12.000     0.000     1.000     0.000     1.000     2.000     3.000     4.000     5.000   413.525    89.538   -14.895    17.144    23.546     2.040    -0.276     0.514
         *         *         *         *   206.670    28.000    27.000    29.000         *    31.000         *     9.455     3.000     0.000     1.000     1.000     1.000     2.000     3.000     4.000     5.000   281.769    89.556    -9.477    17.153    28.795     2.077     0.149     0.524
         *         *         *         *   630.000    29.000         *    29.000    35.000    37.000         *     2.304     6.000     0.000     1.000     0.000     1.000     2.000     3.000     4.000     5.000   511.191    89.561     8.374    17.147    30.586     2.219     0.645     0.519
         *         *         *   303.330         *    34.000    31.000    29.000    31.000    32.000         *    11.128     7.000     0.000     1.000     0.000     1.000     2.000     3.000     4.000     5.000   365.963    82.175   -15.008    17.927    31.192     2.040    -0.020     0.514
         *         *         *   326.670         *    38.000    39.000    37.000    36.000    39.000         *     5.858     5.000     0.000     0.000     0.000     1.000     2.000     3.000     4.000     5.000   385.929    82.175   -12.717    17.927    37.031     2.040     0.004     0.514
         *         *         *   220.000         *    32.000    37.000    35.000    27.000    33.000         *     7.331     7.000     0.000     0.000     0.000     1.000     2.000     3.000     4.000     5.000   333.933    82.175   -19.094    17.927    33.368     2.040    -0.287     0.514
         *         *   346.670         *         *    36.000    36.000    37.000         *         *         *     3.251     9.000     0.000     1.000     1.000     1.000     2.000     3.000         *         *   358.915    73.622    -2.262    18.367    35.702     2.095     0.141     0.578
         *         *         *   275.000   396.670    29.000    32.000    31.000    29.000    26.000         *     6.843     9.000     0.000     1.000     0.000     1.000     2.000     3.000     4.000     5.000   373.308    81.367    -8.231    17.104    29.936     2.040    -0.132     0.514
         *         *         *   373.330         *    41.000    35.000    36.000    38.000    37.000         *     1.797    14.000     1.000     0.000     0.000     1.000     2.000     3.000     4.000     5.000   432.749    82.175   -15.544    17.927    36.311     2.040     0.174     0.514
         *         *         *   573.330   590.000    33.000    34.000    39.000    35.000    34.000         *     3.667     7.000     0.000     1.000     0.000     1.000     2.000     3.000     4.000     5.000   529.049    81.367     3.315    17.104    33.832     2.040     0.298     0.514
         *         *         *   486.670         *    30.000    33.000    30.000    36.000    28.000         *     1.504    11.000     1.000     1.000     0.000     1.000     2.000     3.000     4.000     5.000   477.095    82.175    -8.609    17.927    30.320     2.040     0.410     0.514
         *         *         *   257.330   300.000    27.000    30.000    23.000    32.000    33.000         *     8.535     5.000     0.000     1.000     0.000     1.000     2.000     3.000     4.000     5.000   331.706    81.367   -10.722    17.104    28.013     2.040     0.388     0.514
         *         *         *   366.670         *    27.000    29.000    29.000    27.000    30.000         *     7.752     3.000     0.000     1.000     0.000     1.000     2.000     3.000     4.000     5.000   391.467    82.175    -9.674    17.927    28.143     2.040     0.168     0.514
         *         *         *   608.330   573.330    31.000    29.000    25.000    28.000    31.000         *     9.535    11.000     0.000     1.000     0.000     1.000     2.000     3.000     4.000     5.000   556.537    81.367    -2.470    17.104    28.977     2.040     0.002     0.514
         *         *         *   338.330   413.330    34.000    34.000    29.000    26.000    27.000         *    10.687     5.000     0.000     0.000     1.000     1.000     2.000     3.000     4.000     5.000   387.957    81.367    -4.113    17.104    32.350     2.040    -0.743     0.514
         *         *         *   331.000   283.330    33.000    30.000    33.000    25.000    29.000         *     9.600     5.000     1.000     0.000     0.000     1.000     2.000     3.000     4.000     5.000   393.941    81.367   -19.461    17.104    30.310     2.040    -0.142     0.514
         *         *         *   290.000   293.330    37.000    39.000    36.000    45.000    41.000         *     3.541     5.000     1.000     1.000     0.000     1.000     2.000     3.000     4.000     5.000   343.263    81.367   -10.289    17.104    35.923     2.040     0.938     0.514
         *         *   483.330   236.670   390.000    38.000    43.000    40.000    40.000    42.000         *     3.930     9.000     1.000     1.000     1.000     1.000     2.000     3.000     4.000     5.000   402.159    71.113    -8.966    16.463    38.065     2.039     0.594     0.514
         *         *         *   505.000   553.330    40.000    35.000    40.000    38.000    38.000         *     0.864     9.000     0.000     1.000     0.000     1.000     2.000     3.000     4.000     5.000   495.876    81.367     1.649    17.104    36.843     2.040     0.271     0.514
         *         *         *   238.330   386.670    38.000    39.000    36.000    33.000    31.000         *     3.139     5.000     0.000     1.000     0.000     1.000     2.000     3.000     4.000     5.000   349.556    81.367    -6.451    17.104    35.567     2.040    -0.205     0.514
         *         *         *   233.330   240.000    25.000    24.000    23.000    26.000    29.000         *     7.582     9.000     0.000     0.000     0.000     1.000     2.000     3.000     4.000     5.000   336.166    81.367   -18.961    17.104    26.130     2.040    -0.038     0.514
         *         *         *   326.000   390.000    28.000    30.000    28.000    26.000    24.000         *     1.483     6.000     0.000     0.000     0.000     1.000     2.000     3.000     4.000     5.000   404.007    81.367   -10.063    17.104    29.041     2.040    -0.412     0.514
         *         *         *   353.330   330.000    31.000    33.000         *    34.000    36.000         *     4.713     9.000     0.000     0.000     0.000     1.000     2.000     3.000     4.000     5.000   402.113    81.367   -13.197    17.104    32.804     2.133     0.167     0.514
   126.670         *         *         *         *    38.000    34.000         *         *         *   -12.000     2.271     9.000     0.000     0.000     1.000     1.000     2.000         *         *         *   197.961    57.122    -3.192    16.170    35.585     2.255     0.205     0.540
   223.330   276.670         *         *         *    29.000    26.000         *         *         *     3.500     2.687    11.000     1.000     1.000     0.000     1.000     2.000         *         *         *   275.981    48.527    -3.677    16.144    27.704     2.255     0.458     0.539
   593.330   523.330   300.000   560.000   380.000    35.000    32.000    38.000    35.000    38.000     1.000    10.712     9.000     0.000     0.000     0.000     1.000     2.000     3.000     4.000     5.000   534.801    46.226   -24.195    12.654    34.987     1.971    -0.028     0.469
   296.670         *         *         *         *    23.000         *         *         *         *     0.000     7.996     5.000     1.000     1.000     0.000     1.000         *         *         *         *   321.829    57.123   -13.026    16.215    24.807     2.734     0.596     0.542
   343.330   370.000   366.670   230.000   260.000    36.000    33.000    36.000    31.000    29.000    -8.000     6.238     5.000     0.000     0.000     0.000     1.000     2.000     3.000     4.000     5.000   395.058    46.226   -26.753    12.654    33.488     1.971    -0.222     0.469
   223.330         *         *         *         *    20.000         *         *         *         *   -11.000    14.715     5.000     0.000     0.000     0.000     1.000         *         *         *         *   278.363    57.123   -23.987    16.215    23.326     2.734     0.165     0.542
   233.330   363.330         *         *         *    32.000    38.000         *         *         *    -1.000    15.259    13.000     1.000     0.000     1.000     1.000     2.000         *         *         *   314.271    48.527    -6.858    16.144    33.602     2.255     0.081     0.539
   260.000   273.330         *   433.330   140.000    34.000    30.000    33.000    29.000    28.000     6.000     0.856     6.000     0.000     0.000     0.000     1.000     2.000     3.000     4.000     5.000   312.218    47.884    -7.739    12.655    32.456     1.971    -0.514     0.469
   445.000   443.330   303.330   680.000   583.330    32.000    25.000    36.000    30.000    36.000    -8.000    13.819    13.000     0.000     0.000     0.000     1.000     2.000     3.000     4.000     5.000   452.170    46.226     7.730    12.654    29.923     1.971     0.612     0.469
   303.330   466.670         *   363.330   303.330    23.000    22.000    26.000    22.000    27.000    -1.000    11.769     7.000     0.000     1.000     1.000     1.000     2.000     3.000     4.000     5.000   385.410    47.884   -10.450    12.655    24.624     1.971     0.096     0.469
   643.330   670.000   523.330   566.670   486.670    31.000    33.000    32.000    25.000    35.000    10.000     2.605    11.000     1.000     0.000     0.000     1.000     2.000     3.000     4.000     5.000   632.499    46.226   -23.198    12.654    31.484     1.971    -0.083     0.469
   225.000         *         *         *         *    30.000    32.000    39.000    39.000    35.000     4.000    16.453     9.000     1.000     0.000     1.000     1.000     2.000     3.000     4.000     5.000   257.769    57.059     2.502    15.800    33.427     1.990     0.291     0.482
   390.000         *   440.000   320.000   313.330    32.000    32.000    27.000    33.000    28.000     0.000     7.265     6.000     1.000     1.000     1.000     1.000     2.000     3.000     4.000     5.000   408.809    51.172   -14.930    13.026    30.082     1.972     0.190     0.470
   513.330   453.330         *   456.670   446.670    28.000    28.000    29.000    30.000    38.000    -2.000     1.272     9.000     0.000     1.000     0.000     1.000     2.000     3.000     4.000     5.000   491.472    47.884   -11.682    12.655    28.974     1.971     0.679     0.469
   430.000   380.000         *   403.330         *    32.000    27.000    31.000    30.000    31.000     3.000     9.091    10.000     0.000     1.000     1.000     1.000     2.000     3.000     4.000     5.000   411.497    47.965    -6.024    14.283    30.658     1.980    -0.073     0.475
   473.330         *         *         *         *    33.000         *         *         *         *    -3.000    11.728    11.000     0.000     1.000     1.000     1.000         *         *         *         *   454.036    57.123   -17.536    16.215    32.534     2.734     0.008     0.542
   286.670   243.330   306.670   276.670         *    34.000    29.000    36.000    34.000    28.000    14.000     1.737    13.000     0.000     1.000     0.000     1.000     2.000     3.000     4.000     5.000   283.852    46.588     3.473    14.199    33.255     1.979    -0.407     0.474
         *         *   383.330         *         *    22.000    20.000    25.000         *         *         *    12.231     3.000     1.000     1.000     0.000     1.000     2.000     3.000         *         *   399.590    73.622   -15.292    18.367    22.438     2.095     0.472     0.578
   300.000   333.330         *   356.670         *    22.000    36.000    38.000    37.000         *     4.000     5.789     4.000     1.000     1.000     0.000     1.000     2.000     3.000     4.000         *   325.890    48.077     2.942    14.389    30.374     1.993     1.001     0.502
   413.330   433.330   533.330   297.670   443.330    33.000    27.000    35.000    29.000    32.000    -5.000    15.065     5.000     1.000     1.000     0.000     1.000     2.000     3.000     4.000     5.000   461.423    46.226   -16.868    12.654    29.032     1.971     0.630     0.469
   390.000   366.670   600.000   486.670   316.670    34.000    25.000    36.000    30.000    30.000     1.000    10.156     5.000     0.000     1.000     1.000     1.000     2.000     3.000     4.000     5.000   437.707    46.226    -4.949    12.654    31.163     1.971    -0.008     0.469
   256.670   296.670         *         *         *    19.000    28.000    20.000         *         *     8.000    15.634    13.000     0.000     1.000     0.000     1.000     2.000     3.000         *         *   301.867    48.502    -8.385    16.061    23.811     2.065    -0.311     0.529
   540.000   400.000   516.670   530.000   486.670    38.000    36.000    32.000    37.000    34.000    10.000     2.643     5.000     1.000     1.000     0.000     1.000     2.000     3.000     4.000     5.000   487.617    46.226    -1.137    12.654    34.200     1.971     0.247     0.469
         *   590.000         *         *         *    33.000    31.000         *         *         *   -15.000    14.652     9.000     1.000     0.000     1.000     1.000     2.000         *         *         *   570.340    64.196   -36.069    16.851    31.105     2.256     0.517     0.540
         *   316.670   186.670   280.000   226.670    31.000    32.000    32.000    30.000    32.000    -2.000    16.352    10.000     0.000     1.000     0.000     1.000     2.000     3.000     4.000     5.000   322.574    57.451   -18.707    14.317    30.892     1.976     0.011     0.472
         *   303.330   636.670   563.330   483.330    43.000    38.000    44.000    44.000    44.000     8.000     3.621     4.000     0.000     0.000     0.000     1.000     2.000     3.000     4.000     5.000   435.112    57.451    15.252    14.317    40.782     1.976     0.198     0.472
         *   400.000   443.330   440.000   416.670    28.000    23.000    29.000    27.000    27.000     0.000     4.374     6.000     1.000     1.000     1.000     1.000     2.000     3.000     4.000     5.000   429.355    57.451    -4.440    14.317    26.268     1.976     0.474     0.472
   523.330   326.670   340.000   286.670   254.000    32.000    34.000    37.000    32.000    34.000     6.000     9.663     7.000     0.000     1.000     0.000     1.000     2.000     3.000     4.000     5.000   433.409    46.226   -28.550    12.654    33.801     1.971    -0.213     0.469
   403.330         *         *         *         *    35.000         *         *         *         *    -2.000     5.209    13.000     0.000     1.000     0.000     1.000         *         *         *         *   414.137    57.123   -16.007    16.215    33.486     2.734     0.140     0.542
   403.330         *         *         *         *    28.000    34.000         *         *         *   -11.000    17.493     5.000     0.000     0.000     0.000     1.000     2.000         *         *         *   416.313    57.122   -31.982    16.170    30.154     2.255     0.071     0.540
   243.330         *   406.670   220.000   203.330    29.000    20.000    32.000    25.000    29.000     3.000    13.277     7.000     1.000     1.000     0.000     1.000     2.000     3.000     4.000     5.000   319.129    51.172   -14.834    13.026    26.119     1.972     0.323     0.470
   416.670   300.000   290.000   326.670   303.330    36.000    32.000    36.000    29.000    32.000    -3.000    11.749     5.000     0.000     0.000     0.000     1.000     2.000     3.000     4.000     5.000   386.539    46.226   -19.857    12.654    33.378     1.971    -0.278     0.469
   453.330   386.670   376.670   310.000         *    34.000    37.000    41.000    35.000    39.000    -5.000     4.897     7.000     0.000     0.000     0.000     1.000     2.000     3.000     4.000     5.000   437.370    46.588   -22.580    14.199    36.038     1.979     0.188     0.474
   396.670   250.000   346.670         *   306.670    31.000    35.000    40.000    36.000    37.000    -3.000     1.488     7.000     1.000     1.000     1.000     1.000     2.000     3.000     4.000     5.000   346.417    46.378    -7.083    12.982    33.437     1.973     0.765     0.470
   416.670   450.000   403.330   370.000         *    39.000    38.000    36.000    38.000         *     1.000     8.308    13.000     0.000     0.000     1.000     1.000     2.000     3.000     4.000         *   433.358    46.721   -10.596    14.301    37.918     1.992    -0.354     0.501
   316.670         *         *         *         *    25.000         *         *         *         *    11.000    10.983     4.000     0.000     1.000     0.000     1.000         *         *         *         *   331.546    57.123    -2.544    16.215    26.634     2.734    -0.239     0.542
   440.000   440.000   493.330   420.000   360.000    37.000    37.000    40.000    39.000    41.000     0.000     1.907     7.000     0.000     1.000     0.000     1.000     2.000     3.000     4.000     5.000   459.692    46.226   -11.236    12.654    36.798     1.971     0.441     0.469
   413.330   423.330   526.670   476.670   436.670    40.000    39.000    38.000    40.000    39.000     4.000    14.309    13.000     0.000     0.000     0.000     1.000     2.000     3.000     4.000     5.000   455.362    46.226    -2.566    12.654    38.384     1.971    -0.147     0.469
   193.330         *         *         *         *    38.000    30.000         *         *         *     1.000     2.895     1.000     0.000     0.000     0.000     1.000     2.000         *         *         *   246.281    57.122    -0.512    16.170    33.707     2.255    -0.144     0.540
   330.000         *   306.670   276.670         *    24.000    32.000    26.000    26.000    16.000    13.000     7.837    12.000     0.000     1.000     0.000     1.000     2.000     3.000     4.000     5.000   343.216    51.253   -10.851    14.376    27.731     1.979    -0.836     0.474
   223.330         *         *         *         *    20.000         *         *         *         *   -17.000    21.244    11.000     0.000     0.000     0.000     1.000         *         *         *         *   286.139    57.123   -35.496    16.215    22.664     2.734     0.154     0.542
   566.670         *         *         *         *    18.000         *         *         *         *   -18.000    21.685     5.000     0.000     0.000     0.000     1.000         *         *         *         *   545.163    57.123   -53.268    16.215    21.466     2.734     0.234     0.542
   233.330         *         *         *         *    15.000    21.000         *         *         *    -4.000    18.507     1.000     1.000     1.000     0.000     1.000     2.000         *         *         *   269.923    57.122   -20.778    16.170    18.996     2.255     0.616     0.540
   556.670         *         *         *         *    29.000         *         *         *         *   -17.000    10.693     5.000     0.000     1.000     0.000     1.000         *         *         *         *   531.536    57.123   -41.198    16.215    28.909     2.734     0.641     0.542
   173.330   293.330         *         *         *    30.000    30.000         *         *         *   -11.000    22.222     1.000     1.000     1.000     0.000     1.000     2.000         *         *         *   270.336    48.527   -22.901    16.144    27.703     2.255     0.686     0.539
   450.000   366.670   533.330   490.000   433.330    29.000    34.000    35.000    33.000    33.000     3.000     7.613    13.000     0.000     0.000     0.000     1.000     2.000     3.000     4.000     5.000   457.392    46.226    -3.090    12.654    32.545     1.971     0.024     0.469
   343.330         *         *         *         *    25.000    17.000         *         *         *     2.000    16.683    11.000     1.000     1.000     1.000     1.000     2.000         *         *         *   349.066    57.122   -15.741    16.170    22.815     2.255     0.101     0.540
   493.330   483.330   506.670         *   433.330    26.000    32.000    28.000    28.000    27.000     5.000     4.423     5.000     0.000     1.000     0.000     1.000     2.000     3.000     4.000     5.000   499.673    46.378   -11.977    12.982    28.626     1.973    -0.009     0.470
   293.330         *         *         *         *    40.000    27.000         *         *         *    -5.000     9.567     5.000     1.000     1.000     0.000     1.000     2.000         *         *         *   320.574    57.122   -18.333    16.170    31.688     2.255     0.476     0.540
   433.330         *         *         *         *    30.000         *         *         *         *     6.000     2.323    13.000     0.000     1.000     0.000     1.000         *         *         *         *   433.792    57.123    -8.751    16.215    30.888     2.734    -0.014     0.542
   293.330   340.000   303.330   293.330   243.330    37.000    36.000    32.000    37.000    29.000   -13.000    14.597     7.000     0.000     1.000     1.000     1.000     2.000     3.000     4.000     5.000   349.690    46.226   -19.262    12.654    33.709     1.971     0.059     0.469
   496.670   500.000         *         *         *    20.000    30.000         *         *         *     1.000     1.729     7.000     0.000     1.000     0.000     1.000     2.000         *         *         *   498.951    48.527   -14.892    16.144    26.341     2.255     0.389     0.539
   523.330   483.330         *         *         *    31.000    34.000         *         *         *    -4.000    15.224     9.000     1.000     1.000     0.000     1.000     2.000         *         *         *   517.875    48.527   -31.147    16.144    30.523     2.255     0.492     0.539
   433.330         *   433.330   450.000   440.670    33.000    33.000    31.000    35.000    33.000     6.000    11.626     9.000     0.000     1.000     0.000     1.000     2.000     3.000     4.000     5.000   441.928    51.172    -3.653    13.026    32.406     1.972     0.044     0.470
   243.330   360.000   313.330         *         *    28.000    32.000    27.000    31.000    19.000     3.000    14.701     1.000     0.000     0.000     0.000     1.000     2.000     3.000     4.000     5.000   328.253    46.619   -10.446    15.307    29.181     1.985    -0.599     0.479
   570.000   563.330   643.330   603.330         *    34.000    46.000    37.000    41.000    33.000    14.000     1.847    12.000     1.000     1.000     1.000     1.000     2.000     3.000     4.000     5.000   557.397    46.588     6.808    14.199    37.534     1.979     0.058     0.474
   470.000         *   533.330         *         *    30.000    16.000    23.000    20.000    18.000     8.000     7.216     9.000     0.000     0.000     0.000     1.000     2.000     3.000     4.000     5.000   503.994    51.770   -14.274    15.331    24.765     1.985    -0.780     0.479
   306.670   316.670   383.330   353.330   296.670    25.000    26.000    35.000    27.000    19.000    -1.000    18.036    14.000     0.000     1.000     1.000     1.000     2.000     3.000     4.000     5.000   355.576    46.226    -9.134    12.654    27.688     1.971    -0.313     0.469
   426.670         *   433.330   396.670   350.000    26.000    25.000    39.000    31.000    33.000    -2.000     8.352     7.000     1.000     1.000     1.000     1.000     2.000     3.000     4.000     5.000   428.119    51.172   -11.186    13.026    28.713     1.972     0.786     0.470
         *   383.330   410.000   373.330   350.000    33.000    35.000    31.000    37.000    39.000         *     3.098     9.000     0.000     1.000     0.000     1.000     2.000     3.000     4.000     5.000   412.470    59.044   -10.145    15.068    33.243     2.038     0.501     0.513
   300.000         *         *         *         *    30.000         *         *         *         *    10.000    10.438    11.000     0.000     0.000     0.000     1.000         *         *         *         *   332.623    57.123    -4.402    16.215    30.400     2.734    -0.597     0.542
   533.330         *         *         *         *    32.000    35.000    34.000    37.000         *    -6.000    14.277     4.000     1.000     1.000     0.000     1.000     2.000     3.000     4.000         *   503.421    57.095   -30.135    15.958    31.793     2.002     0.737     0.511
   196.670         *         *         *   206.670    35.000    37.000    32.000    38.000    36.000     0.000    13.918    13.000     1.000     0.000     1.000     1.000     2.000     3.000     4.000     5.000   241.710    55.918    -5.061    13.243    34.684     1.974     0.087     0.471
   350.000         *         *         *         *    21.000         *         *         *         *     3.000    16.557     7.000     0.000     0.000     0.000     1.000         *         *         *         *   370.226    57.123   -18.436    16.215    24.062     2.734    -0.384     0.542
   803.330   430.000   593.330   520.000         *    30.000    33.000    31.000    26.000    25.000    -3.000    11.440     4.000     0.000     1.000     0.000     1.000     2.000     3.000     4.000     5.000   657.733    46.588   -39.687    14.199    29.730     1.979    -0.219     0.474
   446.670         *         *         *         *    31.000         *         *         *         *     6.000     3.358    10.000     0.000     1.000     0.000     1.000         *         *         *         *   440.963    57.123    -9.266    16.215    31.317     2.734    -0.019     0.542
   200.000         *         *         *         *    31.000         *         *         *         *     1.000     9.874    13.000     0.000     1.000     1.000     1.000     2.000         *         *         *   243.908    57.123     0.720    16.215    31.439     2.734    -0.066     0.542
         *   396.670   476.670   560.000   493.330    28.000    25.000    28.000    27.000    24.000         *    14.638     7.000     0.000     1.000     0.000     1.000     2.000     3.000     4.000     5.000   455.585    59.044     2.861    15.068    26.995     2.038    -0.130     0.513
   276.670         *   286.670   250.000   290.000    26.000    29.000    27.000    29.000    24.000     3.000     7.520     8.000     0.000     0.000     0.000     1.000     2.000     3.000     4.000     5.000   312.517    51.172    -8.706    13.026    28.364     1.972    -0.333     0.470
   466.670   403.330   253.330         *   226.670    31.000    35.000    29.000    33.000    28.000    -4.000    15.585    11.000     0.000     0.000     0.000     1.000     2.000     3.000     4.000     5.000   446.349    46.378   -39.721    12.982    32.107     1.973    -0.448     0.470
   313.330   280.000   310.000         *         *    30.000    31.000    31.000         *         *     6.000     5.855     2.000     1.000     1.000     1.000     1.000     2.000     3.000         *         *   301.751    46.834     2.015    15.550    30.254     2.063     0.332     0.525
   150.000         *         *         *         *    16.000         *         *         *         *     2.000     8.420     4.000     0.000     1.000     0.000     1.000         *         *         *         *   208.692    57.123    -2.578    16.215    21.189     2.734     0.218     0.542
   546.670         *         *         *         *    30.000         *         *         *         *     6.000     7.202     5.000     1.000     1.000     1.000     1.000         *         *         *         *   499.430    57.123   -11.015    16.215    30.434     2.734     0.283     0.542
   266.670         *   150.000         *         *    23.000    29.000    28.000         *         *   -11.000    12.245     9.000     1.000     1.000     0.000     1.000     2.000     3.000         *         *   283.352    51.945   -29.095    15.571    25.484     2.063     0.782     0.525
   533.330         *   540.000   370.000   456.670    36.000    38.000    35.000    35.000    35.000     4.000     2.953    13.000     1.000     1.000     1.000     1.000     2.000     3.000     4.000     5.000   509.936    51.172   -14.167    13.026    35.095     1.972     0.166     0.470
   503.330   186.670   606.670   506.670   466.670    36.000    36.000    36.000    38.000    40.000     6.000    11.892    13.000     0.000     0.000     0.000     1.000     2.000     3.000     4.000     5.000   429.110    46.226     6.211    12.654    36.126     1.971     0.057     0.469
         *         *   416.670   423.330   154.670    28.000    29.000    26.000    22.000    19.000         *    11.862     1.000     0.000     0.000     0.000     1.000     2.000     3.000     4.000     5.000   462.518    71.113   -34.077    16.463    27.770     2.039    -0.872     0.514
   470.000         *   453.330   406.670   496.670    35.000    32.000    34.000    35.000    30.000    14.000    11.147     6.000     0.000     1.000     1.000     1.000     2.000     3.000     4.000     5.000   434.099    51.172     4.282    13.026    34.203     1.972    -0.454     0.470
   436.670         *         *         *         *    37.000    39.000    33.000         *         *   -25.000     7.131     5.000     0.000     1.000     1.000     1.000     2.000     3.000         *         *   433.204    57.116   -33.425    16.085    34.582     2.065     0.762     0.531
   120.000         *         *         *         *    28.000         *         *         *         *         *     8.385     5.000     1.000     1.000     0.000     1.000         *         *         *         *   186.061    57.247    -4.308    17.692    27.681     2.736     0.582     0.595
   166.670   250.000   153.330   140.000         *    23.000    27.000    22.000    36.000         *   -10.000    14.920     3.000     0.000     0.000     0.000     1.000     2.000     3.000     4.000         *   239.204    46.721   -19.823    14.301    26.284     1.992     0.379     0.501
   370.000   433.330   316.670         *         *    22.000    28.000    28.000    28.000         *    11.000    12.768     9.000     0.000     1.000     0.000     1.000     2.000     3.000     4.000         *   389.010    46.746    -8.088    15.442    27.067     1.998    -0.159     0.507
   476.670   456.670   383.330   323.330         *    31.000    33.000    32.000    27.000         *     4.000     9.844    15.000     0.000     1.000     0.000     1.000     2.000     3.000     4.000         *   471.445    46.721   -26.166    14.301    31.423     1.992    -0.353     0.501
   456.670   400.000   350.000   346.670   376.670    38.000    36.000    33.000    38.000    35.000    -4.000     8.500    11.000     0.000     1.000     0.000     1.000     2.000     3.000     4.000     5.000   439.478    46.226   -19.295    12.654    34.937     1.971     0.153     0.469
   483.330   673.330   726.670   516.670         *    26.000    31.000    32.000    41.000    28.000     9.000    -0.379     6.000     0.000     1.000     0.000     1.000     2.000     3.000     4.000     5.000   575.077    46.588     1.416    14.199    30.750     1.979     0.370     0.474
   300.000   253.330   343.330         *         *    41.000    41.000    41.000    42.000    39.000    -6.000    10.348    11.000     0.000     0.000     0.000     1.000     2.000     3.000     4.000     5.000   329.136    46.619   -11.296    15.307    39.404     1.985     0.053     0.479
   433.330   436.670   450.000   396.670   333.330    24.000    32.000    27.000    18.000    27.000     8.000    15.290    11.000     0.000     0.000     0.000     1.000     2.000     3.000     4.000     5.000   463.023    46.226   -19.323    12.654    27.809     1.971    -0.684     0.469
   300.000         *         *         *         *    31.000         *         *         *         *    -9.000    18.665     4.000     0.000     1.000     0.000     1.000         *         *         *         *   327.496    57.123   -25.096    16.215    29.149     2.734     0.194     0.542
   216.670   276.670         *         *         *    27.000    29.000         *         *         *    13.000     5.899     3.000     0.000     1.000     1.000     1.000     2.000     3.000         *         *   243.084    48.527    15.764    16.144    29.406     2.255    -0.235     0.539
   466.670         *         *         *         *    37.000    43.000         *         *         *     7.000     3.224    11.000     0.000     0.000     0.000     1.000     2.000         *         *         *   463.630    57.122    -7.490    16.170    38.509     2.255    -0.324     0.540
   323.330   183.330   246.670   206.670   180.000    37.000    34.000    32.000    29.000    33.000    -3.000     9.255    -1.000     0.000     0.000     0.000     1.000     2.000     3.000     4.000     5.000   297.676    46.226   -20.569    12.654    33.540     1.971    -0.324     0.469
   483.330   303.330         *   300.000         *    26.000    29.000    26.000    30.000         *     1.000     9.069     5.000     1.000     1.000     0.000     1.000     2.000     3.000     4.000         *   416.815    48.077   -25.329    14.389    26.908     1.993     0.422     0.502
   233.330         *         *         *         *    36.000    30.000         *         *         *     7.000     4.842    -1.000     0.000     1.000     0.000     1.000     2.000         *         *         *   265.093    57.122     3.916    16.170    32.444     2.255    -0.049     0.540
   283.330         *   230.000   226.670         *    42.000    28.000    21.000    22.000    23.000     8.000    12.396    13.000     0.000     0.000     0.000     1.000     2.000     3.000     4.000     5.000   312.599    51.253   -19.093    14.376    31.355     1.979    -1.402     0.474
   443.330         *         *         *         *    37.000         *         *         *         *     2.000    10.345     7.000     0.000     0.000     0.000     1.000         *         *         *         *   442.945    57.123   -17.271    16.215    34.569     2.734    -0.363     0.542
   203.330   276.670   206.670   203.330   160.000    38.000    39.000    32.000    28.000    26.000     1.000    13.789     7.000     0.000     0.000     0.000     1.000     2.000     3.000     4.000     5.000   275.703    46.226   -18.654    12.654    34.756     1.971    -0.936     0.469
   166.670         *         *         *         *    39.000         *         *         *         *   -10.000     2.917     5.000     0.000     1.000     1.000     1.000         *         *         *         *   217.051    57.123    -0.376    16.215    36.722     2.734     0.470     0.542
   583.330   626.670   696.670   623.330   573.330    32.000    34.000    36.000    30.000    32.000    11.000     4.831     9.000     0.000     1.000     0.000     1.000     2.000     3.000     4.000     5.000   611.689    46.226    -3.530    12.654    32.933     1.971    -0.097     0.469
   480.000         *         *         *         *    31.000         *         *         *         *     4.000     8.292    17.000     0.000     0.000     0.000     1.000         *         *         *         *   480.339    57.123   -19.153    16.215    31.440     2.734    -0.427     0.542
   466.670   546.670   476.670   476.670         *    33.000    27.000    29.000    27.000    31.000     6.000     6.047     9.000     0.000     0.000     0.000     1.000     2.000     3.000     4.000     5.000   507.490    46.588   -10.685    14.199    30.555     1.979    -0.321     0.474
   183.330   260.000         *         *         *    23.000    20.000         *         *         *    -4.000    16.092     7.000     0.000     1.000     0.000     1.000     2.000         *         *         *   259.767    48.527   -15.380    16.144    22.848     2.255     0.120     0.539
   310.000   356.670   316.670   243.330   220.000    34.000    31.000    30.000    32.000    30.000    -4.000    17.181     7.000     1.000     0.000     0.000     1.000     2.000     3.000     4.000     5.000   370.772    46.226   -27.276    12.654    30.761     1.971     0.037     0.469
   250.000         *         *         *         *    34.000         *         *         *         *     1.000    13.168     3.000     0.000     1.000     0.000     1.000         *         *         *         *   283.687    57.123    -8.476    16.215    31.673     2.734    -0.027     0.542
   516.670         *         *         *         *    30.000         *         *         *         *     3.000     5.351     7.000     0.000     1.000     0.000     1.000         *         *         *         *   493.214    57.123   -16.556    16.215    30.415     2.734     0.070     0.542
   350.000   383.330   418.670   350.000   296.670    25.000    35.000    32.000    31.000    23.000     4.000     6.758    13.000     0.000     1.000     0.000     1.000     2.000     3.000     4.000     5.000   400.711    46.226   -13.640    12.654    30.013     1.971    -0.222     0.469
   346.670         *         *         *         *    26.000         *         *         *         *    11.000    10.402     5.000     0.000     1.000     0.000     1.000         *         *         *         *   355.653    57.123    -3.744    16.215    27.354     2.734    -0.247     0.542
   333.330         *         *         *         *    31.000         *         *         *         *    -6.000    15.147     4.000     0.000     0.000     1.000     1.000         *         *         *         *   347.393    57.123   -15.693    16.215    31.123     2.734    -0.162     0.542
   206.670   230.000   263.330   172.000         *    33.000    30.000    25.000    27.000         *    -5.000     8.886    13.000     0.000     1.000     0.000     1.000     2.000     3.000     4.000         *   272.006    46.721   -17.138    14.301    29.200     1.992    -0.091     0.501
   366.670   383.330         *   343.330   300.000    31.000    38.000    35.000    23.000    34.000    -5.000     9.619    13.000     0.000     0.000     1.000     1.000     2.000     3.000     4.000     5.000   397.998    47.884   -16.832    12.655    33.232     1.971    -0.326     0.469
   393.330   390.000         *         *         *    27.000    27.000         *         *         *    12.000     3.369     4.000     1.000     1.000     1.000     1.000     2.000         *         *         *   379.725    48.527     4.248    16.144    28.115     2.255     0.199     0.539
   336.670   270.000   169.330   170.000         *    32.000    27.000    32.000    32.000         *    -5.000    18.821     9.000     0.000     1.000     0.000     1.000     2.000     3.000     4.000         *   322.669    46.721   -31.709    14.301    30.164     1.992    -0.017     0.501
   313.330   363.330   420.000   376.670         *    35.000    30.000    34.000    32.000         *    11.000     6.931     5.000     0.000     0.000     0.000     1.000     2.000     3.000     4.000         *   357.933    46.721     4.952    14.301    33.370     1.992    -0.408     0.501
         *   553.330   480.000         *         *    34.000    37.000    31.000    39.000         *         *     6.205    11.000     1.000     1.000     0.000     1.000     2.000     3.000     4.000         *   531.080    59.824   -17.596    17.934    33.204     2.045     0.578     0.551
   210.000   346.670   270.000   240.000   203.330    29.000    36.000    24.000    32.000    26.000     2.000    10.170     9.000     1.000     0.000     0.000     1.000     2.000     3.000     4.000     5.000   307.691    46.226   -15.748    12.654    29.721     1.971    -0.134     0.469
   326.670         *   210.000         *         *    28.000    30.000    29.000         *         *    -6.000    21.209    13.000     0.000     0.000     1.000     1.000     2.000     3.000         *         *   327.522    51.945   -25.025    15.571    29.728     2.063    -0.403     0.525
   416.670   530.000   463.330   463.330   406.670    32.000    32.000    31.000    29.000    31.000     2.000     8.218    13.000     0.000     1.000     0.000     1.000     2.000     3.000     4.000     5.000   484.728    46.226   -12.575    12.654    31.046     1.971    -0.026     0.469
         *   313.330   296.670   253.330   210.000    26.000    31.000    32.000    27.000    32.000         *    19.558     7.000     0.000     1.000     0.000     1.000     2.000     3.000     4.000     5.000   350.230    59.044   -23.272    15.068    28.818     2.038     0.132     0.513
   300.000   203.330   200.000   170.000         *    37.000    28.000    33.000    34.000         *    -3.000    10.118     5.000     1.000     0.000     0.000     1.000     2.000     3.000     4.000         *   287.577    46.721   -23.165    14.301    32.070     1.992     0.137     0.501
   426.670   370.000   276.670   270.000   263.330    30.000    28.000    31.000    34.000    26.000     1.000     3.533     9.000     1.000     1.000     0.000     1.000     2.000     3.000     4.000     5.000   403.665    46.226   -26.857    12.654    29.202     1.971     0.254     0.469
   396.670         *         *         *         *    35.000         *         *         *         *    -9.000    11.473    13.000     0.000     1.000     0.000     1.000         *         *         *         *   411.578    57.123   -26.601    16.215    32.685     2.734     0.229     0.542
   106.670         *         *         *         *    23.000    18.000         *         *         *    -1.000    26.621     4.000     0.000     1.000     0.000     1.000     2.000         *         *         *   173.419    57.122   -15.574    16.170    21.561     2.255    -0.220     0.540
         *   316.670         *         *         *    30.000    30.000         *         *         *         *     9.518     5.000     1.000     1.000     0.000     1.000     2.000         *         *         *   348.264    64.762   -14.530    18.269    28.973     2.268     0.482     0.592
         *   176.670   186.670   166.670   140.000    28.000    24.000    26.000    25.000    24.000    10.000     8.620     7.000     1.000     1.000     0.000     1.000     2.000     3.000     4.000     5.000   225.874    57.451   -11.594    14.317    26.150     1.976    -0.155     0.472
   360.000         *   316.670   326.670   280.000    30.000    39.000    31.000    37.000    32.000     2.000     3.081    11.000     0.000     1.000     0.000     1.000     2.000     3.000     4.000     5.000   368.033    51.172   -12.667    13.026    33.324     1.972     0.083     0.470
   366.670   353.330   366.670   380.000   316.670    30.000    30.000    36.000    36.000    29.000    -5.000     5.756     9.000     1.000     1.000     0.000     1.000     2.000     3.000     4.000     5.000   395.795    46.226   -14.307    12.654    30.012     1.971     0.721     0.469
   323.330   233.330   223.330   333.330   310.000    32.000    32.000    27.000    28.000    32.000     8.000    14.101    13.000     1.000     1.000     0.000     1.000     2.000     3.000     4.000     5.000   300.001    46.226    -3.801    12.654    29.632     1.971     0.067     0.469
   366.670   570.000         *   516.670   350.000    33.000    30.000    37.000    37.000    38.000     9.000    13.365     5.000     0.000     0.000     0.000     1.000     2.000     3.000     4.000     5.000   459.027    47.884    -5.226    12.655    34.209     1.971    -0.009     0.469
   276.670   483.330   490.000         *   446.670    25.000    27.000    27.000    28.000    23.000     9.000     7.175     7.000     1.000     1.000     0.000     1.000     2.000     3.000     4.000     5.000   397.614    46.378     6.354    12.982    25.670     1.973     0.279     0.470
         *   333.330   480.000   463.330   346.670    29.000    36.000    34.000    37.000    33.000         *     5.116     7.000     0.000     1.000     0.000     1.000     2.000     3.000     4.000     5.000   416.757    59.044    -4.826    15.068    32.431     2.038     0.385     0.513
         *   336.670   250.000   346.670   320.000    29.000    30.000    31.000    30.000    38.000         *    15.982     7.000     0.000     1.000     1.000     1.000     2.000     3.000     4.000     5.000   322.919    59.044    -3.013    15.068    30.367     2.038     0.362     0.513
   176.670         *         *         *         *    28.000         *         *         *         *         *     3.593     9.000     0.000     1.000     0.000     1.000         *         *         *         *   235.644    57.247    -2.258    17.692    29.159     2.736     0.251     0.595
         *   223.330   236.670   213.330   193.330    36.000    35.000    32.000    42.000    44.000         *    13.869     5.000     1.000     1.000     1.000     1.000     2.000     3.000     4.000     5.000   255.199    59.044    -8.888    15.068    34.209     2.038     0.924     0.513
         *   273.330         *         *   223.330    28.000    30.000    29.000    29.000         *         *     3.506    10.000     0.000     1.000     0.000     1.000     2.000     3.000     4.000     5.000   318.822    64.508   -15.057    15.329    29.118     2.043     0.113     0.550
   160.000         *         *         *         *    21.000    21.000         *         *         *    -5.000    30.427     1.000     0.000     1.000     0.000     1.000     2.000         *         *         *   213.245    57.122   -23.084    16.170    21.454     2.255    -0.085     0.540
   376.670   321.330   250.000   243.330   203.330    30.000    28.000    39.000    25.000    40.000   -16.000     9.379     2.000     0.000     1.000     1.000     1.000     2.000     3.000     4.000     5.000   362.162    46.226   -27.866    12.654    30.462     1.971     0.699     0.469
   336.670         *         *         *         *    31.000         *         *         *         *    -2.000     4.541     7.000     0.000     1.000     0.000     1.000         *         *         *         *   357.338    57.123   -11.485    16.215    30.923     2.734     0.258     0.542
   643.330   440.000   434.000   376.670   374.000    34.000    36.000    30.000    37.000    30.000    -3.000     3.958     9.000     1.000     0.000     0.000     1.000     2.000     3.000     4.000     5.000   559.083    46.226   -38.187    12.654    32.982     1.971     0.076     0.469
   516.670   406.670   373.330   310.000   300.000    28.000    20.000    20.000    24.000    24.000   -14.000     3.695     8.000     0.000     0.000     0.000     1.000     2.000     3.000     4.000     5.000   500.665    46.226   -41.920    12.654    24.301     1.971     0.039     0.469
         *   456.670   406.670   340.000   280.000    29.000    20.000    26.000    20.000    28.000         *    10.613    13.000     0.000     1.000     0.000     1.000     2.000     3.000     4.000     5.000   471.336    59.044   -30.122    15.068    25.767     2.038    -0.206     0.513
   333.330   280.000   253.330   213.330   200.000    25.000    21.000    31.000    29.000    28.000     4.000     9.264     3.000     0.000     1.000     0.000     1.000     2.000     3.000     4.000     5.000   318.069    46.226   -18.274    12.654    26.762     1.971     0.097     0.469
   466.670         *         *         *         *    27.000         *         *         *         *     5.000    12.579    11.000     1.000     1.000     0.000     1.000         *         *         *         *   454.945    57.123   -20.599    16.215    27.072     2.734     0.213     0.542
   336.670         *         *         *         *    36.000         *         *         *         *     1.000     6.903     8.000     0.000     1.000     0.000     1.000         *         *         *         *   356.156    57.123    -9.523    16.215    33.777     2.734     0.045     0.542
   410.000   370.000   303.330   263.330   254.670    35.000    39.000    34.000    28.000    30.000     4.000    10.731    13.000     0.000     0.000     0.000     1.000     2.000     3.000     4.000     5.000   406.814    46.226   -27.490    12.654    35.105     1.971    -0.833     0.469
   420.000   330.000   370.000   343.330         *    28.000    37.000    38.000    35.000    35.000    -6.000     3.328     3.000     0.000     0.000     0.000     1.000     2.000     3.000     4.000     5.000   403.525    46.588   -15.428    14.199    33.293     1.979     0.374     0.474
   386.670         *         *         *         *    34.000         *         *         *         *     1.000     5.477    13.000     0.000     1.000     0.000     1.000         *         *         *         *   399.765    57.123   -12.609    16.215    32.876     2.734     0.044     0.542
   450.000   396.670   310.000         *         *    35.000    33.000    34.000         *         *    -4.000    11.040     7.000     0.000     1.000     1.000     1.000     2.000     3.000         *         *   418.410    46.834   -19.746    15.550    33.576     2.063     0.013     0.525
   343.330   260.000   250.000   223.330   198.000    35.000    32.000    32.000    36.000    41.000    -9.000     4.423    11.000     0.000     0.000     0.000     1.000     2.000     3.000     4.000     5.000   336.204    46.226   -24.240    12.654    33.822     1.971     0.356     0.469
   306.670   200.000   203.330         *         *    18.000    26.000    19.000    24.000    20.000     0.000    17.899    11.000     0.000     0.000     0.000     1.000     2.000     3.000     4.000     5.000   298.139    46.619   -24.072    15.307    23.238     1.985    -0.416     0.479
   480.000   230.000         *   206.670   180.000    29.000    36.000    32.000    29.000    30.000    -5.000    12.908     5.000     0.000     1.000     0.000     1.000     2.000     3.000     4.000     5.000   392.274    47.884   -38.377    12.655    31.125     1.971    -0.091     0.469
   326.670         *         *         *         *    22.000         *         *         *         *     4.000    12.943     8.000     0.000     1.000     0.000     1.000         *         *         *         *   346.492    57.123   -12.551    16.215    24.594     2.734    -0.063     0.542
   360.000   280.000         *         *         *    16.000    20.000         *         *         *    -4.000    22.991    11.000     0.000     0.000     0.000     1.000     2.000         *         *         *   368.688    48.527   -32.172    16.144    20.415     2.255    -0.310     0.539
   326.670   270.000   226.670   220.000         *    25.000    24.000    21.000    17.000         *    -2.000    14.107    11.000     0.000     0.000     0.000     1.000     2.000     3.000     4.000         *   340.063    46.721   -29.022    14.301    24.279     1.992    -0.647     0.501
   276.670   260.000         *         *         *    34.000    31.000         *         *         *    -8.000    15.298     5.000     0.000     0.000     0.000     1.000     2.000         *         *         *   312.198    48.527   -22.135    16.144    31.631     2.255    -0.099     0.539
   383.330         *         *         *         *    30.000         *         *         *         *     1.000     6.342    11.000     0.000     1.000     1.000     1.000         *         *         *         *   383.719    57.123    -6.008    16.215    31.298     2.734     0.034     0.542
   463.330   383.330   306.670   260.000         *    39.000    34.000    36.000    39.000         *    -5.000     8.691     0.000     1.000     1.000     1.000     1.000     2.000     3.000     4.000         *   412.830    46.721   -25.545    14.301    35.037     1.992     0.493     0.501
   530.000         *   293.330   261.330   243.330    35.000    44.000    37.000    34.000    34.000    -3.000     1.187    10.000     0.000     1.000     0.000     1.000     2.000     3.000     4.000     5.000   461.113    51.172   -38.585    13.026    36.790     1.972    -0.175     0.470
   366.670   350.000   280.000   150.000   140.000    31.000    33.000    27.000    35.000    31.000    -4.000     6.704    11.000     0.000     0.000     0.000     1.000     2.000     3.000     4.000     5.000   382.129    46.226   -38.721    12.654    32.028     1.971    -0.249     0.469
   170.000   153.330         *         *         *    30.000    41.000         *         *         *    -1.000     5.896     5.000     0.000     1.000     1.000     1.000     2.000         *         *         *   184.561    48.527     6.362    16.144    34.487     2.255     0.239     0.539
   510.000   456.670   420.000   404.000   323.330    28.000    25.000    30.000    28.000    33.000     8.000     1.959     8.000     0.000     0.000     0.000     1.000     2.000     3.000     4.000     5.000   484.193    46.226   -20.787    12.654    29.731     1.971    -0.197     0.469
   596.670   486.670   433.330   387.330   386.670    34.000    37.000    38.000    36.000    41.000     1.000     6.865     2.000     0.000     1.000     0.000     1.000     2.000     3.000     4.000     5.000   527.078    46.226   -25.894    12.654    35.447     1.971     0.329     0.469
   443.330   403.330   323.330   310.000   283.330    22.000    27.000    25.000    18.000    26.000    15.000     1.529     8.000     1.000     1.000     0.000     1.000     2.000     3.000     4.000     5.000   413.821    46.226   -19.324    12.654    24.906     1.971    -0.176     0.469
   406.670         *         *         *         *    24.000    30.000    24.000    29.000         *    -5.000    19.300     9.000     0.000     1.000     0.000     1.000     2.000     3.000     4.000         *   412.250    57.095   -27.945    15.958    26.454     2.002     0.127     0.511
   313.330   310.000         *         *         *    38.000    36.000         *         *         *    14.000     6.011     6.000     0.000     1.000     0.000     1.000     2.000         *         *         *   317.285    48.527     5.670    16.144    35.766     2.255    -0.368     0.539
   543.330   543.330   520.000   430.000         *    22.000    26.000    26.000    29.000         *   -11.000     9.912     5.000     0.000     0.000     0.000     1.000     2.000     3.000     4.000         *   569.807    46.721   -32.348    14.301    25.571     1.992     0.406     0.501
   716.670   386.670   260.000   263.330   236.670    23.000    27.000    22.000    17.000    23.000     1.000    10.361    11.000     0.000     0.000     0.000     1.000     2.000     3.000     4.000     5.000   550.848    46.226   -60.053    12.654    25.655     1.971    -0.857     0.469
   360.000   301.330   268.000   296.670   300.000    39.000    39.000    36.000    37.000    35.000     0.000     1.800     5.000     1.000     1.000     0.000     1.000     2.000     3.000     4.000     5.000   343.910    46.226   -11.855    12.654    35.496     1.971     0.365     0.469
   110.000         *         *         *         *    35.000         *         *         *         *    -7.000    19.522     9.000     0.000     1.000     1.000     1.000     2.000         *         *         *   173.148    57.123    -7.238    16.215    32.530     2.734    -0.017     0.542
   466.670   420.000         *         *         *    23.000    25.000    21.000         *         *    23.000     4.450    11.000     0.000     0.000     0.000     1.000     2.000     3.000         *         *   441.437    48.502     0.483    16.061    26.198     2.065    -0.942     0.529
   233.330   350.000   333.330         *         *    34.000    33.000    35.000         *         *    18.000     6.211    12.000     1.000     1.000     0.000     1.000     2.000     3.000         *         *   293.531    46.834    11.577    15.550    33.116     2.063    -0.021     0.525
   413.330         *         *         *         *    21.000         *         *         *         *     0.000    16.724     3.000     0.000     0.000     0.000     1.000         *         *         *         *   416.643    57.123   -23.770    16.215    23.945     2.734    -0.251     0.542
   256.670   606.670   556.670         *         *    33.000    32.000    35.000    18.000         *    -1.000     3.678     5.000     0.000     1.000     0.000     1.000     2.000     3.000     4.000         *   452.852    46.746    -0.523    15.442    29.969     1.998     0.006     0.507
   450.000   460.000         *         *         *    29.000    31.000         *         *         *     7.000     8.894     9.000     1.000     0.000     0.000     1.000     2.000         *         *         *   463.272    48.527   -14.886    16.144    29.855     2.255    -0.013     0.539
   286.670   228.000   210.000   200.000   186.670    32.000    38.000    35.000    40.000    44.000     6.000     1.912    13.000     1.000     1.000     0.000     1.000     2.000     3.000     4.000     5.000   265.588    46.226    -9.451    12.654    34.921     1.971     0.706     0.469
   483.330   406.670   336.670   300.000   286.670    36.000    31.000    35.000    38.000    38.000     9.000     6.257     8.000     0.000     1.000     0.000     1.000     2.000     3.000     4.000     5.000   429.647    46.226   -21.366    12.654    35.067     1.971    -0.061     0.469
         *   210.000   190.000         *         *    34.000    40.000    35.000         *         *         *     6.621     5.000     0.000     1.000     0.000     1.000     2.000     3.000         *         *   250.170    59.856    -9.701    17.961    34.830     2.094     0.226     0.578
   470.000   403.330   354.670   310.000         *    29.000    36.000         *    29.000         *    -1.000     3.446     6.000     0.000     1.000     0.000     1.000     2.000     3.000     4.000         *   442.787    46.743   -24.243    14.316    31.286     2.115     0.060     0.503
   516.670   443.330   396.670         *         *    37.000    41.000    42.000         *         *    -5.000     3.667    12.000     0.000     0.000     0.000     1.000     2.000     3.000         *         *   492.112    46.834   -23.500    15.550    38.488     2.063     0.092     0.525
   386.670   310.000   263.330   246.670   196.670    29.000    22.000    23.000    30.000    28.000     1.000     6.641     6.000     0.000     1.000     0.000     1.000     2.000     3.000     4.000     5.000   363.945    46.226   -26.012    12.654    26.842     1.971     0.001     0.469
   320.000   293.330         *   300.000   273.330    28.000    24.000    28.000    27.000    37.000     0.000     2.684    11.000     0.000     1.000     0.000     1.000     2.000     3.000     4.000     5.000   330.280    47.884    -8.813    12.655    27.811     1.971     0.481     0.469
   266.670         *         *         *         *    32.000         *         *         *         *    -7.000     8.387     3.000     1.000     0.000     0.000     1.000         *         *         *         *   306.765    57.123   -17.887    16.215    30.592     2.734     0.469     0.542
   243.330   223.330         *         *         *    31.000    39.000         *         *         *   -17.000     8.992    13.000     1.000     1.000     0.000     1.000     2.000         *         *         *   287.464    48.527   -26.020    16.144    32.205     2.255     1.051     0.539
   453.330   401.330   360.000   380.000   386.670    29.000    35.000    29.000    31.000    32.000     6.000     6.879     9.000     0.000     1.000     0.000     1.000     2.000     3.000     4.000     5.000   426.592    46.226   -10.920    12.654    31.194     1.971    -0.032     0.469
         *   243.330   220.000   236.670   250.000    27.000    26.000    34.000    33.000    33.000         *     5.904     5.000     1.000     1.000     0.000     1.000     2.000     3.000     4.000     5.000   274.182    59.044    -8.237    15.068    28.032     2.038     0.881     0.513
   343.330         *         *         *         *    33.000         *         *         *         *    -5.000     4.116     1.000     1.000     0.000     0.000     1.000         *         *         *         *   363.484    57.123   -16.398    16.215    31.709     2.734     0.507     0.542
   510.000   493.330   480.000         *         *    41.000    36.000    40.000    36.000         *    -4.000     8.010     9.000     0.000     0.000     0.000     1.000     2.000     3.000     4.000         *   521.677    46.746   -21.927    15.442    37.488     1.998    -0.095     0.507
   536.670         *         *         *         *    43.000         *         *         *         *    -2.000     3.224     9.000     0.000     1.000     0.000     1.000         *         *         *         *   512.921    57.123   -19.204    16.215    38.581     2.734     0.142     0.542
   260.000   240.000   236.670         *         *    28.000    31.000    30.000    31.000         *     0.000     8.943     9.000     0.000     1.000     1.000     1.000     2.000     3.000     4.000         *   265.375    46.746    -3.574    15.442    30.191     1.998     0.045     0.507
   270.000         *         *         *         *    26.000         *         *         *         *    -5.000     0.672     5.000     0.000     1.000     0.000     1.000         *         *         *         *   306.492    57.123    -8.812    16.215    28.166     2.734     0.521     0.542
   466.670         *         *         *         *    33.000         *         *         *         *     1.000     0.412    13.000     0.000     1.000     0.000     1.000         *         *         *         *   462.221    57.123   -13.495    16.215    32.886     2.734     0.167     0.542
   480.000   493.330   500.000         *         *    32.000    35.000    32.000         *         *    -7.000     0.637     5.000     0.000     1.000     0.000     1.000     2.000     3.000         *         *   505.604    46.834   -16.419    15.550    32.041     2.063     0.571     0.525
   193.330         *         *         *         *    28.000         *         *         *         *    -4.000     8.056    10.000     1.000     1.000     0.000     1.000         *         *         *         *   248.939    57.123   -11.928    16.215    27.850     2.734     0.638     0.542
   300.000         *         *         *         *    16.000         *         *         *         *    -1.000     9.113     9.000     0.000     1.000     0.000     1.000         *         *         *         *   330.382    57.123   -14.734    16.215    21.298     2.734     0.243     0.542
   541.330   510.000   500.000         *         *    22.000    31.000    24.000         *         *     8.000     9.154     8.000     0.000     1.000     0.000     1.000     2.000     3.000         *         *   527.347    46.834   -14.892    15.550    26.614     2.063    -0.102     0.525
   273.330         *         *         *         *    29.000         *         *         *         *     6.000     9.860     3.000     0.000     0.000     0.000     1.000         *         *         *         *   306.603    57.123    -4.874    16.215    29.580     2.734    -0.359     0.542
   406.670   410.000   470.670         *         *    35.000    36.000    33.000         *         *    -2.000     0.965     7.000     0.000     0.000     0.000     1.000     2.000     3.000         *         *   440.395    46.834    -8.827    15.550    34.348     2.063     0.063     0.525
   266.670         *         *         *         *    25.000    24.000    28.000         *         *     4.000     5.107    13.000     0.000     0.000     0.000     1.000     2.000     3.000         *         *   312.506    57.116    -6.339    16.085    27.150     2.065    -0.222     0.531
   243.330   256.670   310.000         *         *    36.000    36.000    33.000         *         *     6.000     0.804     9.000     0.000     1.000     0.000     1.000     2.000     3.000         *         *   275.920    46.834     4.745    15.550    34.528     2.063    -0.010     0.525
   380.000   384.670   380.000         *         *    28.000    26.000    14.000         *         *     1.000     2.454    11.000     1.000     1.000     0.000     1.000     2.000     3.000         *         *   412.965    46.834   -17.824    15.550    23.915     2.063     0.223     0.525
   360.000   354.670         *         *         *    21.000    14.000         *         *         *    -1.000    15.665    10.000     0.000     1.000     0.000     1.000     2.000         *         *         *   387.658    48.527   -23.887    16.144    20.186     2.255    -0.052     0.539
   240.000   236.670   196.670         *         *    27.000    34.000    34.000         *         *     5.000     6.422     5.000     0.000     1.000     0.000     1.000     2.000     3.000         *         *   247.924    46.834    -2.480    15.550    31.154     2.063     0.103     0.525
   226.670   246.670   250.000         *         *    37.000    35.000    39.000         *         *   -21.000     8.094     7.000     0.000     1.000     0.000     1.000     2.000     3.000         *         *   292.732    46.834   -22.370    15.550    34.337     2.063     0.869     0.525
   448.670         *         *         *         *    27.000    31.000         *         *         *     5.000     4.565     3.000     1.000     0.000     0.000     1.000     2.000         *         *         *   441.586    57.122   -13.245    16.170    29.102     2.255     0.216     0.540
   263.330         *         *         *         *    23.000         *         *         *         *     4.000     8.423     5.000     1.000     1.000     1.000     1.000         *         *         *         *   282.462    57.123    -0.501    16.215    25.804     2.734     0.406     0.542
   336.670   310.000         *         *         *    38.000    40.000    36.000         *         *     0.000     0.724     7.000     0.000     1.000     1.000     1.000     2.000     3.000         *         *   330.399    48.502     0.884    16.061    37.242     2.065     0.119     0.529
   230.000   236.670         *         *         *    36.000    34.000         *         *         *    -7.000     3.060     8.000     0.000     1.000     1.000     1.000     2.000         *         *         *   257.614    48.527    -2.790    16.144    34.413     2.255     0.331     0.539
   280.000   286.670         *         *         *    31.000    36.000    30.000         *         *     8.000     4.010     7.000     1.000     1.000     0.000     1.000     2.000     3.000         *         *   299.518    48.502    -1.012    16.061    31.389     2.065     0.286     0.529
   310.000   310.000   300.000         *         *    38.000    40.000    44.000         *         *    -7.000     1.578    11.000     0.000     1.000     0.000     1.000     2.000     3.000         *         *   335.017    46.834   -10.013    15.550    38.188     2.063     0.554     0.525
   316.670   310.670   300.000         *         *    30.000    32.000    24.000         *         *    13.000     2.802     8.000     0.000     0.000     0.000     1.000     2.000     3.000         *         *   324.388    46.834    -0.746    15.550    30.477     2.063    -0.675     0.525
   453.330   443.330   433.330         *         *    31.000    27.000    30.000         *         *     2.000     4.913    -2.000     0.000     0.000     0.000     1.000     2.000     3.000         *         *   457.836    46.834   -12.654    15.550    29.908     2.063    -0.085     0.525
   196.670   203.330         *         *         *    33.000    35.000         *         *         *    -1.000     6.101     6.000     0.000     1.000     0.000     1.000     2.000         *         *         *   232.750    48.527    -3.526    16.144    32.863     2.255     0.195     0.539
   283.330   283.330   286.670         *         *    33.000    36.000    27.000         *         *     3.000     2.630     9.000     1.000     1.000     0.000     1.000     2.000     3.000         *         *   308.663    46.834    -7.172    15.550    31.205     2.063     0.331     0.525
   380.000   386.670   343.330         *         *    32.000    32.000    31.000         *         *     3.000     4.609    -1.000     1.000     1.000     0.000     1.000     2.000     3.000         *         *   386.411    46.834   -10.328    15.550    30.431     2.063     0.510     0.525
   420.000   450.000         *         *         *    24.000    28.000    19.000         *         *     5.000    15.290    12.000     0.000     0.000     0.000     1.000     2.000     3.000         *         *   453.408    48.502   -21.149    16.061    25.676     2.065    -0.615     0.529
   296.670   300.000         *         *         *    29.000    29.000         *         *         *    -4.000     3.826     9.000     0.000     1.000     0.000     1.000     2.000         *         *         *   327.760    48.527   -12.167    16.144    29.254     2.255     0.327     0.539
   333.330         *         *         *         *    25.000         *         *         *         *    -1.000     9.830    11.000     0.000     1.000     0.000     1.000         *         *         *         *   357.468    57.123   -15.814    16.215    26.783     2.734     0.119     0.542
   276.670         *         *         *         *    19.000         *         *         *         *     1.000     3.467    11.000     1.000     0.000     0.000     1.000         *         *         *         *   319.383    57.123   -11.455    16.215    23.526     2.734     0.360     0.542
   496.670         *         *         *         *    34.000         *         *         *         *     5.000     6.353     4.000     1.000     1.000     1.000     1.000         *         *         *         *   460.475    57.123    -7.945    16.215    32.897     2.734     0.311     0.542
   196.670         *         *         *         *    34.000         *         *         *         *     6.000    10.523     5.000     0.000     0.000     0.000     1.000         *         *         *         *   249.204    57.123    -0.992    16.215    32.555     2.734    -0.437     0.542
   340.000         *         *         *         *    37.000         *         *         *         *    -5.000     5.578     9.000     0.000     0.000     0.000     1.000         *         *         *         *   369.729    57.123   -16.040    16.215    34.984     2.734    -0.031     0.542
   203.330   200.000         *         *         *    39.000    39.000         *         *         *    -9.000     1.357     5.000     0.000     1.000     0.000     1.000     2.000         *         *         *   239.944    48.527    -7.426    16.144    36.665     2.255     0.517     0.539
   316.670   306.670         *         *         *    33.000    33.000         *         *         *     9.000     4.946     9.000     0.000     0.000     0.000     1.000     2.000         *         *         *   331.044    48.527    -1.707    16.144    33.195     2.255    -0.452     0.539
   286.670   300.000         *         *         *    37.000    37.000         *         *         *     6.000     0.634     9.000     0.000     1.000     0.000     1.000     2.000         *         *         *   308.388    48.527     2.227    16.144    35.812     2.255     0.015     0.539
   383.330         *         *         *         *    18.000         *         *         *         *     2.000    11.802     1.000     0.000     1.000     0.000     1.000         *         *         *         *   384.759    57.123   -15.715    16.215    22.116     2.734     0.135     0.542
   256.670         *         *         *         *    30.000         *         *         *         *     7.000     1.600     5.000     0.000     1.000     0.000     1.000         *         *         *         *   289.733    57.123     3.536    16.215    30.661     2.734     0.060     0.542
   260.000   266.670         *         *         *    27.000    37.000         *         *         *    -1.000     0.946     5.000     0.000     1.000     0.000     1.000     2.000         *         *         *   286.119    48.527    -2.689    16.144    31.475     2.255     0.431     0.539
   376.670         *         *         *         *    22.000    23.000         *         *         *    -2.000    13.097     6.000     0.000     1.000     0.000     1.000     2.000         *         *         *   386.060    57.122   -21.047    16.170    23.840     2.255     0.134     0.540
   316.670   300.000         *         *         *    31.000    37.000         *         *         *   -10.000     0.760     9.000     1.000     0.000     0.000     1.000     2.000         *         *         *   346.876    48.527   -18.721    16.144    32.641     2.255     0.731     0.539
   446.670   420.000         *         *         *    39.000    37.000         *         *         *     2.000     3.670     9.000     0.000     1.000     0.000     1.000     2.000         *         *         *   442.092    48.527   -11.486    16.144    36.382     2.255     0.050     0.539
   563.330   560.000         *         *         *    28.000    32.000         *         *         *     8.000     1.570    13.000     0.000     0.000     0.000     1.000     2.000         *         *         *   558.077    48.527   -13.474    16.144    31.186     2.255    -0.294     0.539
   210.000         *         *         *         *    15.000         *         *         *         *    -8.000     7.703     9.000     1.000     0.000     0.000     1.000         *         *         *         *   270.244    57.123   -19.803    16.215    20.391     2.734     0.624     0.542
   150.000   136.670         *         *         *    27.000    27.000         *         *         *   -14.000    12.081     2.000     0.000     1.000     1.000     1.000     2.000         *         *         *   186.255    48.527   -12.015    16.144    27.420     2.255     0.492     0.539
   233.330   250.000         *         *         *    15.000    18.000         *         *         *    -2.000     4.078     7.000     1.000     1.000     0.000     1.000     2.000         *         *         *   276.343    48.527   -12.078    16.144    18.919     2.255     0.775     0.539
   263.330         *         *         *         *    29.000         *         *         *         *   -14.000     7.958    11.000     1.000     1.000     0.000     1.000         *         *         *         *   308.903    57.123   -25.154    16.215    28.406     2.734     0.951     0.542
   263.330   270.000         *         *         *    28.000    33.000         *         *         *     7.000     3.224     5.000     0.000     1.000     0.000     1.000     2.000         *         *         *   282.650    48.527     2.420    16.144    30.582     2.255     0.061     0.539
   463.330         *         *         *         *    25.000    25.000         *         *         *     8.000     3.147     8.000     0.000     0.000     0.000     1.000     2.000         *         *         *   457.812    57.122   -10.725    16.170    27.245     2.255    -0.318     0.540
   123.330         *         *         *         *    41.000         *         *         *         *     0.000    12.579     7.000     0.000     1.000     1.000     1.000         *         *         *         *   178.783    57.123     4.958    16.215    37.023     2.734    -0.127     0.542
   300.000         *         *         *         *    32.000         *         *         *         *    -5.000     3.467     8.000     0.000     0.000     0.000     1.000         *         *         *         *   338.536    57.123   -13.228    16.215    32.116     2.734     0.078     0.542
   323.330         *         *         *         *    24.000         *         *         *         *     3.000     1.658     9.000     1.000     0.000     0.000     1.000         *         *         *         *   352.438    57.123    -9.383    16.215    26.789     2.734     0.305     0.542
   300.000         *         *         *         *    29.000         *         *         *         *    10.000     7.500    11.000     0.000     1.000     0.000     1.000         *         *         *         *   326.370    57.123    -1.242    16.215    29.614     2.734    -0.231     0.542
   176.670         *         *         *         *    24.000         *         *         *         *    -5.000     4.070     9.000     0.000     1.000     0.000     1.000         *         *         *         *   238.021    57.123    -7.563    16.215    26.603     2.734     0.426     0.542
   293.330         *         *         *         *    28.000         *         *         *         *    -2.000     6.676    11.000     0.000     0.000     0.000     1.000         *         *         *         *   334.374    57.123   -13.498    16.215    29.429     2.734    -0.088     0.542
   256.670         *         *         *         *    19.000         *         *         *         *    10.000    13.080     5.000     0.000     0.000     0.000     1.000         *         *         *         *   293.522    57.123    -4.482    16.215    23.212     2.734    -0.492     0.542
   326.670         *         *         *         *    32.000         *         *         *         *   -10.000     4.333     5.000     0.000     1.000     1.000     1.000         *         *         *         *   340.257    57.123   -10.697    16.215    32.402     2.734     0.494     0.542
   300.000         *         *         *         *    38.000         *         *         *         *     8.000     6.427     5.000     1.000     1.000     0.000     1.000         *         *         *         *   319.913    57.123    -1.832    16.215    34.249     2.734     0.222     0.542
   463.330         *         *         *         *    34.000         *         *         *         *    10.000     6.266     8.000     0.000     1.000     0.000     1.000         *         *         *         *   449.199    57.123    -7.215    16.215    32.840     2.734    -0.230     0.542
   346.670         *         *         *         *    31.000         *         *         *         *     8.000     2.066     8.000     0.000     0.000     1.000     1.000         *         *         *         *   356.461    57.123     4.952    16.215    32.887     2.734    -0.365     0.542
   523.330         *         *         *         *    22.000         *         *         *         *     0.000     2.975     5.000     0.000     0.000     0.000     1.000         *         *         *         *   505.467    57.123   -20.516    16.215    26.215     2.734     0.034     0.542
   203.330         *         *         *         *    22.000         *         *         *         *   -18.000    12.491    17.000     1.000     1.000     0.000     1.000         *         *         *         *   270.087    57.123   -31.547    16.215    23.682     2.734     0.989     0.542
   370.000         *         *         *         *    33.000         *         *         *         *     0.000     1.784     3.000     0.000     1.000     1.000     1.000         *         *         *         *   366.916    57.123    -0.922    16.215    33.415     2.734     0.226     0.542
   366.670         *         *         *         *    36.000         *         *         *         *     3.000    13.641    13.000     0.000     1.000     1.000     1.000         *         *         *         *   370.332    57.123    -7.503    16.215    34.211     2.734    -0.279     0.542
   193.330         *         *         *         *    40.000         *         *         *         *     0.000     4.146     9.000     1.000     1.000     0.000     1.000         *         *         *         *   246.070    57.123    -3.162    16.215    35.640     2.734     0.491     0.542
   560.000         *         *         *         *    30.000         *         *         *         *    -5.000     4.513     7.000     0.000     1.000     0.000     1.000         *         *         *         *   530.824    57.123   -25.941    16.215    30.427     2.734     0.354     0.542
   436.670         *         *         *         *    28.000         *         *         *         *     0.000     2.241    13.000     0.000     1.000     1.000     1.000         *         *         *         *   427.973    57.123    -7.768    16.215    30.608     2.734     0.159     0.542
   323.330         *         *         *         *    35.000         *         *         *         *    -2.000     3.700     5.000     1.000     1.000     0.000     1.000         *         *         *         *   343.595    57.123   -11.388    16.215    32.600     2.734     0.647     0.542
   236.670         *         *         *         *    18.000         *         *         *         *    -7.000     2.014     9.000     1.000     1.000     0.000     1.000         *         *         *         *   284.294    57.123   -14.516    16.215    22.385     2.734     0.982     0.542
   266.670         *         *         *         *    34.000         *         *         *         *    -5.000     2.249     5.000     0.000     0.000     0.000     1.000         *         *         *         *   310.118    57.123    -9.688    16.215    33.374     2.734     0.120     0.542
   476.670         *         *         *         *    30.000         *         *         *         *     5.000     2.682    10.000     0.000     1.000     0.000     1.000         *         *         *         *   464.722    57.123   -11.487    16.215    30.789     2.734     0.038     0.542
   236.670         *         *         *         *    29.000         *         *         *         *    -2.000     2.980    13.000     0.000     0.000     0.000     1.000         *         *         *         *   293.257    57.123    -8.426    16.215    30.463     2.734    -0.028     0.542
   336.670         *         *         *         *    31.000         *         *         *         *     8.000     4.730     5.000     0.000     1.000     0.000     1.000         *         *         *         *   350.234    57.123    -1.493    16.215    30.991     2.734    -0.061     0.542
   226.670         *         *         *         *    34.000         *         *         *         *     4.000     6.370     4.000     1.000     1.000     1.000     1.000         *         *         *         *   253.170    57.123     4.864    16.215    32.696     2.734     0.362     0.542
   280.000         *         *         *         *    32.000         *         *         *         *    15.000     6.567     5.000     1.000     1.000     1.000     1.000         *         *         *         *   289.564    57.123    12.066    16.215    31.668     2.734    -0.005     0.542
   400.000         *         *         *         *    38.000         *         *         *         *     0.000     3.960     5.000     1.000     1.000     0.000     1.000         *         *         *         *   401.411    57.123   -13.026    16.215    34.482     2.734     0.541     0.542
