     9.000     8.000     9.000    11.000         *     3.810     3.990     3.540     2.940         *     0.000     1.000     0.000    -8.223     0.000    15.000     3.000     6.000    13.000    16.000    19.000     8.063     1.041     0.110     0.120     3.975     0.159    -0.049     0.008
    10.000    12.000    14.000         *         *     2.900     3.100     2.650         *         *     0.000     1.000     0.000    -8.223     0.000    17.000     3.000     6.000    13.000    16.000    19.000     8.588     1.072     0.208     0.143     3.327     0.173    -0.062     0.009
     7.000     7.000     9.000         *         *     1.900     1.350     1.150         *         *     0.000     1.000     0.000    -8.650     0.000    11.000     3.000     6.000    13.000    16.000    19.000     8.038     1.072     0.142     0.143     2.120     0.173    -0.066     0.009
     9.000    14.000         *         *         *     1.900     1.750         *         *         *     0.000     1.000     0.000    -8.997     0.000     0.000     3.000     6.000    13.000    16.000    19.000     8.749     1.091     0.194     0.166     2.190     0.201    -0.058     0.010
     9.000     6.000     8.000     7.000     9.000     4.100     4.150     3.540     3.490     2.830     0.000     0.000     0.000   -10.008     0.000     8.000     3.000     6.000    13.000    16.000    19.000     8.345     1.007     0.006     0.101     4.057     0.151    -0.043     0.008
     8.000     9.000    10.000    10.000     8.000     3.600     3.400     2.520     3.060     2.490     0.000     1.000     0.000   -10.005     0.000     6.000     3.000     6.000    13.000    16.000    19.000     8.154     1.007     0.075     0.101     3.496     0.151    -0.045     0.008
    10.000         *         *         *         *         *         *         *         *         *     0.000     0.000     0.000    12.623     0.000    -7.000     3.000     6.000    13.000    16.000    19.000    10.525     1.110     0.245     0.169     2.013     0.496    -0.063     0.012
    16.000         *         *         *         *         *         *         *         *         *     0.000     1.000     1.000     7.288     0.000     5.000     3.000     6.000    13.000    16.000    19.000    11.329     1.110     0.086     0.169     2.179     0.496    -0.060     0.012
     8.000     8.000         *         *         *     1.300     0.800         *         *         *     0.000     0.000     0.000     7.288     2.000    -6.000     3.000     6.000    13.000    16.000    19.000     9.120     1.091     0.249     0.166     1.524     0.201    -0.066     0.010
    25.000         *         *         *         *     2.900         *         *         *         *     0.000     0.000     0.000     7.122     0.000     1.000     3.000     6.000    13.000    16.000    19.000    12.572     1.107     0.041     0.168     2.779     0.263    -0.058     0.011
    20.000         *         *         *         *     2.000         *         *         *         *     0.000     0.000     1.000     7.221     0.000    -2.000     3.000     6.000    13.000    16.000    19.000    12.394     1.107     0.056     0.168     2.084     0.263    -0.059     0.011
     9.000    14.000         *         *         *     2.750     2.810         *         *         *     0.000     0.000     0.000     8.436     3.000     1.000     3.000     6.000    13.000    16.000    19.000     9.525     1.091     0.191     0.166     2.929     0.201    -0.055     0.010
    10.000    12.000         *         *         *     2.000     1.650         *         *         *     0.000     0.000     0.000     5.583     0.000    -5.000     3.000     6.000    13.000    16.000    19.000    10.063     1.091     0.219     0.166     2.135     0.201    -0.062     0.010
    16.000    15.000         *         *         *     2.000     1.650         *         *         *     0.000     0.000     1.000     5.581     0.000     2.000     3.000     6.000    13.000    16.000    19.000    11.858     1.091     0.105     0.166     2.106     0.201    -0.064     0.010
     9.000    10.000         *         *         *     1.770     1.300         *         *         *     0.000     1.000     0.000     7.339     1.000     8.000     3.000     6.000    13.000    16.000    19.000     9.322     1.091     0.226     0.166     1.991     0.201    -0.070     0.010
    12.000         *         *         *         *     1.590         *         *         *         *     1.000     1.000     1.000     7.339     0.000     2.000     3.000     6.000    13.000    16.000    19.000    10.527     1.107     0.101     0.168     1.594     0.263    -0.027     0.011
    17.000    12.000         *         *         *     2.900     2.900         *         *         *     0.000     0.000     0.000     5.217     0.000     6.000     3.000     6.000    13.000    16.000    19.000    11.159     1.091     0.085     0.166     3.059     0.201    -0.059     0.010
     9.000    11.000         *         *         *     2.500     2.100         *         *         *     0.000     0.000     0.000     8.511     0.000     6.000     3.000     6.000    13.000    16.000    19.000    10.051     1.091     0.200     0.166     2.612     0.201    -0.066     0.010
    13.000         *         *         *         *     2.350         *         *         *         *     0.000     0.000     1.000     8.511     0.000     8.000     3.000     6.000    13.000    16.000    19.000    11.346     1.107     0.097     0.168     2.500     0.263    -0.064     0.011
     8.000     7.000    10.000    13.000         *     2.600     2.460     1.550     1.310         *     0.000     1.000     0.000     4.945     1.000    -1.000     3.000     6.000    13.000    16.000    19.000     8.435     1.041     0.229     0.120     2.522     0.159    -0.058     0.008
    11.000    11.000         *         *         *     2.180     2.140         *         *         *     0.000     1.000     0.000     5.045     2.000    -1.000     3.000     6.000    13.000    16.000    19.000     9.242     1.091     0.179     0.166     2.396     0.201    -0.055     0.010
     8.000     8.000         *         *         *     2.350     2.570         *         *         *     1.000     1.000     1.000     3.739     1.000     2.000     3.000     6.000    13.000    16.000    19.000     9.119     1.091     0.058     0.166     2.387     0.201    -0.014     0.010
     9.000     9.000         *         *         *     3.700     3.520         *         *         *     0.000     0.000     0.000     2.930     1.000     6.000     3.000     6.000    13.000    16.000    19.000     9.197     1.091     0.106     0.166     3.675     0.201    -0.049     0.010
     8.000     9.000         *         *         *     3.150     3.060         *         *         *     0.000     1.000     0.000     2.930     0.000     8.000     3.000     6.000    13.000    16.000    19.000     8.924     1.091     0.143     0.166     3.262     0.201    -0.053     0.010
    12.000         *         *         *         *     1.700         *         *         *         *     0.000     1.000     0.000     2.982     1.000    -2.000     3.000     6.000    13.000    16.000    19.000     9.506     1.107     0.184     0.168     2.012     0.263    -0.059     0.011
    10.000     8.000    10.000         *         *     2.120     2.140     1.810         *         *     0.000     1.000     0.000     3.127     0.000    -6.000     3.000     6.000    13.000    16.000    19.000     9.282     1.072     0.124     0.143     2.377     0.173    -0.048     0.009
    10.000     8.000    12.000         *         *     2.620     2.870     2.170         *         *     0.000     0.000     0.000     3.127     0.000     2.000     3.000     6.000    13.000    16.000    19.000     9.534     1.072     0.153     0.143     2.935     0.173    -0.056     0.009
    14.000    10.000         *         *         *     2.870     2.540         *         *         *     0.000     0.000     0.000     3.597     1.000     1.000     3.000     6.000    13.000    16.000    19.000    10.145     1.091     0.113     0.166     2.881     0.201    -0.055     0.010
         *    19.000         *         *         *         *     2.250         *         *         *     0.000     1.000     0.000     2.597     0.000    -4.000     3.000     6.000    13.000    16.000    19.000    10.126     1.157     0.231     0.168     2.431     0.260    -0.057     0.010
     9.000         *         *         *         *     2.700         *         *         *         *     0.000     1.000     0.000     1.919     0.000    10.000     3.000     6.000    13.000    16.000    19.000     9.155     1.107     0.158     0.168     2.885     0.263    -0.060     0.011
    10.000     9.000    11.000    11.000    14.000     2.750     3.020     2.210     2.090         *     0.000     0.000     0.000     2.048     0.000     7.000     3.000     6.000    13.000    16.000    19.000     9.447     1.007     0.161     0.101     3.069     0.158    -0.059     0.008
     8.000     9.000         *         *         *     2.320     1.940         *         *         *     0.000     1.000     0.000     2.303     0.000     1.000     3.000     6.000    13.000    16.000    19.000     8.899     1.091     0.196     0.166     2.426     0.201    -0.057     0.010
     9.000         *         *         *         *     2.500         *         *         *         *     0.000     0.000     0.000     1.484     0.000    11.000     3.000     6.000    13.000    16.000    19.000     9.601     1.107     0.157     0.168     2.808     0.263    -0.066     0.011
     9.000    11.000    12.000    15.000    12.000     2.300     2.100     1.320     1.520     1.690     0.000     0.000     0.000     1.481     0.000     9.000     3.000     6.000    13.000    16.000    19.000     9.643     1.007     0.191     0.101     2.577     0.151    -0.066     0.008
     7.000    10.000         *         *         *     1.800     1.700         *         *         *     0.000     0.000     1.000     0.135     0.000    -2.000     3.000     6.000    13.000    16.000    19.000     9.677     1.091     0.145     0.166     2.087     0.201    -0.057     0.010
     7.000         *         *         *         *         *         *         *         *         *     0.000     1.000     1.000     1.836     0.000    -7.000     3.000     6.000    13.000    16.000    19.000     9.357     1.110     0.163     0.169     2.045     0.496    -0.050     0.012
     9.000     8.000         *         *         *     2.300     2.570         *         *         *     0.000     1.000     0.000     1.156     0.000     1.000     3.000     6.000    13.000    16.000    19.000     8.919     1.091     0.151     0.166     2.671     0.201    -0.052     0.010
     7.000     9.000     7.000     9.000     9.000     2.920     2.860     2.530     2.870     2.450     0.000     1.000     0.000     1.156     0.000     1.000     3.000     6.000    13.000    16.000    19.000     9.040     1.007     0.004     0.101     3.147     0.151    -0.039     0.008
    10.000    11.000    10.000     9.000         *     2.400     2.410     1.590     1.460     1.400     0.000     1.000     0.000     0.575     3.000     6.000     3.000     6.000    13.000    16.000    19.000     8.738     1.041     0.107     0.120     2.526     0.152    -0.058     0.008
     9.000     9.000     8.000     9.000    16.000     2.550     2.230     1.600     1.240     1.410     0.000     1.000     0.000     0.575     2.000     2.000     3.000     6.000    13.000    16.000    19.000     8.107     1.007     0.218     0.101     2.489     0.151    -0.059     0.008
    10.000     9.000         *         *         *     0.850     1.020         *         *         *     0.000     1.000     0.000    -0.200     0.000     1.000     3.000     6.000    13.000    16.000    19.000     9.191     1.091     0.209     0.166     1.477     0.201    -0.068     0.010
     8.000     8.000         *         *         *     1.300     1.810         *         *         *     0.000     0.000     0.000    -0.200     0.000     1.000     3.000     6.000    13.000    16.000    19.000     9.177     1.091     0.183     0.166     2.019     0.201    -0.064     0.010
    10.000         *         *         *         *     2.650         *         *         *         *     0.000     0.000     1.000     0.964     0.000     7.000     3.000     6.000    13.000    16.000    19.000    10.254     1.107     0.081     0.168     2.782     0.263    -0.057     0.011
     7.000         *         *         *         *     3.150         *         *         *         *     0.000     0.000     0.000     0.997     0.000     8.000     3.000     6.000    13.000    16.000    19.000     9.133     1.107     0.154     0.168     3.243     0.263    -0.057     0.011
    16.000    12.000    19.000    16.000         *     2.150     1.750         *         *         *     0.000     0.000     1.000    -1.358     0.000     0.000     3.000     6.000    13.000    16.000    19.000    10.545     1.043     0.302     0.121     2.233     0.201    -0.067     0.009
     8.000     7.000         *         *         *     1.850     1.550         *         *         *     0.000     1.000     0.000    -1.358     0.000    -4.000     3.000     6.000    13.000    16.000    19.000     8.510     1.091     0.192     0.166     2.058     0.201    -0.055     0.010
    12.000         *         *         *         *     2.800         *         *         *         *     0.000     0.000     1.000    -0.183     1.000     8.000     3.000     6.000    13.000    16.000    19.000    10.238     1.107     0.048     0.168     2.892     0.263    -0.055     0.011
     9.000    10.000         *         *         *     0.570     2.300     0.440         *         *     0.000     0.000     0.000    -0.339     0.000    -6.000     3.000     6.000    13.000    16.000    19.000     9.407     1.089     0.220     0.164     1.684     0.174    -0.064     0.010
    10.000    11.000         *         *         *     1.300     0.860         *         *         *     0.000     0.000     0.000    -0.339     0.000    -3.000     3.000     6.000    13.000    16.000    19.000     9.673     1.091     0.224     0.166     1.586     0.201    -0.068     0.010
    10.000     7.000         *         *         *     1.500     1.510         *         *         *     0.000     1.000     0.000    -0.460     0.000     1.000     3.000     6.000    13.000    16.000    19.000     8.958     1.091     0.173     0.166     1.937     0.201    -0.061     0.010
    10.000         *         *         *         *     1.000     0.900         *         *         *     1.000     0.000     1.000    -1.575     0.000    11.000     3.000     6.000    13.000    16.000    19.000    10.121     1.107     0.095     0.167     1.311     0.202    -0.040     0.010
     8.000     9.000    10.000    10.000    21.000         *     2.810     1.170     1.900     1.680     0.000     0.000     0.000    -0.167     0.000    -2.000     3.000     6.000    13.000    16.000    19.000     8.332     1.009     0.334     0.101     2.705     0.169    -0.061     0.008
     9.000     8.000    10.000     8.000         *     3.200     3.580     3.230     2.930         *     0.000     0.000     0.000    -1.277     2.000    16.000     3.000     6.000    13.000    16.000    19.000     8.932     1.041     0.014     0.120     3.697     0.159    -0.050     0.008
         *    18.000         *         *         *         *     2.700         *         *         *     0.000     1.000     0.000    -0.011     0.000    -2.000     3.000     6.000    13.000    16.000    19.000     9.795     1.157     0.199     0.168     2.789     0.260    -0.053     0.010
    11.000    12.000         *         *         *     1.600     1.700         *         *         *     0.000     1.000     1.000    -0.783     0.000    -4.000     3.000     6.000    13.000    16.000    19.000    10.002     1.091     0.126     0.166     1.929     0.201    -0.053     0.010
    10.000    10.000     9.000         *         *     3.030     3.060     2.380         *         *     0.000     1.000     0.000    -0.247     0.000    -5.000     3.000     6.000    13.000    16.000    19.000     9.136     1.072     0.089     0.143     3.044     0.173    -0.041     0.009
     8.000     9.000     8.000     7.000    11.000     3.100     3.090     2.600     2.650     1.940     0.000     1.000     0.000    -1.146     1.000     4.000     3.000     6.000    13.000    16.000    19.000     8.536     1.007     0.058     0.101     3.180     0.151    -0.046     0.008
    11.000    12.000         *         *         *         *     1.390         *         *         *     0.000     1.000     0.000    -0.881     1.000     2.000     3.000     6.000    13.000    16.000    19.000     9.216     1.092     0.196     0.166     2.004     0.260    -0.063     0.010
    16.000    12.000    15.000         *         *     2.900     2.900     2.260         *         *     0.000     0.000     0.000    -2.070     0.000     5.000     3.000     6.000    13.000    16.000    19.000    10.255     1.072     0.184     0.143     3.067     0.173    -0.060     0.009
     9.000    11.000    12.000    13.000         *     3.050     2.600     2.470     2.760         *     0.000     1.000     0.000    -2.070     0.000    -3.000     3.000     6.000    13.000    16.000    19.000     8.727     1.041     0.202     0.120     3.082     0.159    -0.044     0.008
    11.000     8.000    16.000    24.000         *     2.650     2.000     2.140         *         *     0.000     0.000     0.000    -0.262     1.000     7.000     3.000     6.000    13.000    16.000    19.000     8.032     1.042     0.560     0.121     2.814     0.173    -0.075     0.009
    10.000     7.000    15.000         *         *     2.450     2.330     1.610         *         *     0.000     1.000     0.000    -0.914     0.000     1.000     3.000     6.000    13.000    16.000    19.000     8.484     1.072     0.286     0.143     2.568     0.173    -0.060     0.009
     9.000     8.000         *         *         *     2.800     2.650         *         *         *     0.000     1.000     0.000    -1.359     2.000     5.000     3.000     6.000    13.000    16.000    19.000     8.261     1.091     0.129     0.166     2.941     0.201    -0.050     0.010
     7.000     9.000    11.000         *         *     2.850     2.670     2.250         *         *     0.000     0.000     0.000    -0.556     0.000     3.000     3.000     6.000    13.000    16.000    19.000     8.934     1.072     0.159     0.143     2.987     0.173    -0.055     0.009
    10.000    10.000         *         *         *         *     1.760         *         *         *     0.000     0.000     0.000    -0.822     0.000     0.000     3.000     6.000    13.000    16.000    19.000     9.516     1.092     0.174     0.166     2.299     0.260    -0.061     0.010
    14.000    13.000    12.000    13.000    14.000     2.080     2.410     1.950     2.050     1.850     0.000     1.000     0.000    -1.538     0.000     0.000     3.000     6.000    13.000    16.000    19.000     9.803     1.007     0.171     0.101     2.636     0.151    -0.051     0.008
     9.000    10.000    10.000     9.000    13.000     2.820     2.860     2.310     2.260         *     0.000     0.000     1.000    -2.167     0.000    -2.000     3.000     6.000    13.000    16.000    19.000     9.668     1.007     0.075     0.101     2.947     0.158    -0.045     0.008
     9.000    11.000         *         *         *     1.570     1.520         *         *         *     0.000     1.000     0.000    -2.481     0.000    -8.000     3.000     6.000    13.000    16.000    19.000     8.910     1.091     0.213     0.166     1.883     0.201    -0.055     0.010
    10.000     7.000    10.000    10.000         *     2.020     2.150     1.900     1.510         *     0.000     1.000     1.000    -2.505     0.000    12.000     3.000     6.000    13.000    16.000    19.000     9.466     1.041     0.042     0.120     2.484     0.159    -0.057     0.008
         *     7.000    11.000         *         *         *     2.570     1.680         *         *     0.000     1.000     0.000    -2.505     0.000     9.000     3.000     6.000    13.000    16.000    19.000     8.514     1.141     0.169     0.145     2.754     0.205    -0.061     0.009
     7.000     7.000    10.000    11.000    10.000     3.000     3.090     2.490     2.870     2.180     0.000     0.000     0.000    -3.381     1.000     5.000     3.000     6.000    13.000    16.000    19.000     8.385     1.007     0.114     0.101     3.281     0.151    -0.049     0.008
    15.000    11.000         *         *         *         *     2.190         *         *         *     0.000     0.000     0.000    -1.962     0.000     3.000     3.000     6.000    13.000    16.000    19.000    10.307     1.092     0.107     0.166     2.615     0.260    -0.059     0.010
         *     8.000         *         *         *         *     2.600         *         *         *     0.000     0.000     0.000    -1.464     0.000    -1.000     3.000     6.000    13.000    16.000    19.000     9.197     1.157     0.129     0.168     2.874     0.260    -0.051     0.010
    12.000         *         *         *         *     1.580         *         *         *         *     0.000     1.000     1.000    -2.745     0.000     1.000     3.000     6.000    13.000    16.000    19.000     9.955     1.107     0.099     0.168     1.932     0.263    -0.056     0.011
    10.000    12.000         *         *         *         *         *         *         *         *     0.000     1.000     0.000    -2.745     0.000     7.000     3.000     6.000    13.000    16.000    19.000     9.138     1.093     0.149     0.168     2.874     0.494    -0.056     0.012
    11.000     8.000    12.000         *         *     2.000     1.250     1.350         *         *     0.000     0.000     0.000    -4.216     0.000    -5.000     3.000     6.000    13.000    16.000    19.000     9.236     1.072     0.178     0.143     2.045     0.173    -0.059     0.009
     8.000     9.000         *         *         *     2.650     2.490         *         *         *     0.000     0.000     1.000    -4.213     0.000    -7.000     3.000     6.000    13.000    16.000    19.000     9.365     1.091     0.085     0.166     2.705     0.201    -0.043     0.010
     9.000     9.000         *    11.000         *     2.500     2.650         *         *         *     0.000     1.000     0.000    -4.467     0.000     1.000     3.000     6.000    13.000    16.000    19.000     8.591     1.046     0.143     0.131     2.797     0.201    -0.050     0.010
     9.000     7.000     9.000     9.000    12.000     1.900     2.100         *     2.080     1.440     0.000     1.000     0.000    -3.750     0.000    -4.000     3.000     6.000    13.000    16.000    19.000     8.587     1.007     0.105     0.101     2.411     0.161    -0.045     0.008
     8.000     7.000         *         *         *     2.050     1.520         *         *         *     0.000     1.000     0.000    -2.839     0.000     0.000     3.000     6.000    13.000    16.000    19.000     8.421     1.091     0.183     0.166     2.167     0.201    -0.057     0.010
     9.000     9.000         *         *         *     3.000     2.760         *         *         *     0.000     1.000     0.000    -2.842     0.000     9.000     3.000     6.000    13.000    16.000    19.000     8.725     1.091     0.126     0.166     3.107     0.201    -0.054     0.010
     9.000         *         *     7.000     9.000         *         *         *     2.680     2.120     1.000     1.000     0.000    -4.333     2.000     8.000     3.000     6.000    13.000    16.000    19.000     8.172     1.043     0.020     0.105     2.633     0.216    -0.016     0.008
    13.000     7.000         *         *         *     2.800     2.800         *         *         *     0.000     0.000     0.000    -5.003     1.000    10.000     3.000     6.000    13.000    16.000    19.000     9.270     1.091     0.055     0.166     3.083     0.201    -0.056     0.010
    11.000    10.000    12.000         *         *     2.650     2.700     2.380         *         *     0.000     1.000     0.000     0.800     1.000    -5.000     3.000     6.000    13.000    16.000    19.000     9.004     1.072     0.165     0.143     2.838     0.173    -0.045     0.009
         *         *         *     8.000    11.000         *         *         *     2.190     2.030     0.000     0.000     0.000    -4.027     0.000    -4.000     3.000     6.000    13.000    16.000    19.000     9.364     1.119     0.049     0.108     2.877     0.216    -0.045     0.008
    13.000     6.000         *     8.000    12.000     2.800     2.830         *     2.630     2.810     0.000     1.000     0.000    -3.777     0.000     0.000     3.000     6.000    13.000    16.000    19.000     9.035     1.007     0.045     0.104     3.152     0.162    -0.038     0.008
     8.000     8.000         *         *         *     1.950     2.830         *         *         *     0.000     1.000     0.000    -3.844     3.000     7.000     3.000     6.000    13.000    16.000    19.000     7.812     1.091     0.123     0.166     2.704     0.201    -0.052     0.010
     8.000     7.000    14.000         *         *     2.200     2.110     1.790         *         *     0.000     1.000     1.000    -4.372     1.000    11.000     3.000     6.000    13.000    16.000    19.000     8.411     1.072     0.203     0.143     2.527     0.173    -0.060     0.009
     7.000         *         *         *         *     2.370         *         *         *         *     0.000     0.000     0.000    -3.258     0.000   -10.000     3.000     6.000    13.000    16.000    19.000     8.785     1.107     0.187     0.168     2.514     0.263    -0.048     0.011
     8.000     7.000         *         *         *     2.650     2.850         *         *         *     0.000     0.000     0.000    -5.556     3.000     0.000     3.000     6.000    13.000    16.000    19.000     7.913     1.091     0.107     0.166     2.972     0.201    -0.046     0.010
    10.000    10.000         *         *         *     2.550     2.000         *         *         *     0.000     0.000     0.000    -5.556     0.000     5.000     3.000     6.000    13.000    16.000    19.000     9.204     1.091     0.143     0.166     2.629     0.201    -0.060     0.010
     9.000     7.000    10.000    10.000         *     2.600     2.650     2.390     1.560         *     0.000     1.000     1.000    -5.892     0.000     4.000     3.000     6.000    13.000    16.000    19.000     8.833     1.041     0.079     0.120     2.760     0.159    -0.049     0.008
     8.000     7.000     7.000         *         *     2.470     2.230     1.900         *         *     0.000     1.000     0.000    -4.172     1.000     2.000     3.000     6.000    13.000    16.000    19.000     8.283     1.072     0.060     0.143     2.607     0.173    -0.049     0.009
    11.000    18.000         *         *         *     2.250     2.270         *         *         *     0.000     1.000     0.000    -4.172     0.000     1.000     3.000     6.000    13.000    16.000    19.000     9.674     1.091     0.195     0.166     2.506     0.201    -0.058     0.010
     6.000         *    10.000    23.000         *     3.250         *     3.170     2.650         *     0.000     1.000     0.000    -3.470     2.000     7.000     3.000     6.000    13.000    16.000    19.000     6.573     1.070     0.491     0.120     3.536     0.178    -0.057     0.008
    12.000     9.000    10.000    10.000    13.000     3.350     3.200     3.250     3.130     2.950     0.000     0.000     0.000    -6.056     2.000     1.000     3.000     6.000    13.000    16.000    19.000     8.604     1.007     0.120     0.101     3.581     0.151    -0.040     0.008
    13.000    13.000         *         *         *     2.060     1.890         *         *         *     0.000     1.000     0.000    -4.430     0.000     1.000     3.000     6.000    13.000    16.000    19.000     9.595     1.091     0.155     0.166     2.288     0.201    -0.058     0.010
     5.000     6.000         *         *         *     3.330     2.650         *         *         *     0.000     1.000     0.000    -3.928     3.000     3.000     3.000     6.000    13.000    16.000    19.000     6.996     1.091     0.144     0.166     3.164     0.201    -0.044     0.010
     6.000     6.000         *         *         *     3.100     2.820         *         *         *     0.000     0.000     0.000    -4.833     0.000    -9.000     3.000     6.000    13.000    16.000    19.000     8.160     1.091     0.138     0.166     3.073     0.201    -0.040     0.010
    10.000    12.000    11.000    11.000     0.000         *     2.730     1.890     1.270     1.590     0.000     1.000     0.000    -4.833     0.000    -7.000     3.000     6.000    13.000    16.000    19.000    10.058     1.009    -0.112     0.101     2.431     0.169    -0.041     0.008
     8.000         *         *         *         *     2.550         *         *         *         *     0.000     1.000     0.000    -4.736     0.000    -3.000     3.000     6.000    13.000    16.000    19.000     8.429     1.107     0.161     0.168     2.683     0.263    -0.048     0.011
    12.000     7.000         *         *         *     2.550     2.740         *         *         *     0.000     1.000     0.000    -4.736     0.000    -4.000     3.000     6.000    13.000    16.000    19.000     8.876     1.091     0.093     0.166     2.800     0.201    -0.043     0.010
     7.000     7.000         *         *         *     2.450     2.600         *         *         *     0.000     1.000     1.000    -5.777     1.000     2.000     3.000     6.000    13.000    16.000    19.000     8.386     1.091     0.068     0.166     2.729     0.201    -0.044     0.010
    10.000    15.000         *         *         *     2.800     2.430     1.290         *         *     0.000     1.000     0.000    -5.683     0.000     6.000     3.000     6.000    13.000    16.000    19.000     9.020     1.089     0.218     0.164     2.645     0.174    -0.064     0.010
     8.000     8.000    13.000     9.000    15.000     3.100     3.150     2.870     2.680     1.870     0.000     1.000     0.000    -4.358     0.000     6.000     3.000     6.000    13.000    16.000    19.000     7.946     1.007     0.240     0.101     3.311     0.151    -0.054     0.008
    10.000     9.000    13.000     9.000         *     3.400     3.450     3.230     3.230         *     0.000     1.000     0.000    -6.656     0.000     7.000     3.000     6.000    13.000    16.000    19.000     8.617     1.041     0.098     0.120     3.667     0.159    -0.042     0.008
     8.000     7.000         *         *         *     2.400     2.440         *         *         *     0.000     1.000     0.000    -5.761     0.000     2.000     3.000     6.000    13.000    16.000    19.000     8.227     1.091     0.135     0.166     2.699     0.201    -0.051     0.010
     9.000     8.000         *         *         *     1.880     1.730         *         *         *     0.000     1.000     0.000    -5.761     0.000    12.000     3.000     6.000    13.000    16.000    19.000     8.576     1.091     0.151     0.166     2.295     0.201    -0.066     0.010
    11.000    10.000    10.000         *         *     2.350     2.300     1.710         *         *     0.000     0.000     0.000    -6.973     2.000     8.000     3.000     6.000    13.000    16.000    19.000     8.835     1.072     0.112     0.143     2.636     0.173    -0.060     0.009
    13.000    10.000    10.000    12.000    11.000     3.100     2.600     2.530     1.270     1.450     0.000     0.000     1.000    -7.570     3.000     2.000     3.000     6.000    13.000    16.000    19.000     8.971     1.007     0.123     0.101     2.795     0.151    -0.055     0.008
    10.000     9.000     9.000     7.000    10.000         *     3.520     3.520         *     3.500     0.000     1.000     0.000    -4.978     0.000     4.000     3.000     6.000    13.000    16.000    19.000     8.866     1.009    -0.002     0.101     3.823     0.182    -0.033     0.008
     9.000     8.000     7.000    10.000     8.000     3.450     3.550     3.250     3.200     3.160     0.000     1.000     0.000    -4.978     0.000     2.000     3.000     6.000    13.000    16.000    19.000     8.657     1.007     0.000     0.101     3.651     0.151    -0.033     0.008
    12.000    10.000    12.000    10.000         *     3.150     2.850     2.160     1.600         *     0.000     0.000     0.000    -3.816     0.000     3.000     3.000     6.000    13.000    16.000    19.000     9.539     1.041     0.119     0.120     2.972     0.159    -0.058     0.008
    10.000     7.000     9.000    14.000    19.000     2.900     3.100     3.250     1.380     0.920     0.000     0.000     0.000    -6.917     1.000     3.000     3.000     6.000    13.000    16.000    19.000     7.393     1.007     0.391     0.101     3.057     0.151    -0.068     0.008
     8.000     7.000     8.000     9.000     9.000     3.050     3.300     2.220     2.260         *     0.000     0.000     0.000    -6.917     1.000     2.000     3.000     6.000    13.000    16.000    19.000     8.375     1.007     0.052     0.101     3.158     0.158    -0.048     0.008
    10.000    10.000    12.000    10.000    13.000     2.200     2.330     1.620     1.090     0.770     0.000     1.000     0.000    -6.092     0.000    -2.000     3.000     6.000    13.000    16.000    19.000     8.571     1.007     0.205     0.101     2.302     0.151    -0.060     0.008
     8.000    10.000    12.000         *         *     1.500     1.400     1.140         *         *     0.000     1.000     0.000    -6.092     0.000    -3.000     3.000     6.000    13.000    16.000    19.000     8.421     1.072     0.229     0.143     1.883     0.173    -0.059     0.009
     8.000     7.000    12.000    15.000         *     0.850     0.700     0.790     0.460         *     0.000     1.000     1.000    -6.716     0.000    -7.000     3.000     6.000    13.000    16.000    19.000     8.416     1.041     0.268     0.120     1.349     0.159    -0.058     0.008
     7.000    10.000     8.000     9.000    14.000         *     1.650     0.990     0.950     1.110     0.000     1.000     0.000    -6.716     1.000    -2.000     3.000     6.000    13.000    16.000    19.000     7.916     1.009     0.189     0.101     2.014     0.169    -0.057     0.008
     9.000     7.000         *         *         *     3.400     3.540         *         *         *     0.000     1.000     1.000    -7.611     1.000     2.000     3.000     6.000    13.000    16.000    19.000     8.502     1.091     0.002     0.166     3.475     0.201    -0.033     0.010
    11.000     8.000    14.000         *         *     1.350     1.050     0.990         *         *     0.000     0.000     0.000    -8.361     0.000     8.000     3.000     6.000    13.000    16.000    19.000     8.961     1.072     0.231     0.143     1.852     0.173    -0.074     0.009
     8.000     8.000         *         *         *     2.500     1.850         *         *         *     0.000     0.000     0.000    -8.138     1.000    -6.000     3.000     6.000    13.000    16.000    19.000     8.249     1.091     0.156     0.166     2.470     0.201    -0.050     0.010
    11.000         *         *         *         *     2.300         *         *         *         *     0.000     0.000     1.000    -7.810     0.000    -3.000     3.000     6.000    13.000    16.000    19.000     9.755     1.107     0.061     0.168     2.477     0.263    -0.048     0.011
     9.000     9.000    11.000         *         *     2.300     2.330     2.080         *         *     0.000     0.000     0.000    -7.325     1.000     2.000     3.000     6.000    13.000    16.000    19.000     8.599     1.072     0.143     0.143     2.684     0.173    -0.054     0.009
    14.000     9.000    13.000    17.000    57.000     3.050     2.700     1.770     2.190     1.620     0.000     1.000     0.000    -8.939     0.000     0.000     3.000     6.000    13.000    16.000    19.000     4.218     1.007     1.318     0.101     3.177     0.151    -0.088     0.008
     9.000     8.000    10.000    11.000         *         *     2.900     2.500     1.550         *     0.000     1.000     0.000    -8.908     0.000     2.000     3.000     6.000    13.000    16.000    19.000     8.035     1.044     0.165     0.121     2.918     0.181    -0.052     0.008
    11.000     8.000    10.000    10.000         *     1.400     1.590     0.590     0.750         *     0.000     1.000     0.000    -7.710     2.000    18.000     3.000     6.000    13.000    16.000    19.000     8.367     1.041     0.132     0.120     1.943     0.159    -0.075     0.008
     8.000     8.000    14.000         *    13.000     2.500     2.550     2.460         *     1.960     0.000     1.000     0.000    -7.209     0.000    -9.000     3.000     6.000    13.000    16.000    19.000     7.841     1.014     0.260     0.110     2.778     0.160    -0.043     0.008
         *    11.000         *         *         *     1.880     1.990     1.610         *         *     0.000     0.000     0.000    -6.906     0.000     2.000     3.000     6.000    13.000    16.000    19.000     9.180     1.154     0.152     0.166     2.350     0.174    -0.060     0.010
     7.000     6.000     8.000    11.000    10.000     2.180     2.410     1.760     1.710     1.320     0.000     0.000     0.000    -6.906     0.000    -4.000     3.000     6.000    13.000    16.000    19.000     8.343     1.007     0.112     0.101     2.498     0.151    -0.051     0.008
    11.000     8.000         *         *         *     2.610     2.890         *         *         *     0.000     1.000     0.000    -7.500     0.000    -2.000     3.000     6.000    13.000    16.000    19.000     8.627     1.091     0.093     0.166     2.912     0.201    -0.043     0.010
    14.000     9.000    13.000    11.000    12.000     2.980     3.230     2.620     2.790     2.390     0.000     0.000     0.000    -7.563     0.000    -5.000     3.000     6.000    13.000    16.000    19.000     9.368     1.007     0.124     0.101     3.238     0.151    -0.043     0.008
         *     8.000    11.000     7.000     9.000         *     2.870     2.630     2.560     2.600     0.000     1.000     0.000    -0.861     2.000    -4.000     3.000     6.000    13.000    16.000    19.000     8.510     1.075     0.038     0.104     3.093     0.169    -0.035     0.008
         *    10.000     8.000    10.000    13.000         *     2.980     2.260     1.820     3.050     0.000     1.000     0.000    -0.828     3.000    -2.000     3.000     6.000    13.000    16.000    19.000     7.921     1.075     0.158     0.104     3.041     0.169    -0.041     0.008
     8.000    12.000     9.000     9.000         *     4.550     4.490     4.040     4.290         *     0.000     0.000     0.000    -7.908     1.000    19.000     3.000     6.000    13.000    16.000    19.000     8.690     1.041     0.015     0.120     4.655     0.159    -0.043     0.008
     7.000     6.000     8.000     5.000         *     3.900     4.010     3.510     3.250         *     0.000     0.000     0.000    -7.895     3.000    12.000     3.000     6.000    13.000    16.000    19.000     7.770     1.041    -0.042     0.120     4.014     0.159    -0.040     0.008
     7.000     7.000    10.000         *         *     1.390     1.680     1.040         *         *     1.000     1.000     1.000    -7.145     1.000    12.000     3.000     6.000    13.000    16.000    19.000     8.204     1.072     0.104     0.143     1.691     0.173    -0.031     0.009
     8.000     8.000     8.000     7.000    11.000     3.250     3.440     3.150     2.910     2.790     0.000     0.000     0.000    -6.911     1.000     6.000     3.000     6.000    13.000    16.000    19.000     8.412     1.007     0.038     0.101     3.579     0.151    -0.043     0.008
     7.000     6.000     8.000         *         *     3.530     3.200     1.960         *         *     0.000     1.000     0.000    -7.683     0.000     6.000     3.000     6.000    13.000    16.000    19.000     7.722     1.072     0.113     0.143     3.250     0.173    -0.051     0.009
     6.000     6.000     8.000     7.000     7.000     3.120     3.230     2.780     2.230     2.130     0.000     1.000     0.000    -8.208     1.000    -4.000     3.000     6.000    13.000    16.000    19.000     7.616     1.007     0.027     0.101     3.109     0.151    -0.038     0.008
    13.000     9.000         *         *         *         *     2.740         *         *         *     0.000     1.000     0.000    -7.419     1.000     0.000     3.000     6.000    13.000    16.000    19.000     8.778     1.092     0.080     0.166     2.948     0.260    -0.045     0.010
     8.000         *         *         *         *     2.750         *         *         *         *     0.000     1.000     0.000    -9.153     0.000    -1.000     3.000     6.000    13.000    16.000    19.000     8.100     1.107     0.132     0.168     2.881     0.263    -0.046     0.011
    10.000     7.000         *    10.000    10.000     2.350     2.500         *     1.060     1.770     0.000     1.000     0.000    -9.156     0.000     3.000     3.000     6.000    13.000    16.000    19.000     8.335     1.007     0.110     0.104     2.559     0.162    -0.054     0.008
     8.000         *         *    11.000         *     1.100         *         *         *         *     0.000     1.000     0.000    -8.202     0.000    -2.000     3.000     6.000    13.000    16.000    19.000     8.399     1.072     0.179     0.131     1.719     0.263    -0.059     0.010
     9.000     7.000    12.000     6.000     8.000     3.300     3.490     2.890     2.630     2.510     0.000     1.000     0.000   -10.234     0.000    11.000     3.000     6.000    13.000    16.000    19.000     8.318     1.007     0.021     0.101     3.491     0.151    -0.047     0.008
     7.000     6.000     6.000     9.000    11.000     3.100     3.310     2.830     2.440     2.420     0.000     1.000     0.000   -10.126     0.000    10.000     3.000     6.000    13.000    16.000    19.000     7.520     1.007     0.097     0.101     3.379     0.151    -0.049     0.008
    12.000    10.000    13.000     8.000     9.000     2.900     2.700     2.680     1.800     2.080     0.000     1.000     0.000   -11.108     0.000     4.000     3.000     6.000    13.000    16.000    19.000     8.919     1.007     0.058     0.101     2.983     0.151    -0.049     0.008
    11.000     9.000    13.000    11.000    13.000     3.800     3.780     3.080     2.410         *     0.000     1.000     0.000   -10.317     0.000     2.000     3.000     6.000    13.000    16.000    19.000     7.947     1.007     0.227     0.101     3.631     0.158    -0.048     0.008
     8.000    14.000         *         *         *     1.750     2.280         *         *         *     1.000     1.000     0.000   -10.169     0.000     4.000     3.000     6.000    13.000    16.000    19.000     8.438     1.091     0.136     0.166     2.137     0.201    -0.023     0.010
     8.000     8.000    10.000     9.000         *         *     2.300     1.540     1.730         *     0.000     1.000     0.000   -11.281     2.000     2.000     3.000     6.000    13.000    16.000    19.000     7.454     1.044     0.143     0.121     2.528     0.181    -0.052     0.008
     5.000     5.000         *         *         *     4.000     3.990         *         *         *     0.000     1.000     0.000   -10.214     2.000    18.000     3.000     6.000    13.000    16.000    19.000     6.809     1.091     0.048     0.166     4.127     0.201    -0.043     0.010
     9.000    10.000         *         *         *     3.350     2.760         *         *         *     0.000     1.000     0.000   -10.214     3.000    15.000     3.000     6.000    13.000    16.000    19.000     7.622     1.091     0.094     0.166     3.315     0.201    -0.053     0.010
     7.000     6.000     9.000     6.000     9.000     3.500     3.420     3.250     3.380     3.240     0.000     0.000     0.000   -10.578     2.000    12.000     3.000     6.000    13.000    16.000    19.000     7.736     1.007     0.011     0.101     3.821     0.151    -0.041     0.008
     6.000     7.000     9.000     6.000     6.000     3.000     2.750     2.900     2.780     2.420     0.000     1.000     0.000   -10.526     2.000    19.000     3.000     6.000    13.000    16.000    19.000     7.658     1.007    -0.028     0.101     3.363     0.151    -0.048     0.008
     8.000     6.000     7.000     8.000     8.000     3.500     3.100     3.440     3.390     2.420     0.000     1.000     1.000   -13.750     1.000     8.000     3.000     6.000    13.000    16.000    19.000     7.852     1.007    -0.010     0.101     3.551     0.151    -0.036     0.008
     8.000     8.000     9.000     8.000         *     2.350     2.650     1.870     1.920         *     0.000     1.000     1.000   -13.578     1.000    12.000     3.000     6.000    13.000    16.000    19.000     8.219     1.041     0.028     0.120     2.739     0.159    -0.051     0.008
     6.000     7.000     8.000     6.000    11.000     2.500     2.540     2.260     2.210     2.110     0.000     0.000     0.000   -11.089     3.000     0.000     3.000     6.000    13.000    16.000    19.000     7.282     1.007     0.085     0.101     2.859     0.151    -0.044     0.008
     7.000     7.000         *         *         *     3.000     2.800         *         *         *     0.000     1.000     0.000   -13.100     1.000     2.000     3.000     6.000    13.000    16.000    19.000     7.299     1.091     0.102     0.166     3.106     0.201    -0.043     0.010
    10.000     8.000     9.000     7.000     7.000     3.900         *     3.540     2.970     2.840     0.000     0.000     0.000   -13.384     0.000    10.000     3.000     6.000    13.000    16.000    19.000     8.732     1.008    -0.044     0.101     3.842     0.166    -0.044     0.008
    11.000     9.000     9.000     7.000    11.000     2.850     2.910     2.630     2.760     2.750     0.000     1.000     0.000   -11.892     0.000    -2.000     3.000     6.000    13.000    16.000    19.000     8.483     1.007     0.037     0.101     3.161     0.151    -0.035     0.008
    10.000     8.000    10.000         *         *     2.800     3.170     2.240         *         *     0.000     0.000     0.000   -11.892     0.000     0.000     3.000     6.000    13.000    16.000    19.000     8.508     1.072     0.102     0.143     3.086     0.173    -0.048     0.009
    10.000     7.000         *         *         *         *     2.890         *         *         *     0.000     1.000     0.000   -11.624     1.000     6.000     3.000     6.000    13.000    16.000    19.000     7.895     1.092     0.069     0.166     3.185     0.260    -0.045     0.010
    10.000     7.000     8.000     7.000         *     2.200     1.900     1.860     1.760         *     0.000     1.000     0.000   -14.545     2.000    13.000     3.000     6.000    13.000    16.000    19.000     7.826     1.041     0.014     0.120     2.556     0.159    -0.054     0.008
     9.000    10.000         *         *         *     3.120     3.120         *         *         *     1.000     0.000     1.000   -13.124     0.000     8.000     3.000     6.000    13.000    16.000    19.000     8.962     1.091    -0.028     0.166     3.051     0.201    -0.012     0.010
     9.000     8.000         *         *         *     3.400     3.630         *         *         *     0.000     0.000     0.000   -12.884     0.000    10.000     3.000     6.000    13.000    16.000    19.000     8.391     1.091     0.043     0.166     3.695     0.201    -0.047     0.010
     7.000     7.000     8.000     9.000     9.000     3.600     3.700     3.440     3.500     3.110     0.000     0.000     1.000   -15.213     0.000    13.000     3.000     6.000    13.000    16.000    19.000     8.268     1.007     0.007     0.101     3.906     0.151    -0.040     0.008
     7.000     6.000     7.000     6.000     7.000     3.500     3.650     3.540     2.500     3.020     0.000     0.000     0.000   -15.210     1.000    10.000     3.000     6.000    13.000    16.000    19.000     7.726     1.007    -0.034     0.101     3.728     0.151    -0.042     0.008
     7.000     7.000    10.000     7.000     7.000     3.000     3.100     2.780     1.740     2.360     0.000     1.000     0.000   -16.081     1.000     9.000     3.000     6.000    13.000    16.000    19.000     7.339     1.007     0.049     0.101     3.171     0.151    -0.048     0.008
     7.000     6.000         *         *         *     3.220     3.200         *         *         *     0.000     1.000     0.000   -15.059     0.000     0.000     3.000     6.000    13.000    16.000    19.000     7.300     1.091     0.077     0.166     3.347     0.201    -0.037     0.010
     8.000     6.000     7.000     8.000         *     3.000     3.040     3.410     3.360         *     0.000     1.000     1.000   -15.059     0.000    -7.000     3.000     6.000    13.000    16.000    19.000     8.152     1.041    -0.053     0.120     3.332     0.159    -0.019     0.008
     9.000         *     8.000     9.000    10.000     3.150         *     3.090     2.900     2.750     0.000     0.000     0.000   -16.732     0.000     1.000     3.000     6.000    13.000    16.000    19.000     8.081     1.039     0.057     0.101     3.462     0.166    -0.039     0.008
    10.000     8.000     8.000    11.000    13.000     2.900     2.500     2.650     1.760     1.200     0.000     1.000     1.000   -16.721     1.000     1.000     3.000     6.000    13.000    16.000    19.000     7.510     1.007     0.188     0.101     2.772     0.151    -0.051     0.008
    11.000     6.000     8.000     7.000     9.000     3.250     2.800     2.520     2.210     2.550     0.000     1.000     0.000   -17.606     1.000     2.000     3.000     6.000    13.000    16.000    19.000     7.525     1.007     0.040     0.101     3.137     0.151    -0.041     0.008
    11.000     6.000     7.000    10.000     7.000     2.550     2.450     1.990     2.550     1.710     0.000     1.000     0.000   -17.381     1.000     3.000     3.000     6.000    13.000    16.000    19.000     7.718     1.007     0.027     0.101     2.792     0.151    -0.044     0.008
     7.000     8.000     8.000     7.000     9.000     3.650     3.570     3.280     3.150     2.340     0.000     1.000     0.000   -15.594     1.000    13.000     3.000     6.000    13.000    16.000    19.000     7.184     1.007     0.066     0.101     3.721     0.151    -0.047     0.008
     8.000     8.000     6.000     5.000     8.000     4.120     4.490     4.490     3.400     3.900     0.000     1.000     0.000   -15.538     0.000     7.000     3.000     6.000    13.000    16.000    19.000     7.696     1.007    -0.052     0.101     4.331     0.151    -0.028     0.008
     8.000     6.000     8.000     7.000     9.000     3.500     3.620     3.440         *     3.100     0.000     1.000     0.000   -15.242     0.000    15.000     3.000     6.000    13.000    16.000    19.000     7.522     1.007     0.027     0.101     3.845     0.160    -0.043     0.008
     9.000     6.000         *         *         *     2.850     2.570         *         *         *     0.000     0.000     0.000   -15.605     0.000    10.000     3.000     6.000    13.000    16.000    19.000     8.094     1.091     0.064     0.166     3.072     0.201    -0.054     0.010
     9.000    10.000         *         *         *     3.680     3.250         *         *         *     0.000     0.000     0.000   -15.603     0.000    11.000     3.000     6.000    13.000    16.000    19.000     8.341     1.091     0.061     0.166     3.666     0.201    -0.050     0.010
     8.000     9.000     9.000     9.000    13.000     3.250     3.330     2.570     2.240     2.430     0.000     1.000     0.000   -18.250     0.000    12.000     3.000     6.000    13.000    16.000    19.000     7.109     1.007     0.189     0.101     3.394     0.151    -0.055     0.008
         *     8.000     9.000    11.000    12.000         *     2.980     2.310     2.070     1.950     0.000     1.000     0.000   -11.721     2.000    -2.000     3.000     6.000    13.000    16.000    19.000     6.924     1.075     0.219     0.104     2.947     0.169    -0.047     0.008
         *     6.000     8.000     6.000     8.000         *     3.170     2.910     2.780     2.760     0.000     1.000     1.000   -11.721     0.000    -3.000     3.000     6.000    13.000    16.000    19.000     8.442     1.075    -0.051     0.104     3.241     0.169    -0.028     0.008
         *         *    10.000     7.000         *         *         *     2.020     1.760         *     0.000     0.000     1.000    -4.306     0.000     6.000     3.000     6.000    13.000    16.000    19.000    10.223     1.150    -0.052     0.124     2.676     0.212    -0.051     0.008
         *         *     9.000     9.000    11.000         *         *     3.230     2.060     2.510     0.000     1.000     0.000    -3.381     1.000     6.000     3.000     6.000    13.000    16.000    19.000     8.375     1.118     0.095     0.105     3.302     0.191    -0.047     0.008
         *         *    10.000     9.000     9.000         *         *         *     1.920     2.720     0.000     1.000     0.000    -3.475     1.000     6.000     3.000     6.000    13.000    16.000    19.000     8.668     1.119     0.051     0.105     3.110     0.216    -0.046     0.008
    10.000    10.000     8.000     9.000     9.000     3.200     3.330     3.100     2.990     2.450     0.000     0.000     0.000   -13.600     1.000     0.000     3.000     6.000    13.000    16.000    19.000     8.439     1.007     0.030     0.101     3.439     0.151    -0.039     0.008
     8.000     6.000    11.000         *         *     2.950         *     1.630         *         *     0.000     0.000     0.000   -13.600     1.000     6.000     3.000     6.000    13.000    16.000    19.000     7.534     1.073     0.186     0.143     2.853     0.203    -0.059     0.009
     9.000         *         *         *         *     3.200         *         *         *         *     0.000     0.000     0.000   -14.078     1.000     1.000     3.000     6.000    13.000    16.000    19.000     8.061     1.107     0.074     0.168     3.297     0.263    -0.043     0.011
     8.000     8.000     9.000         *         *     3.250         *     2.140         *         *     0.000     1.000     0.000   -14.150     1.000     0.000     3.000     6.000    13.000    16.000    19.000     7.334     1.073     0.133     0.143     3.045     0.203    -0.045     0.009
     7.000         *         *         *         *     2.750         *         *         *         *     0.000     0.000     0.000   -15.374     0.000     8.000     3.000     6.000    13.000    16.000    19.000     7.994     1.107     0.097     0.168     3.096     0.263    -0.053     0.011
    10.000     6.000     8.000     6.000     7.000     2.700     2.650     2.360     2.360     2.000     0.000     1.000     1.000   -16.471     0.000    10.000     3.000     6.000    13.000    16.000    19.000     8.567     1.007    -0.077     0.101     2.939     0.151    -0.043     0.008
         *         *     4.000     9.000    10.000         *         *     2.570     2.220     1.950     0.000     1.000     0.000    -6.400     1.000    -5.000     3.000     6.000    13.000    16.000    19.000     8.126     1.118     0.039     0.105     2.848     0.191    -0.038     0.008
         *         *    12.000    10.000    11.000         *         *     2.910     2.370     2.480     0.000     1.000     0.000    -6.406     0.000     2.000     3.000     6.000    13.000    16.000    19.000     8.407     1.118     0.138     0.105     3.252     0.191    -0.045     0.008
         *         *     8.000     6.000     7.000         *         *     3.020     3.170     2.880     0.000     0.000     0.000    -4.598     0.000    11.000     3.000     6.000    13.000    16.000    19.000     9.617     1.118    -0.109     0.105     3.687     0.191    -0.043     0.008
         *         *     9.000     7.000     8.000         *         *     3.420     2.590     2.140     0.000     0.000     0.000    -4.542     0.000     2.000     3.000     6.000    13.000    16.000    19.000     9.472     1.118    -0.042     0.105     3.361     0.191    -0.043     0.008
         *         *     9.000     7.000     8.000         *         *     3.900     1.930     3.600     0.000     1.000     0.000    -4.589     1.000    13.000     3.000     6.000    13.000    16.000    19.000     8.548     1.118    -0.015     0.105     3.769     0.191    -0.043     0.008
     8.000         *     9.000     7.000     7.000     4.000         *     3.070     3.640     3.500     0.000     1.000     0.000   -14.570     1.000    15.000     3.000     6.000    13.000    16.000    19.000     7.607     1.039    -0.004     0.101     4.026     0.166    -0.040     0.008
     7.000     7.000     7.000     6.000    10.000     3.900     4.150     2.930     3.710     3.330     0.000     1.000     0.000   -16.377     0.000     6.000     3.000     6.000    13.000    16.000    19.000     7.184     1.007     0.046     0.101     3.963     0.151    -0.035     0.008
     9.000     6.000     7.000     8.000    10.000         *     3.100     2.520     2.930     2.810     0.000     1.000     0.000   -15.978     0.000    -5.000     3.000     6.000    13.000    16.000    19.000     7.463     1.009     0.062     0.101     3.252     0.169    -0.032     0.008
     7.000     7.000         *         *         *     3.400     2.220         *         *         *     0.000     1.000     0.000   -14.936     1.000     4.000     3.000     6.000    13.000    16.000    19.000     7.141     1.091     0.115     0.166     3.059     0.201    -0.046     0.010
     8.000     8.000     7.000     8.000    10.000     3.000     1.750     1.770     1.990     2.840     0.000     1.000     0.000   -14.936     0.000     4.000     3.000     6.000    13.000    16.000    19.000     7.854     1.007     0.047     0.101     2.807     0.151    -0.043     0.008
     8.000     7.000     8.000    12.000     9.000     2.650     2.200     2.280     2.600     2.340     0.000     1.000     0.000   -21.172     0.000     2.000     3.000     6.000    13.000    16.000    19.000     7.087     1.007     0.126     0.101     2.927     0.151    -0.042     0.008
    11.000     7.000     7.000     7.000     8.000     2.600     2.700     2.740     2.240     2.440     0.000     1.000     0.000   -21.153     0.000    -2.000     3.000     6.000    13.000    16.000    19.000     7.805     1.007    -0.012     0.101     2.961     0.151    -0.035     0.008
         *     6.000    10.000     7.000     9.000         *     3.580     2.760     2.310     1.930     0.000     1.000     0.000   -13.511     0.000     2.000     3.000     6.000    13.000    16.000    19.000     7.513     1.075     0.087     0.104     3.247     0.169    -0.046     0.008
         *     7.000     9.000     7.000    11.000         *     3.520     3.490     3.470     3.320     0.000     0.000     0.000   -13.511     0.000     0.000     3.000     6.000    13.000    16.000    19.000     7.970     1.075     0.056     0.104     3.847     0.169    -0.034     0.008
         *         *     9.000     7.000    12.000         *         *     2.640     1.160     2.440     0.000     0.000     1.000    -5.653     0.000    -5.000     3.000     6.000    13.000    16.000    19.000     9.720     1.118     0.008     0.105     2.712     0.191    -0.041     0.008
         *         *    11.000    10.000     8.000         *         *     4.180     3.500     3.300     0.000     0.000     0.000    -5.650     0.000     3.000     3.000     6.000    13.000    16.000    19.000     9.085     1.118     0.021     0.105     4.094     0.191    -0.036     0.008
     7.000     6.000     9.000     8.000     8.000     4.100     3.900     3.880     3.590     3.360     0.000     1.000     0.000   -15.495     0.000    17.000     3.000     6.000    13.000    16.000    19.000     7.288     1.007     0.045     0.101     4.214     0.151    -0.042     0.008
     7.000     9.000    10.000     7.000     9.000     4.050     4.530     2.680     3.800     3.850     0.000     1.000     0.000   -15.495     0.000    21.000     3.000     6.000    13.000    16.000    19.000     7.585     1.007     0.049     0.101     4.272     0.151    -0.046     0.008
    11.000     9.000    10.000    11.000    10.000     2.500     2.050     1.320     1.970     2.030     0.000     1.000     0.000   -17.758     1.000     1.000     3.000     6.000    13.000    16.000    19.000     7.742     1.007     0.135     0.101     2.566     0.151    -0.048     0.008
    10.000     9.000     8.000    12.000    12.000     3.800     3.700     2.970     2.600     2.780     0.000     1.000     0.000   -21.450     0.000     5.000     3.000     6.000    13.000    16.000    19.000     6.952     1.007     0.205     0.101     3.665     0.151    -0.047     0.008
    10.000     7.000    10.000     8.000     8.000     2.850     2.400     2.440     1.560     2.290     0.000     1.000     0.000   -21.450     2.000     0.000     3.000     6.000    13.000    16.000    19.000     6.993     1.007     0.088     0.101     2.825     0.151    -0.043     0.008
         *         *     9.000     9.000         *         *         *         *     1.210         *     0.000     1.000     0.000    -8.367     0.000     0.000     3.000     6.000    13.000    16.000    19.000     8.519     1.151     0.093     0.124     2.294     0.262    -0.053     0.009
    10.000         *    10.000     9.000    13.000     3.900         *     3.330     3.360     2.860     0.000     1.000     0.000   -21.525     0.000    10.000     3.000     6.000    13.000    16.000    19.000     6.937     1.039     0.186     0.101     3.898     0.166    -0.046     0.008
    12.000         *     8.000    10.000     9.000     3.100         *     2.690     2.220     2.620     0.000     0.000     0.000   -21.522     3.000     4.000     3.000     6.000    13.000    16.000    19.000     7.330     1.039     0.084     0.101     3.245     0.166    -0.045     0.008
         *         *    10.000         *         *         *         *     2.190         *         *     0.000     0.000     0.000    -6.025     0.000    -7.000     3.000     6.000    13.000    16.000    19.000     9.031     1.173     0.113     0.145     2.752     0.260    -0.046     0.009
     9.000     8.000     8.000     7.000    13.000     2.800     2.800     2.080     1.110     1.870     0.000     1.000     0.000   -18.745     0.000     7.000     3.000     6.000    13.000    16.000    19.000     7.256     1.007     0.155     0.101     2.824     0.151    -0.057     0.008
     7.000     8.000     6.000     7.000     8.000     2.750     2.810     2.410     2.570     2.370     0.000     1.000     1.000   -18.691     2.000     5.000     3.000     6.000    13.000    16.000    19.000     7.409     1.007    -0.009     0.101     3.017     0.151    -0.036     0.008
     7.000     6.000     8.000    10.000    12.000     3.450     3.170     3.500     2.190     2.710     0.000     0.000     0.000   -19.009     2.000     6.000     3.000     6.000    13.000    16.000    19.000     6.469     1.007     0.192     0.101     3.549     0.151    -0.048     0.008
     7.000     8.000     7.000    10.000     6.000     3.350     3.360     3.040     2.180     2.600     0.000     1.000     0.000   -18.854     0.000     3.000     3.000     6.000    13.000    16.000    19.000     7.345     1.007     0.041     0.101     3.367     0.151    -0.041     0.008
     7.000     7.000     7.000     6.000     8.000     3.060     3.090     2.650     2.520     2.350     0.000     0.000     0.000   -18.138     1.000     6.000     3.000     6.000    13.000    16.000    19.000     7.580     1.007    -0.001     0.101     3.273     0.151    -0.045     0.008
     7.000         *         *         *         *     3.300         *         *         *         *     0.000     1.000     0.000   -17.327     3.000     8.000     3.000     6.000    13.000    16.000    19.000     6.566     1.107     0.060     0.168     3.454     0.263    -0.040     0.011
     6.000    11.000     7.000     7.000    11.000     2.100     2.570     2.300     1.900     1.630     0.000     0.000     0.000   -17.250     0.000    -4.000     3.000     6.000    13.000    16.000    19.000     7.981     1.007     0.069     0.101     2.657     0.151    -0.045     0.008
     7.000     6.000     8.000     7.000     7.000     4.100     3.750     3.940     4.040     2.970     0.000     1.000     0.000   -18.731     1.000     7.000     3.000     6.000    13.000    16.000    19.000     6.825     1.007     0.024     0.101     4.086     0.151    -0.032     0.008
     7.000     8.000     7.000     6.000     7.000     3.780     4.290     3.980     3.140     3.650     0.000     1.000     0.000   -18.734     1.000     8.000     3.000     6.000    13.000    16.000    19.000     7.111     1.007    -0.014     0.101     4.089     0.151    -0.032     0.008
    10.000     7.000     7.000     7.000    12.000     3.550     3.540     2.360         *     3.100     0.000     0.000     0.000   -19.008     3.000     2.000     3.000     6.000    13.000    16.000    19.000     6.898     1.007     0.108     0.101     3.533     0.160    -0.040     0.008
     8.000     7.000     8.000     7.000    10.000     3.500     3.310     3.280     3.020     2.730     0.000     0.000     0.000   -19.083     1.000     8.000     3.000     6.000    13.000    16.000    19.000     7.360     1.007     0.060     0.101     3.665     0.151    -0.043     0.008
     9.000     7.000     9.000     8.000    11.000     3.200     3.400     2.670     3.390     3.090     0.000     0.000     0.000   -20.108     1.000    12.000     3.000     6.000    13.000    16.000    19.000     7.402     1.007     0.085     0.101     3.678     0.151    -0.045     0.008
     7.000     6.000     7.000     6.000     7.000     2.800     2.980     2.520         *     2.220     0.000     1.000     0.000   -19.863     2.000     7.000     3.000     6.000    13.000    16.000    19.000     6.741     1.007     0.017     0.101     3.112     0.160    -0.042     0.008
     8.000     8.000     8.000     6.000     6.000     3.700     3.820     3.670     3.300     3.190     0.000     1.000     0.000   -19.922     1.000    13.000     3.000     6.000    13.000    16.000    19.000     7.340     1.007    -0.035     0.101     3.947     0.151    -0.037     0.008
         *     8.000     7.000     7.000     9.000         *     3.520     2.850     3.440     3.320     0.000     0.000     0.000   -17.365     1.000     5.000     3.000     6.000    13.000    16.000    19.000     7.659     1.075     0.011     0.104     3.758     0.169    -0.036     0.008
         *         *     6.000     7.000    10.000         *         *     3.150     3.490     3.010     0.000     1.000     0.000   -10.376     1.000     3.000     3.000     6.000    13.000    16.000    19.000     7.655     1.118     0.028     0.105     3.687     0.191    -0.033     0.008
    10.000     8.000     9.000     8.000     9.000     2.950     2.800     2.730     2.900     2.940     0.000     1.000     0.000   -24.467     0.000     4.000     3.000     6.000    13.000    16.000    19.000     7.358     1.007     0.051     0.101     3.296     0.151    -0.036     0.008
    11.000     7.000     8.000     7.000    10.000     2.900     2.700     2.390     2.370     2.120     0.000     0.000     1.000   -24.239     3.000     1.000     3.000     6.000    13.000    16.000    19.000     7.384     1.007     0.044     0.101     2.973     0.151    -0.040     0.008
     8.000     8.000    11.000     7.000     8.000     3.500     3.810     3.540     3.330     2.900     0.000     1.000     0.000   -20.433     3.000    -5.000     3.000     6.000    13.000    16.000    19.000     6.406     1.007     0.102     0.101     3.675     0.151    -0.027     0.008
     7.000     6.000    10.000     6.000     7.000     3.600     3.710     3.960     3.750     3.570     0.000     1.000     0.000   -20.377     3.000    -5.000     3.000     6.000    13.000    16.000    19.000     6.239     1.007     0.045     0.101     3.876     0.151    -0.019     0.008
     7.000     6.000     6.000     6.000     8.000         *     3.060     2.470     1.320     1.470     0.000     1.000     0.000   -20.299     0.000     6.000     3.000     6.000    13.000    16.000    19.000     7.072     1.009     0.038     0.101     2.847     0.169    -0.052     0.008
     7.000     6.000     6.000     7.000     7.000     2.550     2.780     2.120     2.570     2.340     0.000     1.000     1.000   -20.286     1.000     0.000     3.000     6.000    13.000    16.000    19.000     7.442     1.007    -0.032     0.101     2.868     0.151    -0.032     0.008
         *     7.000    11.000     7.000    13.000         *     3.860     3.250     3.310     3.350     0.000     0.000     0.000   -19.303     1.000    10.000     3.000     6.000    13.000    16.000    19.000     6.889     1.075     0.167     0.104     4.018     0.169    -0.045     0.008
         *     7.000    10.000     9.000     9.000         *     3.310     3.460         *     3.140     0.000     0.000     0.000   -19.303     0.000    10.000     3.000     6.000    13.000    16.000    19.000     7.596     1.075     0.074     0.104     3.843     0.182    -0.043     0.008
         *         *     8.000     6.000    11.000         *         *     2.060     2.770     3.670     0.000     1.000     0.000   -11.224     3.000    10.000     3.000     6.000    13.000    16.000    19.000     7.027     1.118     0.076     0.105     3.482     0.191    -0.040     0.008
         *         *     9.000     6.000     7.000         *         *     4.180     2.690     3.830     0.000     1.000     0.000   -11.055     3.000    12.000     3.000     6.000    13.000    16.000    19.000     7.188     1.118     0.004     0.105     4.063     0.191    -0.035     0.008
         *         *    10.000     8.000    11.000         *         *     3.140     2.620     2.620     0.000     1.000     0.000   -11.892     0.000     4.000     3.000     6.000    13.000    16.000    19.000     7.827     1.118     0.108     0.105     3.434     0.191    -0.043     0.008
         *         *     6.000     9.000     9.000         *         *     2.240     2.890     3.080     0.000     0.000     0.000   -11.854     2.000    10.000     3.000     6.000    13.000    16.000    19.000     7.893     1.118     0.027     0.105     3.481     0.191    -0.045     0.008
         *         *     6.000     5.000     6.000         *         *     3.170     2.450     2.630     0.000     0.000     0.000   -14.597     0.000    -5.000     3.000     6.000    13.000    16.000    19.000     8.636     1.118    -0.114     0.105     3.248     0.191    -0.032     0.008
         *         *     8.000     8.000     7.000         *         *     2.390     2.650     2.470     0.000     1.000     0.000   -14.597     0.000     0.000     3.000     6.000    13.000    16.000    19.000     7.977     1.118     0.003     0.105     3.109     0.191    -0.037     0.008
         *         *     7.000         *     7.000         *         *     2.260         *     1.930     0.000     1.000     0.000   -13.633     3.000     8.000     3.000     6.000    13.000    16.000    19.000     7.099     1.123     0.037     0.113     2.946     0.214    -0.047     0.008
         *     8.000     9.000     7.000         *         *     3.670     3.330     2.790         *     0.000     1.000     0.000   -19.333     0.000    16.000     3.000     6.000    13.000    16.000    19.000     7.336     1.112     0.044     0.123     3.811     0.181    -0.047     0.008
         *     6.000     8.000     6.000    11.000         *     3.390     3.100     3.310     2.290     0.000     1.000     0.000   -19.275     1.000     8.000     3.000     6.000    13.000    16.000    19.000     6.522     1.075     0.112     0.104     3.598     0.169    -0.043     0.008
         *         *     7.000     7.000     8.000         *         *     1.920     2.340     2.370     0.000     1.000     0.000   -12.616     0.000    -4.000     3.000     6.000    13.000    16.000    19.000     8.194     1.118    -0.009     0.105     2.816     0.191    -0.036     0.008
         *         *     7.000     8.000     8.000         *         *     2.170     3.020         *     0.000     1.000     0.000   -12.560     0.000    -2.000     3.000     6.000    13.000    16.000    19.000     8.085     1.118     0.006     0.105     3.100     0.210    -0.035     0.008
         *         *    10.000     8.000     8.000         *         *     2.520     2.050     2.000     0.000     1.000     0.000   -14.828     1.000    10.000     3.000     6.000    13.000    16.000    19.000     7.587     1.118     0.070     0.105     3.059     0.191    -0.051     0.008
         *         *     8.000    10.000     9.000         *         *     3.620     3.660     2.930     0.000     1.000     0.000   -15.194     2.000     8.000     3.000     6.000    13.000    16.000    19.000     6.723     1.118     0.117     0.105     3.941     0.191    -0.038     0.008
         *         *     6.000     7.000     8.000         *         *     3.380     2.440     3.290     0.000     1.000     0.000   -15.299     1.000    10.000     3.000     6.000    13.000    16.000    19.000     7.374     1.118     0.003     0.105     3.658     0.191    -0.039     0.008
         *         *     9.000     7.000     8.000         *         *     2.850     1.650     1.340     0.000     0.000     0.000   -13.798     3.000    13.000     3.000     6.000    13.000    16.000    19.000     7.587     1.118     0.054     0.105     2.983     0.191    -0.059     0.008
         *         *     6.000         *         *         *         *     3.460         *         *     0.000     1.000     0.000   -14.888     2.000    10.000     3.000     6.000    13.000    16.000    19.000     7.102     1.173    -0.007     0.145     3.834     0.260    -0.036     0.009
         *         *     7.000     7.000    10.000         *         *     3.790     3.760     4.130     0.000     1.000     0.000   -15.466     2.000    17.000     3.000     6.000    13.000    16.000    19.000     6.690     1.118     0.064     0.105     4.411     0.191    -0.037     0.008
         *         *     9.000     5.000     9.000         *         *     2.190     1.610         *     0.000     1.000     1.000   -16.480     0.000     1.000     3.000     6.000    13.000    16.000    19.000     8.407     1.118    -0.017     0.105     2.586     0.210    -0.042     0.008
         *         *    11.000    11.000    10.000         *         *     3.660         *     3.440     0.000     1.000     0.000   -16.917     2.000     1.000     3.000     6.000    13.000    16.000    19.000     6.425     1.118     0.192     0.105     3.926     0.213    -0.033     0.008
         *         *     7.000     5.000     6.000         *         *     3.330     3.830     3.670     0.000     1.000     0.000   -16.869     2.000     7.000     3.000     6.000    13.000    16.000    19.000     7.039     1.118    -0.052     0.105     4.001     0.191    -0.028     0.008
         *         *     7.000     5.000     8.000         *         *     3.860     3.250     3.480     0.000     1.000     1.000   -18.436     0.000     2.000     3.000     6.000    13.000    16.000    19.000     7.925     1.118    -0.067     0.105     3.823     0.191    -0.024     0.008
         *         *     8.000     7.000     7.000         *         *     2.050     1.730     2.110     0.000     1.000     0.000   -18.800     2.000     2.000     3.000     6.000    13.000    16.000    19.000     6.974     1.118     0.042     0.105     2.740     0.191    -0.043     0.008
         *         *     8.000     7.000     6.000         *         *     3.510     3.410     3.390     0.000     1.000     1.000   -18.527     1.000    19.000     3.000     6.000    13.000    16.000    19.000     7.766     1.118    -0.060     0.105     4.010     0.191    -0.038     0.008
         *         *     8.000     7.000     7.000         *         *     3.310     3.390     2.040     0.000     1.000     0.000   -18.645     1.000    22.000     3.000     6.000    13.000    16.000    19.000     7.126     1.118     0.025     0.105     3.787     0.191    -0.053     0.008
         *         *     6.000         *         *         *         *     2.680         *         *     0.000     1.000     0.000   -17.059     1.000    18.000     3.000     6.000    13.000    16.000    19.000     7.317     1.173     0.008     0.145     3.492     0.260    -0.050     0.009
         *         *     9.000     8.000    10.000         *         *     3.880     3.490     3.360     0.000     1.000     0.000   -16.867     0.000    11.000     3.000     6.000    13.000    16.000    19.000     7.229     1.118     0.088     0.105     4.125     0.191    -0.039     0.008
