     8.000         *         *         *         *         *     0.700         *         *         *         *         *     0.000     0.000     0.000    17.816     0.000    -8.000     0.000     3.000     6.000    13.000    16.000    19.000    16.403     4.186    -1.420     0.182     0.915     0.261    -0.059     0.015
    14.000         *         *         *         *         *         *         *         *         *         *         *     0.000     1.000     0.000    16.108     0.000    -1.000     0.000     3.000     6.000    13.000    16.000    19.000    22.232     4.197    -1.340     0.184     1.573     0.517    -0.057     0.015
    28.000         *         *         *         *         *     1.600         *         *         *         *         *     0.000     0.000     1.000    16.108     0.000    -2.000     0.000     3.000     6.000    13.000    16.000    19.000    28.085     4.186    -1.213     0.182     1.583     0.261    -0.048     0.015
    40.000    34.000    39.000    45.000    23.000         *     3.700     3.810     3.990     3.540     2.940         *     0.000     1.000     0.000    -8.223     0.000    15.000     0.000     3.000     6.000    13.000    16.000    19.000    43.358     2.491    -0.788     0.145     3.892     0.152    -0.044     0.012
    35.000    50.000    45.000    27.000         *         *     3.100     2.900     3.100     2.650         *         *     0.000     1.000     0.000    -8.223     0.000    17.000     0.000     3.000     6.000    13.000    16.000    19.000    44.895     2.650    -0.858     0.156     3.212     0.156    -0.047     0.013
    50.000    45.000    45.000    46.000         *         *     2.200     1.900     1.350     1.150         *         *     0.000     1.000     0.000    -8.650     0.000    11.000     0.000     3.000     6.000    13.000    16.000    19.000    49.891     2.650    -0.850     0.156     2.035     0.156    -0.054     0.013
    30.000    35.000    33.000         *         *         *     2.400     1.900     1.750         *         *         *     0.000     1.000     0.000    -8.997     0.000     0.000     0.000     3.000     6.000    13.000    16.000    19.000    36.922     2.927    -0.870     0.171     2.232     0.167    -0.051     0.014
    56.000    51.000    42.000    35.000    34.000    46.000     4.000     4.100     4.150     3.540     3.490     2.830     0.000     0.000     0.000   -10.008     0.000     8.000     0.000     3.000     6.000    13.000    16.000    19.000    50.035     2.399    -0.718     0.135     4.046     0.151    -0.043     0.011
    59.000    50.000    48.000    55.000    42.000    43.000     3.400     3.600     3.400     2.520     3.060     2.490     0.000     1.000     0.000   -10.005     0.000     6.000     0.000     3.000     6.000    13.000    16.000    19.000    54.225     2.399    -0.642     0.135     3.431     0.151    -0.039     0.011
    12.000         *         *         *         *         *         *         *         *         *         *         *     0.000     0.000     0.000    12.623     0.000    -7.000     0.000     3.000     6.000    13.000    16.000    19.000    20.128     4.197    -1.286     0.184     1.621     0.517    -0.055     0.015
    23.000    25.000         *         *         *         *         *         *         *         *         *         *     0.000     1.000     1.000     7.288     0.000     5.000     0.000     3.000     6.000    13.000    16.000    19.000    29.249     3.397    -1.101     0.180     1.894     0.515    -0.050     0.015
    22.000    29.000    25.000         *         *         *         *     1.300     0.800         *         *         *     0.000     0.000     0.000     7.288     2.000    -6.000     0.000     3.000     6.000    13.000    16.000    19.000    29.184     2.927    -1.163     0.171     1.382     0.201    -0.053     0.014
    19.000    26.000         *         *         *         *     3.100     2.900         *         *         *         *     0.000     0.000     0.000     7.122     0.000     1.000     0.000     3.000     6.000    13.000    16.000    19.000    27.797     3.391    -1.119     0.177     2.970     0.197    -0.050     0.015
    32.000    27.000         *         *         *         *     2.000     2.000         *         *         *         *     0.000     0.000     1.000     7.221     0.000    -2.000     0.000     3.000     6.000    13.000    16.000    19.000    31.555     3.391    -1.037     0.177     2.043     0.197    -0.044     0.015
    36.000    25.000    15.000         *         *         *     2.900     2.750     2.810         *         *         *     0.000     0.000     0.000     8.436     3.000     1.000     0.000     3.000     6.000    13.000    16.000    19.000    30.109     2.927    -1.149     0.171     2.907     0.167    -0.049     0.014
    32.000         *         *         *         *         *     2.100         *         *         *         *         *     0.000     0.000     0.000     6.127     3.000     1.000     0.000     3.000     6.000    13.000    16.000    19.000    33.091     4.186    -1.115     0.182     2.187     0.261    -0.050     0.015
    37.000         *         *         *         *         *     3.200         *         *         *         *         *     0.000     0.000     0.000     6.922     3.000     5.000     0.000     3.000     6.000    13.000    16.000    19.000    36.635     4.186    -1.075     0.182     3.040     0.261    -0.048     0.015
    32.000         *         *         *         *         *     2.900         *         *         *         *         *     1.000     0.000     0.000     6.859     3.000     5.000     0.000     3.000     6.000    13.000    16.000    19.000    32.969     4.186    -1.254     0.182     2.711     0.261    -0.036     0.015
    36.000    26.000    28.000         *         *         *     1.600     2.000     1.650         *         *         *     0.000     0.000     0.000     5.583     0.000    -5.000     0.000     3.000     6.000    13.000    16.000    19.000    32.952     2.927    -1.066     0.171     1.913     0.167    -0.046     0.014
    41.000    33.000    30.000         *         *         *     1.900     2.000     1.650         *         *         *     0.000     0.000     1.000     5.581     0.000     2.000     0.000     3.000     6.000    13.000    16.000    19.000    36.847     2.927    -1.009     0.171     1.994     0.167    -0.044     0.014
    42.000    44.000    41.000         *         *         *     2.100     1.770     1.300         *         *         *     0.000     1.000     0.000     7.339     1.000     8.000     0.000     3.000     6.000    13.000    16.000    19.000    43.486     2.927    -1.094     0.171     1.930     0.167    -0.052     0.014
    50.000    30.000         *         *         *         *         *     1.590         *         *         *         *     1.000     1.000     1.000     7.339     0.000     2.000     0.000     3.000     6.000    13.000    16.000    19.000    38.779     3.391    -1.149     0.177     1.688     0.259    -0.029     0.015
    30.000    35.000    21.000         *         *         *     3.100     2.900     2.900         *         *         *     0.000     0.000     0.000     5.217     0.000     6.000     0.000     3.000     6.000    13.000    16.000    19.000    33.301     2.927    -1.085     0.171     3.060     0.167    -0.049     0.014
         *    44.000    34.000         *         *         *         *     2.500     2.100         *         *         *     0.000     0.000     0.000     8.511     0.000     6.000     0.000     3.000     6.000    13.000    16.000    19.000    40.979     3.366    -1.086     0.171     2.494     0.201    -0.047     0.014
         *    29.000         *         *         *         *         *     2.350         *         *         *         *     0.000     0.000     1.000     8.511     0.000     8.000     0.000     3.000     6.000    13.000    16.000    19.000    34.003     4.135    -1.085     0.177     2.422     0.260    -0.047     0.015
    49.000    45.000    39.000    22.000    22.000         *     2.400     2.600     2.460     1.550     1.310         *     0.000     1.000     0.000     4.945     1.000    -1.000     0.000     3.000     6.000    13.000    16.000    19.000    42.247     2.491    -1.102     0.145     2.455     0.152    -0.055     0.012
    36.000    36.000    35.000         *         *         *     2.300     2.180     2.140         *         *         *     0.000     1.000     0.000     5.045     2.000    -1.000     0.000     3.000     6.000    13.000    16.000    19.000    38.020     2.927    -0.992     0.171     2.331     0.167    -0.044     0.014
    37.000    45.000    31.000         *         *         *     2.100     2.350     2.570         *         *         *     1.000     1.000     1.000     3.739     1.000     2.000     0.000     3.000     6.000    13.000    16.000    19.000    39.489     2.927    -0.994     0.171     2.332     0.167    -0.020     0.014
    40.000         *         *         *         *         *     2.000         *         *         *         *         *     0.000     1.000     0.000     5.531     0.000    -4.000     0.000     3.000     6.000    13.000    16.000    19.000    37.151     4.186    -1.023     0.182     2.009     0.261    -0.045     0.015
    22.000         *         *         *         *         *         *         *         *         *         *         *     0.000     1.000     1.000     5.531     0.000    -3.000     0.000     3.000     6.000    13.000    16.000    19.000    28.171     4.197    -1.038     0.184     1.700     0.517    -0.047     0.015
    37.000         *         *         *         *         *     2.400         *         *         *         *         *     0.000     1.000     0.000     2.030     2.000     9.000     0.000     3.000     6.000    13.000    16.000    19.000    38.847     4.186    -1.030     0.182     2.487     0.261    -0.050     0.015
    32.000    33.000    32.000         *         *         *     3.600     3.700     3.520         *         *         *     0.000     0.000     0.000     2.930     1.000     6.000     0.000     3.000     6.000    13.000    16.000    19.000    36.293     2.927    -0.963     0.171     3.635     0.167    -0.043     0.014
    24.000    25.000    19.000         *         *         *     3.400     3.150     3.060         *         *         *     0.000     1.000     0.000     2.930     0.000     8.000     0.000     3.000     6.000    13.000    16.000    19.000    29.718     2.927    -1.079     0.171     3.289     0.167    -0.052     0.014
    37.000    32.000         *         *         *         *         *     1.700         *         *         *         *     0.000     1.000     0.000     2.982     1.000    -2.000     0.000     3.000     6.000    13.000    16.000    19.000    35.993     3.391    -1.026     0.177     1.954     0.259    -0.048     0.015
    46.000    45.000    41.000    27.000         *         *     2.100     2.120     2.140     1.810         *         *     0.000     1.000     0.000     3.127     0.000    -6.000     0.000     3.000     6.000    13.000    16.000    19.000    42.769     2.650    -0.898     0.156     2.233     0.156    -0.037     0.013
    54.000    35.000    43.000    36.000         *         *         *     2.620     2.870     2.170         *         *     0.000     0.000     0.000     3.127     0.000     2.000     0.000     3.000     6.000    13.000    16.000    19.000    44.970     2.651    -0.917     0.158     2.838     0.182    -0.041     0.013
    32.000    20.000    20.000         *         *         *     3.000     2.870     2.540         *         *         *     0.000     0.000     0.000     3.597     1.000     1.000     0.000     3.000     6.000    13.000    16.000    19.000    29.483     2.927    -1.097     0.171     2.911     0.167    -0.052     0.014
    35.000         *    17.000         *         *         *     2.600         *     2.250         *         *         *     0.000     1.000     0.000     2.597     0.000    -4.000     0.000     3.000     6.000    13.000    16.000    19.000    31.421     3.374    -1.039     0.172     2.515     0.198    -0.049     0.014
    35.000         *         *         *         *         *         *         *         *         *         *         *     0.000     1.000     0.000     1.161     0.000    -2.000     0.000     3.000     6.000    13.000    16.000    19.000    36.112     4.197    -0.973     0.184     2.285     0.517    -0.046     0.015
    47.000    47.000         *         *         *         *     2.700     2.700         *         *         *         *     0.000     1.000     0.000     1.919     0.000    10.000     0.000     3.000     6.000    13.000    16.000    19.000    46.089     3.391    -0.943     0.177     2.755     0.197    -0.045     0.015
    37.000    35.000    37.000    35.000    28.000    22.000     2.800     2.750     3.020     2.210     2.090         *     0.000     0.000     0.000     2.048     0.000     7.000     0.000     3.000     6.000    13.000    16.000    19.000    40.955     2.405    -0.937     0.138     2.905     0.152    -0.045     0.011
    44.000    41.000    34.000         *         *         *     2.200     2.320     1.940         *         *         *     0.000     1.000     0.000     2.303     0.000     1.000     0.000     3.000     6.000    13.000    16.000    19.000    41.327     2.927    -0.965     0.171     2.294     0.167    -0.045     0.014
    18.000         *         *         *         *         *         *         *         *         *         *         *     1.000     0.000     0.000     2.303     0.000    -2.000     0.000     3.000     6.000    13.000    16.000    19.000    25.247     4.197    -1.258     0.184     1.816     0.517    -0.040     0.015
    40.000    43.000         *         *         *         *     2.300     2.500         *         *         *         *     0.000     0.000     0.000     1.484     0.000    11.000     0.000     3.000     6.000    13.000    16.000    19.000    41.984     3.391    -1.010     0.177     2.529     0.197    -0.048     0.015
    34.000    26.000    25.000    15.000    12.000    24.000     2.200     2.300     2.100     1.320     1.520     1.690     0.000     0.000     0.000     1.481     0.000     9.000     0.000     3.000     6.000    13.000    16.000    19.000    33.671     2.399    -1.058     0.135     2.368     0.151    -0.051     0.011
    20.000         *         *         *         *         *     3.000         *         *         *         *         *     0.000     1.000     0.000    -0.223     3.000    13.000     0.000     3.000     6.000    13.000    16.000    19.000    31.921     4.186    -1.059     0.182     3.021     0.261    -0.055     0.015
    22.000         *         *         *         *         *     2.600         *         *         *         *         *     0.000     1.000     0.000    -0.072     3.000    14.000     0.000     3.000     6.000    13.000    16.000    19.000    32.840     4.186    -1.078     0.182     2.726     0.261    -0.056     0.015
    36.000         *         *         *         *         *     2.000         *         *         *         *         *     0.000     0.000     0.000     0.141     0.000     1.000     0.000     3.000     6.000    13.000    16.000    19.000    36.308     4.186    -1.007     0.182     2.142     0.261    -0.049     0.015
    28.000    36.000    30.000         *         *         *         *     1.800     1.700         *         *         *     0.000     0.000     1.000     0.135     0.000    -2.000     0.000     3.000     6.000    13.000    16.000    19.000    34.426     2.927    -0.911     0.171     1.959     0.201    -0.043     0.014
    35.000         *         *         *         *         *     1.700         *         *         *         *         *     0.000     1.000     1.000     1.836     0.000    -6.000     0.000     3.000     6.000    13.000    16.000    19.000    34.927     4.186    -0.906     0.182     1.739     0.261    -0.041     0.015
    44.000    40.000         *         *         *         *     2.100         *         *         *         *         *     0.000     1.000     1.000     1.836     0.000    -7.000     0.000     3.000     6.000    13.000    16.000    19.000    40.457     3.392    -0.829     0.178     2.036     0.259    -0.036     0.015
    33.000    35.000    39.000         *         *         *     2.100     2.300     2.570         *         *         *     0.000     1.000     0.000     1.156     0.000     1.000     0.000     3.000     6.000    13.000    16.000    19.000    38.546     2.927    -0.901     0.171     2.445     0.167    -0.040     0.014
    48.000    44.000    38.000    40.000    30.000    34.000     2.900     2.920     2.860     2.530     2.870     2.450     0.000     1.000     0.000     1.156     0.000     1.000     0.000     3.000     6.000    13.000    16.000    19.000    45.351     2.399    -0.757     0.135     2.999     0.151    -0.029     0.011
    39.000    45.000    38.000    26.000    24.000    12.000     2.500     2.400     2.410     1.590     1.460     1.400     0.000     1.000     0.000     0.575     3.000     6.000     0.000     3.000     6.000    13.000    16.000    19.000    40.819     2.399    -1.102     0.135     2.516     0.151    -0.058     0.011
    39.000    37.000    32.000    32.000    24.000    15.000     2.600     2.550     2.230     1.600     1.240     1.410     0.000     1.000     0.000     0.575     2.000     2.000     0.000     3.000     6.000    13.000    16.000    19.000    39.522     2.399    -1.048     0.135     2.487     0.151    -0.058     0.011
    45.000    45.000    33.000         *         *         *     1.200     0.850     1.020         *         *         *     0.000     1.000     0.000    -0.200     0.000     1.000     0.000     3.000     6.000    13.000    16.000    19.000    42.270     2.927    -0.996     0.171     1.295     0.167    -0.049     0.014
    60.000    46.000    43.000         *         *         *     1.500     1.300     1.810         *         *         *     0.000     0.000     0.000    -0.200     0.000     1.000     0.000     3.000     6.000    13.000    16.000    19.000    48.327     2.927    -0.903     0.171     1.745     0.167    -0.041     0.014
    38.000    35.000         *         *         *         *     3.000     2.650         *         *         *         *     0.000     0.000     1.000     0.964     0.000     7.000     0.000     3.000     6.000    13.000    16.000    19.000    38.279     3.391    -0.921     0.177     2.833     0.197    -0.044     0.015
    42.000    30.000         *         *         *         *     3.000     3.150         *         *         *         *     0.000     0.000     0.000     0.997     0.000     8.000     0.000     3.000     6.000    13.000    16.000    19.000    38.279     3.391    -0.998     0.177     3.097     0.197    -0.047     0.015
    28.000    24.000    35.000    22.000    22.000     1.000     2.500     2.150     1.750         *         *         *     0.000     0.000     1.000    -1.358     0.000     0.000     0.000     3.000     6.000    13.000    16.000    19.000    32.211     2.420    -1.004     0.145     2.281     0.167    -0.052     0.013
    33.000    36.000    36.000         *         *         *         *     1.850     1.550         *         *         *     0.000     1.000     0.000    -1.358     0.000    -4.000     0.000     3.000     6.000    13.000    16.000    19.000    37.629     2.927    -0.923     0.171     1.952     0.201    -0.046     0.014
    45.000         *         *         *         *         *     3.100         *         *         *         *         *     0.000     1.000     0.000    -0.183     2.000     2.000     0.000     3.000     6.000    13.000    16.000    19.000    42.466     4.186    -0.891     0.182     2.969     0.261    -0.043     0.015
    38.000    42.000         *         *         *         *     2.800     2.800         *         *         *         *     0.000     0.000     1.000    -0.183     1.000     8.000     0.000     3.000     6.000    13.000    16.000    19.000    40.881     3.391    -0.873     0.177     2.826     0.197    -0.041     0.015
    27.000    26.000    25.000         *         *         *         *     0.570     2.300     0.440         *         *     0.000     0.000     0.000    -0.339     0.000    -6.000     0.000     3.000     6.000    13.000    16.000    19.000    29.950     2.919    -1.078     0.164     1.580     0.182    -0.055     0.013
    18.000    21.000    17.000         *         *         *         *     1.300     0.860         *         *         *     0.000     0.000     0.000    -0.339     0.000    -3.000     0.000     3.000     6.000    13.000    16.000    19.000    25.170     2.927    -1.143     0.171     1.481     0.201    -0.059     0.014
    31.000    34.000    34.000         *         *         *         *     1.500     1.510         *         *         *     0.000     1.000     0.000    -0.460     0.000     1.000     0.000     3.000     6.000    13.000    16.000    19.000    36.550     2.927    -0.990     0.171     1.818     0.201    -0.050     0.014
         *         *         *         *         *         *     1.500         *         *         *         *         *     0.000     1.000     0.000    -0.447     1.000    -2.000     0.000     3.000     6.000    13.000    16.000    19.000    36.436     5.848    -0.981     0.185     1.726     0.261    -0.048     0.015
    43.000    46.000    33.000         *         *         *     1.000     1.000     0.900         *         *         *     1.000     0.000     1.000    -1.575     0.000    11.000     0.000     3.000     6.000    13.000    16.000    19.000    42.266     2.927    -1.110     0.171     1.190     0.167    -0.035     0.014
    40.000    37.000    36.000    22.000     9.000    17.000         *         *     2.810     1.170     1.900     1.680     0.000     0.000     0.000    -0.167     0.000    -2.000     0.000     3.000     6.000    13.000    16.000    19.000    36.799     2.407    -1.080     0.138     2.619     0.200    -0.054     0.012
    57.000    63.000    65.000    46.000    44.000         *     2.900     3.200     3.580     3.230     2.930         *     0.000     0.000     0.000    -1.277     2.000    16.000     0.000     3.000     6.000    13.000    16.000    19.000    57.904     2.491    -0.730     0.145     3.374     0.152    -0.028     0.012
    40.000         *    33.000         *         *         *     2.300         *     2.700         *         *         *     0.000     1.000     0.000    -0.011     0.000    -2.000     0.000     3.000     6.000    13.000    16.000    19.000    38.926     3.374    -0.880     0.172     2.583     0.198    -0.039     0.014
    41.000    34.000    35.000         *         *         *     1.900     1.600     1.700         *         *         *     0.000     1.000     1.000    -0.783     0.000    -4.000     0.000     3.000     6.000    13.000    16.000    19.000    38.589     2.927    -0.845     0.171     1.870     0.167    -0.040     0.014
    48.000    41.000    42.000    31.000         *         *     3.400     3.030     3.060     2.380         *         *     0.000     1.000     0.000    -0.247     0.000    -5.000     0.000     3.000     6.000    13.000    16.000    19.000    43.632     2.650    -0.847     0.156     3.118     0.156    -0.041     0.013
    40.000    35.000    35.000    35.000    30.000    25.000     3.000     3.100     3.090     2.600     2.650     1.940     0.000     1.000     0.000    -1.146     1.000     4.000     0.000     3.000     6.000    13.000    16.000    19.000    41.469     2.399    -0.854     0.135     3.117     0.151    -0.043     0.011
    25.000         *         *         *         *         *     2.800         *         *         *         *         *     0.000     1.000     0.000    -0.895     2.000     8.000     0.000     3.000     6.000    13.000    16.000    19.000    33.587     4.186    -1.011     0.182     2.819     0.261    -0.052     0.015
    35.000    36.000    32.000         *         *         *     1.300         *     1.390         *         *         *     0.000     1.000     0.000    -0.881     1.000     2.000     0.000     3.000     6.000    13.000    16.000    19.000    37.625     2.927    -0.990     0.171     1.650     0.198    -0.049     0.014
    45.000    32.000    32.000     7.000         *         *         *     2.900     2.900     2.260         *         *     0.000     0.000     0.000    -2.070     0.000     5.000     0.000     3.000     6.000    13.000    16.000    19.000    35.776     2.651    -1.095     0.158     3.078     0.182    -0.055     0.013
    47.000    34.000    28.000    18.000    24.000         *     3.100     3.050     2.600     2.470     2.760         *     0.000     1.000     0.000    -2.070     0.000    -3.000     0.000     3.000     6.000    13.000    16.000    19.000    37.327     2.491    -0.889     0.145     3.048     0.152    -0.039     0.012
    39.000    45.000    43.000    28.000    18.000         *         *     2.650     2.000     2.140         *         *     0.000     0.000     0.000    -0.262     1.000     7.000     0.000     3.000     6.000    13.000    16.000    19.000    41.767     2.496    -1.021     0.150     2.621     0.182    -0.050     0.013
    42.000    32.000    39.000    20.000         *         *     2.600     2.450     2.330     1.610         *         *     0.000     1.000     0.000    -0.914     0.000     1.000     0.000     3.000     6.000    13.000    16.000    19.000    38.738     2.650    -1.005     0.156     2.528     0.156    -0.052     0.013
    52.000    40.000    50.000         *         *         *     2.600     2.800     2.650         *         *         *     0.000     1.000     0.000    -1.359     2.000     5.000     0.000     3.000     6.000    13.000    16.000    19.000    47.723     2.927    -0.824     0.171     2.793     0.167    -0.039     0.014
    68.000    63.000    36.000    37.000         *         *     2.900     2.850     2.670     2.250         *         *     0.000     0.000     0.000    -0.556     0.000     3.000     0.000     3.000     6.000    13.000    16.000    19.000    52.262     2.650    -0.894     0.156     2.870     0.156    -0.042     0.013
    36.000    28.000    30.000         *         *         *     2.300         *     1.760         *         *         *     0.000     0.000     0.000    -0.822     0.000     0.000     0.000     3.000     6.000    13.000    16.000    19.000    34.934     2.927    -1.017     0.171     2.225     0.198    -0.051     0.014
    36.000         *         *         *         *         *         *         *         *         *         *         *     0.000     1.000     0.000    -0.822     0.000     1.000     0.000     3.000     6.000    13.000    16.000    19.000    37.638     4.197    -0.944     0.184     2.464     0.517    -0.046     0.015
    44.000         *         *         *         *         *     1.900         *         *         *         *         *     0.000     1.000     0.000    -1.150     3.000    -2.000     0.000     3.000     6.000    13.000    16.000    19.000    40.893     4.186    -0.917     0.182     2.049     0.261    -0.044     0.015
    32.000         *         *         *         *         *     3.800         *         *         *         *         *     0.000     0.000     0.000    -1.536     0.000    16.000     0.000     3.000     6.000    13.000    16.000    19.000    38.160     4.186    -0.990     0.182     3.655     0.261    -0.051     0.015
    37.000    49.000    45.000    40.000    30.000    38.000     2.400     2.080     2.410     1.950     2.050     1.850     0.000     1.000     0.000    -1.538     0.000     0.000     0.000     3.000     6.000    13.000    16.000    19.000    45.827     2.399    -0.726     0.135     2.436     0.151    -0.032     0.011
    38.000         *         *         *         *         *     1.300         *         *         *         *         *     0.000     0.000     1.000    -2.167     0.000     6.000     0.000     3.000     6.000    13.000    16.000    19.000    38.220     4.186    -0.938     0.182     1.615     0.261    -0.047     0.015
    25.000    35.000    24.000    37.000    30.000    25.000     2.500     2.820     2.860     2.310     2.260         *     0.000     0.000     1.000    -2.167     0.000    -2.000     0.000     3.000     6.000    13.000    16.000    19.000    36.193     2.405    -0.671     0.138     2.760     0.152    -0.030     0.011
    38.000    31.000    34.000         *         *         *     1.700     1.570     1.520         *         *         *     0.000     1.000     0.000    -2.481     0.000    -8.000     0.000     3.000     6.000    13.000    16.000    19.000    36.805     2.927    -0.902     0.171     1.780     0.167    -0.044     0.014
    41.000    38.000    40.000    21.000    20.000         *     1.900     2.020     2.150     1.900     1.510         *     0.000     1.000     1.000    -2.505     0.000    12.000     0.000     3.000     6.000    13.000    16.000    19.000    39.806     2.491    -0.945     0.145     2.262     0.152    -0.045     0.012
    44.000         *    40.000    45.000         *         *     2.400         *     2.570     1.680         *         *     0.000     1.000     0.000    -2.505     0.000     9.000     0.000     3.000     6.000    13.000    16.000    19.000    47.016     2.947    -0.847     0.157     2.539     0.177    -0.045     0.013
    43.000    43.000    40.000    37.000    26.000    20.000     3.000     3.000     3.090     2.490     2.870     2.180     0.000     0.000     0.000    -3.381     1.000     5.000     0.000     3.000     6.000    13.000    16.000    19.000    42.863     2.399    -0.884     0.135     3.150     0.151    -0.041     0.011
    42.000    27.000    38.000         *         *         *         *         *     2.190         *         *         *     0.000     0.000     0.000    -1.962     0.000     3.000     0.000     3.000     6.000    13.000    16.000    19.000    38.549     2.927    -0.956     0.171     2.509     0.262    -0.048     0.014
    49.000         *    46.000         *         *         *     2.700         *     2.600         *         *         *     0.000     0.000     0.000    -1.464     0.000    -1.000     0.000     3.000     6.000    13.000    16.000    19.000    45.850     3.374    -0.822     0.172     2.732     0.198    -0.038     0.014
    35.000    22.000         *         *         *         *     1.700     1.580         *         *         *         *     0.000     1.000     1.000    -2.745     0.000     1.000     0.000     3.000     6.000    13.000    16.000    19.000    32.931     3.391    -0.932     0.177     1.797     0.197    -0.048     0.015
    44.000    40.000    25.000         *         *         *     0.900         *         *         *         *         *     0.000     1.000     0.000    -2.745     0.000     7.000     0.000     3.000     6.000    13.000    16.000    19.000    39.627     2.928    -1.045     0.174     1.333     0.258    -0.054     0.015
    32.000    38.000    29.000    26.000         *         *     1.700     2.000     1.250     1.350         *         *     0.000     0.000     0.000    -4.216     0.000    -5.000     0.000     3.000     6.000    13.000    16.000    19.000    36.257     2.650    -0.912     0.156     1.885     0.156    -0.047     0.013
    35.000    30.000    26.000         *         *         *     2.500     2.650     2.490         *         *         *     0.000     0.000     1.000    -4.213     0.000    -7.000     0.000     3.000     6.000    13.000    16.000    19.000    33.683     2.927    -0.795     0.171     2.615     0.167    -0.038     0.014
    29.000    44.000    40.000         *    27.000         *     2.400     2.500     2.650         *         *         *     0.000     1.000     0.000    -4.467     0.000     1.000     0.000     3.000     6.000    13.000    16.000    19.000    40.360     2.664    -0.808     0.157     2.640     0.167    -0.040     0.014
    44.000    39.000    40.000    21.000         *    27.000     2.400     1.900     2.100         *     2.080     1.440     0.000     1.000     0.000    -3.750     0.000    -4.000     0.000     3.000     6.000    13.000    16.000    19.000    40.893     2.505    -0.839     0.138     2.323     0.155    -0.039     0.011
    26.000    40.000    32.000         *         *         *         *     2.050     1.520         *         *         *     0.000     1.000     0.000    -2.839     0.000     0.000     0.000     3.000     6.000    13.000    16.000    19.000    36.433     2.927    -0.943     0.171     2.049     0.201    -0.049     0.014
    53.000    36.000    36.000         *         *         *     3.000     3.000     2.760         *         *         *     0.000     1.000     0.000    -2.842     0.000     9.000     0.000     3.000     6.000    13.000    16.000    19.000    44.101     2.927    -0.905     0.171     3.037     0.167    -0.046     0.014
    26.000    54.000         *         *    24.000    29.000     3.000         *         *         *     2.680     2.120     1.000     1.000     0.000    -4.333     2.000     8.000     0.000     3.000     6.000    13.000    16.000    19.000    42.340     2.733    -0.962     0.138     2.952     0.197    -0.030     0.011
    41.000    35.000    38.000         *         *         *         *     2.800     2.800         *         *         *     0.000     0.000     0.000    -5.003     1.000    10.000     0.000     3.000     6.000    13.000    16.000    19.000    41.275     2.927    -0.908     0.171     3.034     0.201    -0.048     0.014
         *    34.000    43.000    34.000         *         *         *     2.650     2.700     2.380         *         *     0.000     1.000     0.000     0.800     1.000    -5.000     0.000     3.000     6.000    13.000    16.000    19.000    41.584     2.963    -0.801     0.158     2.776     0.182    -0.035     0.013
    36.000         *         *         *    30.000    25.000         *         *         *         *     2.190     2.030     0.000     0.000     0.000    -4.027     0.000    -4.000     0.000     3.000     6.000    13.000    16.000    19.000    39.186     3.055    -0.786     0.141     2.734     0.260    -0.038     0.012
    45.000    33.000    31.000         *    27.000    32.000     3.000     2.800     2.830         *     2.630     2.810     0.000     1.000     0.000    -3.777     0.000     0.000     0.000     3.000     6.000    13.000    16.000    19.000    40.304     2.520    -0.715     0.137     3.039     0.155    -0.028     0.011
    42.000    37.000    32.000         *         *         *     2.000     1.950     2.830         *         *         *     0.000     1.000     0.000    -3.844     3.000     7.000     0.000     3.000     6.000    13.000    16.000    19.000    40.475     2.927    -0.892     0.171     2.448     0.167    -0.043     0.014
    43.000    43.000    45.000    25.000         *         *     2.200     2.200     2.110     1.790         *         *     0.000     1.000     1.000    -4.372     1.000    11.000     0.000     3.000     6.000    13.000    16.000    19.000    43.711     2.650    -0.868     0.156     2.353     0.156    -0.045     0.013
    42.000         *         *         *         *         *     3.200         *         *         *         *         *     0.000     1.000     0.000    -5.220     2.000     8.000     0.000     3.000     6.000    13.000    16.000    19.000    43.148     4.186    -0.851     0.182     3.154     0.261    -0.045     0.015
    35.000    33.000         *         *         *         *     2.500     2.370         *         *         *         *     0.000     0.000     0.000    -3.258     0.000   -10.000     0.000     3.000     6.000    13.000    16.000    19.000    35.188     3.391    -0.871     0.177     2.473     0.197    -0.042     0.015
    43.000         *         *         *         *         *     2.200         *         *         *         *         *     0.000     1.000     0.000    -3.872     0.000     0.000     0.000     3.000     6.000    13.000    16.000    19.000    41.468     4.186    -0.873     0.182     2.293     0.261    -0.044     0.015
    38.000    40.000    41.000         *         *         *     2.700     2.650     2.850         *         *         *     0.000     0.000     0.000    -5.556     3.000     0.000     0.000     3.000     6.000    13.000    16.000    19.000    41.558     2.927    -0.799     0.171     2.858     0.167    -0.039     0.014
    54.000    51.000    40.000         *         *         *     2.300     2.550     2.000         *         *         *     0.000     0.000     0.000    -5.556     0.000     5.000     0.000     3.000     6.000    13.000    16.000    19.000    48.272     2.927    -0.850     0.171     2.464     0.167    -0.044     0.014
    22.000    39.000    39.000    26.000    20.000         *     3.400     2.600     2.650     2.390     1.560         *     0.000     1.000     1.000    -5.892     0.000     4.000     0.000     3.000     6.000    13.000    16.000    19.000    36.887     2.491    -0.876     0.145     2.902     0.152    -0.054     0.012
    44.000         *         *         *         *         *     2.800         *         *         *         *         *     0.000     0.000     0.000    -5.908     0.000    -1.000     0.000     3.000     6.000    13.000    16.000    19.000    41.661     4.186    -0.829     0.182     2.784     0.261    -0.043     0.015
    43.000    48.000    37.000    30.000         *         *     2.300     2.470     2.230     1.900         *         *     0.000     1.000     0.000    -4.172     1.000     2.000     0.000     3.000     6.000    13.000    16.000    19.000    43.575     2.650    -0.864     0.156     2.482     0.156    -0.044     0.013
    29.000    38.000    36.000         *         *         *     1.900     2.250     2.270         *         *         *     0.000     1.000     0.000    -4.172     0.000     1.000     0.000     3.000     6.000    13.000    16.000    19.000    37.931     2.927    -0.858     0.171     2.308     0.167    -0.042     0.014
    44.000    46.000         *    34.000    18.000         *     3.700     3.250         *     3.170     2.650         *     0.000     1.000     0.000    -3.470     2.000     7.000     0.000     3.000     6.000    13.000    16.000    19.000    42.861     2.699    -0.912     0.145     3.501     0.165    -0.045     0.012
    41.000    40.000    35.000    27.000    31.000    25.000     3.800     3.350     3.200     3.250     3.130     2.950     0.000     0.000     0.000    -6.056     2.000     1.000     0.000     3.000     6.000    13.000    16.000    19.000    40.635     2.399    -0.769     0.135     3.584     0.151    -0.036     0.011
    42.000         *         *         *         *         *     2.700         *         *         *         *         *     0.000     1.000     0.000    -4.866     0.000     0.000     0.000     3.000     6.000    13.000    16.000    19.000    41.448     4.186    -0.838     0.182     2.681     0.261    -0.043     0.015
    35.000         *         *         *         *         *     2.100         *         *         *         *         *     0.000     0.000     0.000    -4.866     0.000     0.000     0.000     3.000     6.000    13.000    16.000    19.000    36.789     4.186    -0.922     0.182     2.261     0.261    -0.048     0.015
    20.000         *    40.000         *         *         *     2.400     2.060     1.890         *         *         *     0.000     1.000     0.000    -4.430     0.000     1.000     0.000     3.000     6.000    13.000    16.000    19.000    35.320     3.361    -0.900     0.172     2.305     0.167    -0.049     0.014
    42.000    43.000    37.000         *         *         *     3.300     3.330     2.650         *         *         *     0.000     1.000     0.000    -3.928     3.000     3.000     0.000     3.000     6.000    13.000    16.000    19.000    42.903     2.927    -0.846     0.171     3.184     0.167    -0.044     0.014
    45.000    38.000    40.000         *         *         *     2.900     3.100     2.820         *         *         *     0.000     0.000     0.000    -4.833     0.000    -9.000     0.000     3.000     6.000    13.000    16.000    19.000    41.632     2.927    -0.747     0.171     2.982     0.167    -0.035     0.014
    33.000    33.000    39.000    40.000    30.000    26.000         *         *     2.730     1.890     1.270     1.590     0.000     1.000     0.000    -4.833     0.000    -7.000     0.000     3.000     6.000    13.000    16.000    19.000    40.470     2.407    -0.767     0.138     2.438     0.200    -0.044     0.012
    45.000    39.000         *         *         *         *     2.800     2.550         *         *         *         *     0.000     1.000     0.000    -4.736     0.000    -3.000     0.000     3.000     6.000    13.000    16.000    19.000    42.094     3.391    -0.814     0.177     2.703     0.197    -0.041     0.015
    50.000    38.000    43.000         *         *         *     2.800     2.550     2.740         *         *         *     0.000     1.000     0.000    -4.736     0.000    -4.000     0.000     3.000     6.000    13.000    16.000    19.000    44.414     2.927    -0.760     0.171     2.773     0.167    -0.037     0.014
    38.000    37.000    40.000         *         *         *     2.300     2.450     2.600         *         *         *     0.000     1.000     1.000    -5.777     1.000     2.000     0.000     3.000     6.000    13.000    16.000    19.000    40.926     2.927    -0.724     0.171     2.555     0.167    -0.036     0.014
    48.000    37.000    35.000    13.000         *         *     3.000     2.800     2.430     1.290         *         *     0.000     1.000     0.000    -5.683     0.000     6.000     0.000     3.000     6.000    13.000    16.000    19.000    39.659     2.650    -1.108     0.156     2.747     0.156    -0.067     0.013
    42.000    36.000    32.000    34.000    20.000    25.000     3.200     3.100     3.150     2.870     2.680     1.870     0.000     1.000     0.000    -4.358     0.000     6.000     0.000     3.000     6.000    13.000    16.000    19.000    40.479     2.399    -0.900     0.135     3.246     0.151    -0.048     0.011
    45.000    43.000    37.000    27.000    20.000         *     3.500     3.400     3.450     3.230     3.230         *     0.000     1.000     0.000    -6.656     0.000     7.000     0.000     3.000     6.000    13.000    16.000    19.000    41.477     2.491    -0.834     0.145     3.606     0.152    -0.038     0.012
    45.000         *         *         *         *         *     2.500         *         *         *         *         *     0.000     1.000     0.000    -5.473     3.000    10.000     0.000     3.000     6.000    13.000    16.000    19.000    44.670     4.186    -0.878     0.182     2.655     0.261    -0.047     0.015
    35.000    37.000    41.000         *         *         *         *     2.400     2.440         *         *         *     0.000     1.000     0.000    -5.761     0.000     2.000     0.000     3.000     6.000    13.000    16.000    19.000    40.639     2.927    -0.826     0.171     2.616     0.201    -0.043     0.014
    45.000    39.000    34.000         *         *         *     1.800     1.880     1.730         *         *         *     0.000     1.000     0.000    -5.761     0.000    12.000     0.000     3.000     6.000    13.000    16.000    19.000    42.690     2.927    -0.957     0.171     2.071     0.167    -0.052     0.014
    32.000    40.000    39.000    24.000         *         *     2.500     2.350     2.300     1.710         *         *     0.000     0.000     0.000    -6.973     2.000     8.000     0.000     3.000     6.000    13.000    16.000    19.000    39.581     2.650    -0.947     0.156     2.561     0.156    -0.054     0.013
    52.000    49.000    42.000    42.000    27.000    23.000     3.100     3.100     2.600     2.530     1.270     1.450     0.000     0.000     1.000    -7.570     3.000     2.000     0.000     3.000     6.000    13.000    16.000    19.000    46.589     2.399    -0.923     0.135     2.895     0.151    -0.060     0.011
    43.000    35.000    37.000    33.000    22.000    31.000     3.700         *     3.520     3.520         *     3.500     0.000     1.000     0.000    -4.978     0.000     4.000     0.000     3.000     6.000    13.000    16.000    19.000    40.965     2.403    -0.718     0.137     3.738     0.171    -0.029     0.011
    38.000    34.000    34.000    23.000    22.000    29.000     3.600     3.450     3.550     3.250     3.200     3.160     0.000     1.000     0.000    -4.978     0.000     2.000     0.000     3.000     6.000    13.000    16.000    19.000    38.131     2.399    -0.756     0.135     3.631     0.151    -0.033     0.011
         *    33.000    30.000    12.000    14.000         *         *     3.150     2.850     2.160     1.600         *     0.000     0.000     0.000    -3.816     0.000     3.000     0.000     3.000     6.000    13.000    16.000    19.000    33.901     2.748    -1.108     0.148     3.015     0.176    -0.063     0.012
    43.000    37.000    43.000    33.000    28.000         *         *     2.900     3.100     3.250     1.380     0.920     0.000     0.000     0.000    -6.917     1.000     3.000     0.000     3.000     6.000    13.000    16.000    19.000    43.041     2.493    -0.987     0.142     3.041     0.174    -0.065     0.011
    38.000    38.000    37.000    38.000    28.000    16.000     3.400     3.050     3.300     2.220     2.260         *     0.000     0.000     0.000    -6.917     1.000     2.000     0.000     3.000     6.000    13.000    16.000    19.000    40.979     2.405    -0.903     0.138     3.217     0.152    -0.053     0.011
    35.000    24.000    26.000    24.000    15.000    22.000     2.800     2.200     2.330     1.620     1.090     0.770     0.000     1.000     0.000    -6.092     0.000    -2.000     0.000     3.000     6.000    13.000    16.000    19.000    34.683     2.399    -1.015     0.135     2.444     0.151    -0.067     0.011
    20.000    29.000    29.000    15.000         *         *     2.100     1.500     1.400     1.140         *         *     0.000     1.000     0.000    -6.092     0.000    -3.000     0.000     3.000     6.000    13.000    16.000    19.000    30.737     2.650    -0.984     0.156     1.896     0.156    -0.055     0.013
    36.000    43.000    33.000    19.000    10.000         *     1.500     0.850     0.700     0.790     0.460         *     0.000     1.000     1.000    -6.716     0.000    -7.000     0.000     3.000     6.000    13.000    16.000    19.000    35.535     2.491    -0.952     0.145     1.295     0.152    -0.051     0.012
    47.000    37.000    43.000    42.000    30.000    32.000     1.800         *     1.650     0.990     0.950     1.110     0.000     1.000     0.000    -6.716     1.000    -2.000     0.000     3.000     6.000    13.000    16.000    19.000    45.204     2.400    -0.799     0.136     1.838     0.167    -0.046     0.011
    43.000    57.000    46.000         *         *         *         *     3.400     3.540         *         *         *     0.000     1.000     1.000    -7.611     1.000     2.000     0.000     3.000     6.000    13.000    16.000    19.000    48.821     2.927    -0.564     0.171     3.431     0.201    -0.027     0.014
    45.000    34.000    28.000         *         *         *     1.500     1.350     1.050     0.990         *         *     0.000     0.000     0.000    -8.361     0.000     8.000     0.000     3.000     6.000    13.000    16.000    19.000    39.361     2.919    -0.994     0.163     1.655     0.156    -0.056     0.013
    40.000    33.000    30.000         *         *         *     2.400     2.500     1.850         *         *         *     0.000     0.000     0.000    -8.138     1.000    -6.000     0.000     3.000     6.000    13.000    16.000    19.000    37.141     2.927    -0.856     0.171     2.419     0.167    -0.047     0.014
    30.000    32.000         *         *         *         *     2.000     2.300         *         *         *         *     0.000     0.000     1.000    -7.810     0.000    -3.000     0.000     3.000     6.000    13.000    16.000    19.000    34.435     3.391    -0.785     0.177     2.254     0.197    -0.041     0.015
    44.000    35.000    41.000    46.000         *         *     1.800     2.300     2.330     2.080         *         *     0.000     0.000     0.000    -7.325     1.000     2.000     0.000     3.000     6.000    13.000    16.000    19.000    44.589     2.650    -0.690     0.156     2.364     0.156    -0.033     0.013
    34.000    37.000    29.000    31.000    21.000    12.000     2.900     3.050     2.700     1.770     2.190     1.620     0.000     1.000     0.000    -8.939     0.000     0.000     0.000     3.000     6.000    13.000    16.000    19.000    37.032     2.399    -0.941     0.135     2.903     0.151    -0.057     0.011
    40.000    31.000    33.000    18.000    16.000         *     3.000         *     2.900     2.500     1.550         *     0.000     1.000     0.000    -8.908     0.000     2.000     0.000     3.000     6.000    13.000    16.000    19.000    36.237     2.492    -0.980     0.145     2.973     0.169    -0.058     0.012
    42.000    46.000    50.000    27.000    25.000    24.000     2.000     1.400     1.590     0.590     0.750         *     0.000     1.000     0.000    -7.710     2.000    18.000     0.000     3.000     6.000    13.000    16.000    19.000    45.941     2.405    -1.096     0.138     1.884     0.152    -0.069     0.011
    50.000    36.000    44.000    37.000    33.000    19.000     2.600     2.500     2.550     2.460         *     1.960     0.000     1.000     0.000    -7.209     0.000    -9.000     0.000     3.000     6.000    13.000    16.000    19.000    42.910     2.402    -0.747     0.136     2.683     0.153    -0.035     0.011
    44.000         *    39.000    22.000         *         *     2.000     1.880     1.990     1.610         *         *     0.000     0.000     0.000    -6.906     0.000     2.000     0.000     3.000     6.000    13.000    16.000    19.000    40.381     2.939    -0.917     0.157     2.188     0.156    -0.048     0.013
    38.000    38.000    41.000    25.000    14.000    14.000     2.200     2.180     2.410     1.760     1.710     1.320     0.000     0.000     0.000    -6.906     0.000    -4.000     0.000     3.000     6.000    13.000    16.000    19.000    37.467     2.399    -0.966     0.135     2.414     0.151    -0.050     0.011
    33.000    34.000    38.000         *         *         *     3.000     2.610     2.890         *         *         *     0.000     1.000     0.000    -7.500     0.000    -2.000     0.000     3.000     6.000    13.000    16.000    19.000    38.501     2.927    -0.774     0.171     2.931     0.167    -0.041     0.014
    38.000    34.000    41.000    38.000    32.000    31.000     3.400     2.980     3.230     2.620     2.790     2.390     0.000     0.000     0.000    -7.563     0.000    -5.000     0.000     3.000     6.000    13.000    16.000    19.000    41.797     2.399    -0.676     0.135     3.221     0.151    -0.037     0.011
         *         *    45.000    36.000    27.000    38.000         *         *     2.870     2.630     2.560     2.600     0.000     1.000     0.000    -0.861     2.000    -4.000     0.000     3.000     6.000    13.000    16.000    19.000    44.787     2.896    -0.714     0.141     3.007     0.202    -0.029     0.012
         *         *    41.000    32.000    20.000    26.000         *         *     2.980     2.260     1.820     3.050     0.000     1.000     0.000    -0.828     3.000    -2.000     0.000     3.000     6.000    13.000    16.000    19.000    40.706     2.896    -0.837     0.141     2.971     0.202    -0.036     0.012
    63.000    58.000    44.000    60.000    42.000         *     4.400     4.550     4.490     4.040     4.290         *     0.000     0.000     0.000    -7.908     1.000    19.000     0.000     3.000     6.000    13.000    16.000    19.000    56.775     2.491    -0.626     0.145     4.518     0.152    -0.029     0.012
    63.000    45.000    56.000    35.000    35.000         *     3.700     3.900     4.010     3.510     3.250         *     0.000     0.000     0.000    -7.895     3.000    12.000     0.000     3.000     6.000    13.000    16.000    19.000    51.552     2.491    -0.784     0.145     3.932     0.152    -0.039     0.012
    34.000    31.000    30.000         *         *         *     1.700     1.390     1.680     1.040         *         *     1.000     1.000     1.000    -7.145     1.000    12.000     0.000     3.000     6.000    13.000    16.000    19.000    36.565     2.919    -1.077     0.163     1.735     0.156    -0.040     0.013
    40.000    40.000    35.000    32.000    24.000    27.000     2.700     3.250     3.440     3.150     2.910     2.790     0.000     0.000     0.000    -6.911     1.000     6.000     0.000     3.000     6.000    13.000    16.000    19.000    40.682     2.399    -0.752     0.135     3.324     0.151    -0.031     0.011
    44.000    41.000    45.000    30.000         *         *         *     3.530     3.200     1.960         *         *     0.000     1.000     0.000    -7.683     0.000     6.000     0.000     3.000     6.000    13.000    16.000    19.000    44.611     2.651    -0.879     0.158     3.251     0.182    -0.054     0.013
    49.000    47.000    39.000    34.000    30.000    39.000     3.300     3.120     3.230     2.780     2.230     2.130     0.000     1.000     0.000    -8.208     1.000    -4.000     0.000     3.000     6.000    13.000    16.000    19.000    45.903     2.399    -0.741     0.135     3.187     0.151    -0.044     0.011
    46.000    46.000    44.000         *         *         *     3.400         *     2.740         *         *         *     0.000     1.000     0.000    -7.419     1.000     0.000     0.000     3.000     6.000    13.000    16.000    19.000    46.281     2.927    -0.739     0.171     3.135     0.198    -0.040     0.014
    53.000    55.000         *         *         *         *     2.900     2.750         *         *         *         *     0.000     1.000     0.000    -9.153     0.000    -1.000     0.000     3.000     6.000    13.000    16.000    19.000    50.867     3.391    -0.668     0.177     2.858     0.197    -0.036     0.015
    43.000    43.000    43.000         *    37.000    23.000         *     2.350     2.500         *     1.060     1.770     0.000     1.000     0.000    -9.156     0.000     3.000     0.000     3.000     6.000    13.000    16.000    19.000    44.829     2.523    -0.848     0.139     2.513     0.180    -0.052     0.011
    43.000    36.000         *         *    17.000         *     1.200     1.100         *         *         *         *     0.000     1.000     0.000    -8.202     0.000    -2.000     0.000     3.000     6.000    13.000    16.000    19.000    38.359     2.947    -0.969     0.160     1.409     0.196    -0.054     0.014
    43.000    41.000    40.000    29.000    20.000    25.000     3.100     3.300     3.490     2.890     2.630     2.510     0.000     1.000     0.000   -10.234     0.000    11.000     0.000     3.000     6.000    13.000    16.000    19.000    42.081     2.399    -0.866     0.135     3.420     0.151    -0.047     0.011
    45.000    36.000    44.000    36.000    31.000    30.000     3.000     3.100     3.310     2.830     2.440     2.420     0.000     1.000     0.000   -10.126     0.000    10.000     0.000     3.000     6.000    13.000    16.000    19.000    44.704     2.399    -0.765     0.135     3.255     0.151    -0.043     0.011
    38.000    41.000    38.000    24.000    22.000         *     3.100     2.900     2.700     2.680     1.800     2.080     0.000     1.000     0.000   -11.108     0.000     4.000     0.000     3.000     6.000    13.000    16.000    19.000    40.124     2.491    -0.876     0.140     3.036     0.151    -0.052     0.011
    47.000    55.000    39.000    47.000    39.000    30.000     3.400     3.800     3.780     3.080     2.410         *     0.000     1.000     0.000   -10.317     0.000     2.000     0.000     3.000     6.000    13.000    16.000    19.000    48.874     2.405    -0.715     0.138     3.574     0.152    -0.044     0.011
    50.000    37.000    30.000         *         *         *         *     1.750     2.280         *         *         *     1.000     1.000     0.000   -10.169     0.000     4.000     0.000     3.000     6.000    13.000    16.000    19.000    41.846     2.927    -0.974     0.171     2.243     0.201    -0.033     0.014
    57.000    46.000    44.000    47.000    30.000         *     2.600         *     2.300     1.540     1.730         *     0.000     1.000     0.000   -11.281     2.000     2.000     0.000     3.000     6.000    13.000    16.000    19.000    49.494     2.492    -0.789     0.145     2.507     0.169    -0.049     0.012
    44.000    43.000    41.000         *         *         *     4.000     4.000     3.990         *         *         *     0.000     1.000     0.000   -10.214     2.000    18.000     0.000     3.000     6.000    13.000    16.000    19.000    46.487     2.927    -0.759     0.171     4.075     0.167    -0.043     0.014
    38.000    37.000    38.000         *         *         *     3.200     3.350     2.760         *         *         *     0.000     1.000     0.000   -10.214     3.000    15.000     0.000     3.000     6.000    13.000    16.000    19.000    42.352     2.927    -0.850     0.171     3.282     0.167    -0.051     0.014
    38.000         *         *         *         *         *     2.700         *         *         *         *         *     0.000     1.000     0.000   -11.850     0.000     4.000     0.000     3.000     6.000    13.000    16.000    19.000    41.671     4.186    -0.765     0.182     2.793     0.261    -0.045     0.015
    37.000         *         *         *         *         *         *         *         *         *         *         *     0.000     1.000     0.000   -11.850     0.000     1.000     0.000     3.000     6.000    13.000    16.000    19.000    40.747     4.197    -0.747     0.184     2.881     0.517    -0.044     0.015
    39.000    39.000    40.000    28.000    27.000    31.000     3.900     3.500     3.420     3.250     3.380     3.240     0.000     0.000     0.000   -10.578     2.000    12.000     0.000     3.000     6.000    13.000    16.000    19.000    42.041     2.399    -0.749     0.135     3.796     0.151    -0.038     0.011
    48.000    43.000    39.000    38.000    22.000    29.000     3.100     3.000     2.750     2.900     2.780     2.420     0.000     1.000     0.000   -10.526     2.000    19.000     0.000     3.000     6.000    13.000    16.000    19.000    45.362     2.399    -0.847     0.135     3.264     0.151    -0.044     0.011
    62.000    52.000    50.000    56.000    51.000    32.000     3.600     3.500     3.100     3.440     3.390     2.420     0.000     1.000     1.000   -13.750     1.000     8.000     0.000     3.000     6.000    13.000    16.000    19.000    54.644     2.399    -0.554     0.135     3.524     0.151    -0.033     0.011
    45.000    47.000    40.000    24.000         *         *         *     2.350     2.650     1.870     1.920         *     0.000     1.000     1.000   -13.578     1.000    12.000     0.000     3.000     6.000    13.000    16.000    19.000    44.218     2.650    -0.802     0.152     2.709     0.176    -0.050     0.012
    38.000    34.000    36.000    24.000    25.000    32.000     2.800     2.500     2.540     2.260     2.210     2.110     0.000     0.000     0.000   -11.089     3.000     0.000     0.000     3.000     6.000    13.000    16.000    19.000    39.135     2.399    -0.746     0.135     2.810     0.151    -0.041     0.011
    45.000    51.000    41.000         *         *         *     3.100     3.000     2.800         *         *         *     0.000     1.000     0.000   -13.100     1.000     2.000     0.000     3.000     6.000    13.000    16.000    19.000    47.137     2.927    -0.670     0.171     3.085     0.167    -0.040     0.014
    39.000    39.000    41.000    28.000    23.000    23.000     3.900     3.900         *     3.540     2.970     2.840     0.000     0.000     0.000   -13.384     0.000    10.000     0.000     3.000     6.000    13.000    16.000    19.000    41.095     2.399    -0.840     0.135     3.918     0.162    -0.050     0.011
    37.000    28.000    27.000    35.000    20.000    27.000     3.300     2.850     2.910     2.630     2.760     2.750     0.000     1.000     0.000   -11.892     0.000    -2.000     0.000     3.000     6.000    13.000    16.000    19.000    36.725     2.399    -0.671     0.135     3.180     0.151    -0.034     0.011
    35.000    21.000    30.000    17.000         *         *     3.200     2.800     3.170     2.240         *         *     0.000     0.000     0.000   -11.892     0.000     0.000     0.000     3.000     6.000    13.000    16.000    19.000    32.917     2.650    -0.886     0.156     3.132     0.156    -0.052     0.013
    38.000    36.000    42.000         *         *         *     3.400         *     2.890         *         *         *     0.000     1.000     0.000   -11.624     1.000     6.000     0.000     3.000     6.000    13.000    16.000    19.000    42.318     2.927    -0.754     0.171     3.253     0.198    -0.045     0.014
    36.000    39.000    46.000    38.000    41.000         *     2.200     2.200     1.900     1.860     1.760         *     0.000     1.000     0.000   -14.545     2.000    13.000     0.000     3.000     6.000    13.000    16.000    19.000    46.005     2.491    -0.693     0.145     2.405     0.152    -0.045     0.012
    11.000         *         *         *         *         *     2.400         *         *         *         *         *     0.000     0.000     0.000   -12.689     1.000    -3.000     0.000     3.000     6.000    13.000    16.000    19.000    26.278     4.186    -0.871     0.182     2.569     0.261    -0.051     0.015
    41.000         *         *         *         *         *     2.900         *         *         *         *         *     0.000     1.000     1.000   -13.725     0.000     4.000     0.000     3.000     6.000    13.000    16.000    19.000    43.603     4.186    -0.630     0.182     2.893     0.261    -0.038     0.015
    50.000         *         *         *         *         *     3.000         *         *         *         *         *     0.000     1.000     0.000   -13.725     0.000     2.000     0.000     3.000     6.000    13.000    16.000    19.000    47.834     4.186    -0.660     0.182     3.012     0.261    -0.040     0.015
    50.000    34.000    35.000         *         *         *     3.100     3.120     3.120         *         *         *     1.000     0.000     1.000   -13.124     0.000     8.000     0.000     3.000     6.000    13.000    16.000    19.000    42.534     2.927    -0.818     0.171     3.137     0.167    -0.025     0.014
    65.000    55.000    67.000         *         *         *     3.600     3.400     3.630         *         *         *     0.000     0.000     0.000   -12.884     0.000    10.000     0.000     3.000     6.000    13.000    16.000    19.000    59.821     2.927    -0.554     0.171     3.615     0.167    -0.032     0.014
    53.000    61.000    58.000    60.000    47.000    46.000     4.000     3.600     3.700     3.440     3.500     3.110     0.000     0.000     1.000   -15.213     0.000    13.000     0.000     3.000     6.000    13.000    16.000    19.000    57.352     2.399    -0.473     0.135     3.819     0.151    -0.030     0.011
    50.000    47.000    40.000    33.000    29.000    31.000     3.900     3.500     3.650     3.540     2.500     3.020     0.000     0.000     0.000   -15.210     1.000    10.000     0.000     3.000     6.000    13.000    16.000    19.000    45.968     2.399    -0.780     0.135     3.792     0.151    -0.048     0.011
    41.000    45.000    43.000    27.000    27.000    36.000     3.100     3.000     3.100     2.780     1.740     2.360     0.000     1.000     0.000   -16.081     1.000     9.000     0.000     3.000     6.000    13.000    16.000    19.000    44.474     2.399    -0.768     0.135     3.181     0.151    -0.051     0.011
    53.000    46.000    43.000         *         *         *     3.100     3.220     3.200         *         *         *     0.000     1.000     0.000   -15.059     0.000     0.000     0.000     3.000     6.000    13.000    16.000    19.000    48.358     2.927    -0.597     0.171     3.256     0.167    -0.035     0.014
    50.000    51.000    49.000    50.000    45.000         *     2.800     3.000     3.040     3.410     3.360         *     0.000     1.000     1.000   -15.059     0.000    -7.000     0.000     3.000     6.000    13.000    16.000    19.000    50.116     2.491    -0.267     0.145     3.133     0.152    -0.006     0.012
    40.000    40.000         *    34.000    35.000    35.000     3.000     3.150         *     3.090     2.900     2.750     0.000     0.000     0.000   -16.732     0.000     1.000     0.000     3.000     6.000    13.000    16.000    19.000    43.111     2.568    -0.554     0.135     3.290     0.163    -0.030     0.011
    28.000    24.000    20.000         *     6.000    13.000     2.800     2.900     2.500     2.650     1.760     1.200     0.000     1.000     1.000   -16.721     1.000     1.000     0.000     3.000     6.000    13.000    16.000    19.000    29.408     2.519    -0.887     0.136     2.878     0.151    -0.061     0.011
    49.000    50.000    41.000    34.000    31.000    26.000     3.000     3.250     2.800     2.520     2.210     2.550     0.000     1.000     0.000   -17.606     1.000     2.000     0.000     3.000     6.000    13.000    16.000    19.000    45.578     2.399    -0.729     0.135     3.148     0.151    -0.045     0.011
    42.000    42.000    42.000    48.000    43.000    25.000     2.800     2.550     2.450     1.990     2.550     1.710     0.000     1.000     0.000   -17.381     1.000     3.000     0.000     3.000     6.000    13.000    16.000    19.000    46.500     2.399    -0.635     0.135     2.778     0.151    -0.043     0.011
    51.000    41.000    50.000    37.000    39.000    57.000     3.600     3.650     3.570     3.280     3.150     2.340     0.000     1.000     0.000   -15.594     1.000    13.000     0.000     3.000     6.000    13.000    16.000    19.000    51.405     2.399    -0.586     0.135     3.675     0.151    -0.043     0.011
    57.000    50.000    50.000    52.000    37.000    46.000     4.600     4.120     4.490     4.490     3.400     3.900     0.000     1.000     0.000   -15.538     0.000     7.000     0.000     3.000     6.000    13.000    16.000    19.000    53.143     2.399    -0.523     0.135     4.410     0.151    -0.032     0.011
    50.000    47.000    44.000    32.000    32.000    44.000     3.200     3.500     3.620     3.440         *     3.100     0.000     1.000     0.000   -15.242     0.000    15.000     0.000     3.000     6.000    13.000    16.000    19.000    48.190     2.402    -0.634     0.136     3.643     0.153    -0.034     0.011
    59.000    51.000         *         *         *         *     3.100     2.850     2.570         *         *         *     0.000     0.000     0.000   -15.605     0.000    10.000     0.000     3.000     6.000    13.000    16.000    19.000    52.804     3.373    -0.694     0.174     3.025     0.167    -0.044     0.014
    50.000    49.000    48.000         *         *         *     3.700     3.680     3.250         *         *         *     0.000     0.000     0.000   -15.603     0.000    11.000     0.000     3.000     6.000    13.000    16.000    19.000    50.345     2.927    -0.662     0.171     3.660     0.167    -0.042     0.014
    51.000    45.000    45.000    36.000    34.000    31.000     3.300     3.250     3.330     2.570     2.240     2.430     0.000     1.000     0.000   -18.250     0.000    12.000     0.000     3.000     6.000    13.000    16.000    19.000    47.981     2.399    -0.767     0.135     3.368     0.151    -0.053     0.011
         *         *    38.000    45.000    35.000    34.000         *         *     2.980     2.310     2.070     1.950     0.000     1.000     0.000   -11.721     2.000    -2.000     0.000     3.000     6.000    13.000    16.000    19.000    46.444     2.896    -0.685     0.141     2.917     0.202    -0.044     0.012
         *         *    40.000    31.000    29.000    35.000         *         *     3.170     2.910     2.780     2.760     0.000     1.000     1.000   -11.721     0.000    -3.000     0.000     3.000     6.000    13.000    16.000    19.000    41.939     2.896    -0.569     0.141     3.243     0.202    -0.029     0.012
         *         *         *    52.000    34.000         *         *         *         *     2.020     1.760         *     0.000     0.000     1.000    -4.306     0.000     6.000     0.000     3.000     6.000    13.000    16.000    19.000    49.171     3.492    -0.714     0.150     2.457     0.246    -0.037     0.013
         *         *         *    45.000    31.000    39.000         *         *         *     3.230     2.060     2.510     0.000     1.000     0.000    -3.381     1.000     6.000     0.000     3.000     6.000    13.000    16.000    19.000    48.593     3.217    -0.749     0.143     3.162     0.235    -0.037     0.012
         *         *         *    29.000    27.000    37.000         *         *         *         *     1.920     2.720     0.000     1.000     0.000    -3.475     1.000     6.000     0.000     3.000     6.000    13.000    16.000    19.000    43.647     3.217    -0.796     0.143     2.955     0.262    -0.038     0.012
         *    46.000    45.000    34.000    30.000    45.000         *     3.200     3.330     3.100     2.990     2.450     0.000     0.000     0.000   -13.600     1.000     0.000     0.000     3.000     6.000    13.000    16.000    19.000    46.569     2.629    -0.620     0.138     3.414     0.174    -0.037     0.011
         *    48.000    45.000    42.000         *         *         *     2.950         *     1.630         *         *     0.000     0.000     0.000   -13.600     1.000     6.000     0.000     3.000     6.000    13.000    16.000    19.000    49.019     2.963    -0.776     0.158     2.795     0.211    -0.053     0.013
         *    39.000         *         *         *         *         *     3.200         *         *         *         *     0.000     0.000     0.000   -14.078     1.000     1.000     0.000     3.000     6.000    13.000    16.000    19.000    42.617     4.135    -0.700     0.177     3.295     0.260    -0.042     0.015
         *    40.000    34.000    37.000         *         *         *     3.250         *     2.140         *         *     0.000     1.000     0.000   -14.150     1.000     0.000     0.000     3.000     6.000    13.000    16.000    19.000    42.943     2.963    -0.725     0.158     3.054     0.211    -0.048     0.013
         *    42.000         *         *         *         *         *     2.750         *         *         *         *     0.000     0.000     0.000   -15.374     0.000     8.000     0.000     3.000     6.000    13.000    16.000    19.000    45.334     4.135    -0.732     0.177     3.030     0.260    -0.046     0.015
         *    46.000    38.000    60.000    41.000    42.000         *     2.700     2.650     2.360     2.360     2.000     0.000     1.000     1.000   -16.471     0.000    10.000     0.000     3.000     6.000    13.000    16.000    19.000    51.022     2.629    -0.516     0.138     2.862     0.174    -0.037     0.011
         *         *         *    34.000    34.000    32.000         *         *         *     2.570     2.220     1.950     0.000     1.000     0.000    -6.400     1.000    -5.000     0.000     3.000     6.000    13.000    16.000    19.000    43.659     3.217    -0.712     0.143     2.805     0.235    -0.037     0.012
         *         *         *    22.000    19.000    20.000         *         *         *     2.910     2.370     2.480     0.000     1.000     0.000    -6.406     0.000     2.000     0.000     3.000     6.000    13.000    16.000    19.000    36.456     3.217    -0.875     0.143     3.242     0.235    -0.044     0.012
         *         *         *    22.000    25.000    33.000         *         *         *     3.020     3.170     2.880     0.000     0.000     0.000    -4.598     0.000    11.000     0.000     3.000     6.000    13.000    16.000    19.000    41.207     3.217    -0.842     0.143     3.624     0.235    -0.041     0.012
         *         *         *    30.000    19.000    30.000         *         *         *     3.420     2.590     2.140     0.000     0.000     0.000    -4.542     0.000     2.000     0.000     3.000     6.000    13.000    16.000    19.000    40.066     3.217    -0.848     0.143     3.352     0.235    -0.043     0.012
         *         *         *    44.000    39.000    51.000         *         *         *     3.900     1.930     3.600     0.000     1.000     0.000    -4.589     1.000    13.000     0.000     3.000     6.000    13.000    16.000    19.000    53.197     3.217    -0.653     0.143     3.603     0.235    -0.032     0.012
         *    58.000         *    40.000    40.000    51.000         *     4.000         *     3.070     3.640     3.500     0.000     1.000     0.000   -14.570     1.000    15.000     0.000     3.000     6.000    13.000    16.000    19.000    54.220     2.856    -0.590     0.139     3.971     0.193    -0.035     0.011
         *    59.000    55.000    54.000    52.000    57.000         *     3.900     4.150     2.930     3.710     3.330     0.000     1.000     0.000   -16.377     0.000     6.000     0.000     3.000     6.000    13.000    16.000    19.000    58.486     2.629    -0.419     0.138     3.902     0.174    -0.029     0.011
         *    43.000    35.000    37.000    35.000    31.000         *         *     3.100     2.520     2.930     2.810     0.000     1.000     0.000   -15.978     0.000    -5.000     0.000     3.000     6.000    13.000    16.000    19.000    43.113     2.634    -0.570     0.140     3.256     0.201    -0.033     0.012
         *    51.000    56.000         *         *         *         *     3.400     2.220         *         *         *     0.000     1.000     0.000   -14.936     1.000     4.000     0.000     3.000     6.000    13.000    16.000    19.000    53.072     3.366    -0.618     0.171     3.020     0.201    -0.041     0.014
         *    55.000    44.000    30.000    29.000    43.000         *     3.000     1.750     1.770     1.990     2.840     0.000     1.000     0.000   -14.936     0.000     4.000     0.000     3.000     6.000    13.000    16.000    19.000    47.540     2.629    -0.658     0.138     2.710     0.174    -0.036     0.011
    34.000    36.000    40.000    39.000    35.000    23.000     2.400     2.650     2.200     2.280     2.600     2.340     0.000     1.000     0.000   -21.172     0.000     2.000     0.000     3.000     6.000    13.000    16.000    19.000    41.113     2.399    -0.546     0.135     2.751     0.151    -0.032     0.011
    38.000    37.000    37.000    28.000    28.000         *     2.700     2.600     2.700     2.740     2.240     2.440     0.000     1.000     0.000   -21.153     0.000    -2.000     0.000     3.000     6.000    13.000    16.000    19.000    39.783     2.491    -0.585     0.140     2.925     0.151    -0.035     0.011
         *         *    56.000    34.000    37.000    35.000         *         *     3.580     2.760     2.310     1.930     0.000     1.000     0.000   -13.511     0.000     2.000     0.000     3.000     6.000    13.000    16.000    19.000    49.410     2.896    -0.748     0.141     3.305     0.202    -0.051     0.012
         *         *    42.000    52.000    50.000    52.000         *         *     3.520     3.490     3.470     3.320     0.000     0.000     0.000   -13.511     0.000     0.000     0.000     3.000     6.000    13.000    16.000    19.000    52.605     2.896    -0.389     0.141     3.687     0.202    -0.021     0.012
         *         *         *    35.000    35.000    48.000         *         *         *     2.640     1.160     2.440     0.000     0.000     1.000    -5.653     0.000    -5.000     0.000     3.000     6.000    13.000    16.000    19.000    45.929     3.217    -0.563     0.143     2.493     0.235    -0.027     0.012
         *         *         *    46.000    26.000    37.000         *         *         *     4.180     3.500     3.300     0.000     0.000     0.000    -5.650     0.000     3.000     0.000     3.000     6.000    13.000    16.000    19.000    46.004     3.217    -0.664     0.143     4.007     0.235    -0.029     0.012
         *    68.000    43.000    49.000    46.000    50.000         *     4.100     3.900     3.880     3.590     3.360     0.000     1.000     0.000   -15.495     0.000    17.000     0.000     3.000     6.000    13.000    16.000    19.000    56.937     2.629    -0.571     0.138     4.146     0.174    -0.036     0.011
         *    55.000    70.000    48.000    51.000    60.000         *     4.050     4.530     2.680     3.800     3.850     0.000     1.000     0.000   -15.495     0.000    21.000     0.000     3.000     6.000    13.000    16.000    19.000    61.367     2.629    -0.517     0.138     4.158     0.174    -0.035     0.011
         *    47.000    39.000    41.000    35.000    26.000         *     2.500     2.050     1.320     1.970     2.030     0.000     1.000     0.000   -17.758     1.000     1.000     0.000     3.000     6.000    13.000    16.000    19.000    45.575     2.629    -0.693     0.138     2.523     0.174    -0.044     0.011
    42.000    44.000    43.000    45.000    35.000    34.000     3.800     3.800     3.700     2.970     2.600     2.780     0.000     1.000     0.000   -21.450     0.000     5.000     0.000     3.000     6.000    13.000    16.000    19.000    46.907     2.399    -0.618     0.135     3.733     0.151    -0.050     0.011
    46.000    40.000    40.000    30.000    24.000    42.000     2.900     2.850     2.400     2.440     1.560     2.290     0.000     1.000     0.000   -21.450     2.000     0.000     0.000     3.000     6.000    13.000    16.000    19.000    43.755     2.399    -0.644     0.135     2.880     0.151    -0.047     0.011
         *         *         *    48.000    39.000         *         *         *         *         *     1.210         *     0.000     1.000     0.000    -8.367     0.000     0.000     0.000     3.000     6.000    13.000    16.000    19.000    49.898     3.492    -0.726     0.150     2.156     0.293    -0.043     0.013
    45.000    50.000         *    41.000    42.000    43.000     3.800     3.900         *     3.330     3.360     2.860     0.000     1.000     0.000   -21.525     0.000    10.000     0.000     3.000     6.000    13.000    16.000    19.000    50.189     2.568    -0.536     0.135     3.858     0.163    -0.041     0.011
    42.000    48.000         *    30.000    25.000    43.000     3.500     3.100         *     2.690     2.220     2.620     0.000     0.000     0.000   -21.522     3.000     4.000     0.000     3.000     6.000    13.000    16.000    19.000    44.863     2.568    -0.657     0.135     3.339     0.163    -0.048     0.011
         *         *         *    16.000         *         *         *         *         *     2.190         *         *     0.000     0.000     0.000    -6.025     0.000    -7.000     0.000     3.000     6.000    13.000    16.000    19.000    32.442     4.096    -0.900     0.159     2.721     0.282    -0.045     0.013
         *    45.000    45.000    31.000    31.000         *         *     2.800     2.800     2.080     1.110     1.870     0.000     1.000     0.000   -18.745     0.000     7.000     0.000     3.000     6.000    13.000    16.000    19.000    46.214     2.748    -0.819     0.143     2.862     0.175    -0.061     0.011
         *    48.000    39.000    62.000    38.000    38.000         *     2.750     2.810     2.410     2.570     2.370     0.000     1.000     1.000   -18.691     2.000     5.000     0.000     3.000     6.000    13.000    16.000    19.000    50.136     2.629    -0.469     0.138     2.967     0.174    -0.032     0.011
         *    42.000    43.000    36.000    24.000    28.000         *     3.450     3.170     3.500     2.190     2.710     0.000     0.000     0.000   -19.009     2.000     6.000     0.000     3.000     6.000    13.000    16.000    19.000    43.764     2.629    -0.743     0.138     3.564     0.174    -0.049     0.011
         *    48.000    45.000    30.000    26.000    38.000         *     3.350     3.360     3.040     2.180     2.600     0.000     1.000     0.000   -18.854     0.000     3.000     0.000     3.000     6.000    13.000    16.000    19.000    45.741     2.629    -0.697     0.138     3.443     0.174    -0.048     0.011
         *    42.000    47.000    27.000    35.000    41.000         *     3.060     3.090     2.650     2.520     2.350     0.000     0.000     0.000   -18.138     1.000     6.000     0.000     3.000     6.000    13.000    16.000    19.000    46.191     2.629    -0.665     0.138     3.268     0.174    -0.045     0.011
         *    45.000         *         *         *         *         *     3.300         *         *         *         *     0.000     1.000     0.000   -17.327     3.000     8.000     0.000     3.000     6.000    13.000    16.000    19.000    48.312     4.135    -0.633     0.177     3.456     0.260    -0.042     0.015
         *    23.000    26.000    26.000    19.000    19.000         *     2.100     2.570     2.300     1.900     1.630     0.000     0.000     0.000   -17.250     0.000    -4.000     0.000     3.000     6.000    13.000    16.000    19.000    33.205     2.629    -0.759     0.138     2.671     0.174    -0.047     0.011
         *    50.000    44.000    47.000    41.000    38.000         *     4.100     3.750     3.940     4.040     2.970     0.000     1.000     0.000   -18.731     1.000     7.000     0.000     3.000     6.000    13.000    16.000    19.000    50.249     2.629    -0.533     0.138     4.118     0.174    -0.035     0.011
         *    47.000    60.000    47.000    45.000    40.000         *     3.780     4.290     3.980     3.140     3.650     0.000     1.000     0.000   -18.734     1.000     8.000     0.000     3.000     6.000    13.000    16.000    19.000    53.242     2.629    -0.509     0.138     4.106     0.174    -0.033     0.011
         *    41.000    32.000    51.000         *    40.000         *     3.550     3.540     2.360         *     3.100     0.000     0.000     0.000   -19.008     3.000     2.000     0.000     3.000     6.000    13.000    16.000    19.000    46.590     2.766    -0.524     0.143     3.530     0.178    -0.038     0.012
         *    49.000    50.000    39.000    37.000    40.000         *     3.500     3.310     3.280     3.020     2.730     0.000     0.000     0.000   -19.083     1.000     8.000     0.000     3.000     6.000    13.000    16.000    19.000    49.808     2.629    -0.615     0.138     3.636     0.174    -0.041     0.011
         *    34.000    39.000    34.000    34.000    37.000         *     3.200     3.400     2.670     3.390     3.090     0.000     0.000     0.000   -20.108     1.000    12.000     0.000     3.000     6.000    13.000    16.000    19.000    43.882     2.629    -0.591     0.138     3.597     0.174    -0.037     0.011
         *    44.000    45.000    32.000         *    40.000         *     2.800     2.980     2.520         *     2.220     0.000     1.000     0.000   -19.863     2.000     7.000     0.000     3.000     6.000    13.000    16.000    19.000    47.373     2.766    -0.634     0.143     3.128     0.178    -0.045     0.012
         *    41.000    47.000    37.000    31.000    35.000         *     3.700     3.820     3.670     3.300     3.190     0.000     1.000     0.000   -19.922     1.000    13.000     0.000     3.000     6.000    13.000    16.000    19.000    46.747     2.629    -0.638     0.138     3.997     0.174    -0.042     0.011
         *         *    40.000    40.000    44.000    34.000         *         *     3.520     2.850     3.440     3.320     0.000     0.000     0.000   -17.365     1.000     5.000     0.000     3.000     6.000    13.000    16.000    19.000    47.198     2.896    -0.554     0.141     3.709     0.202    -0.033     0.012
         *         *         *    42.000    37.000    37.000         *         *         *     3.150     3.490     3.010     0.000     1.000     0.000   -10.376     1.000     3.000     0.000     3.000     6.000    13.000    16.000    19.000    47.796     3.217    -0.602     0.143     3.633     0.235    -0.030     0.012
    49.000    58.000    48.000    60.000    50.000    42.000     3.000     2.950     2.800     2.730     2.900     2.940     0.000     1.000     0.000   -24.467     0.000     4.000     0.000     3.000     6.000    13.000    16.000    19.000    54.189     2.399    -0.352     0.135     3.150     0.151    -0.025     0.011
    47.000    40.000    44.000    30.000    30.000    35.000     2.900     2.900     2.700     2.390     2.370     2.120     0.000     0.000     1.000   -24.239     3.000     1.000     0.000     3.000     6.000    13.000    16.000    19.000    43.669     2.399    -0.572     0.135     2.988     0.151    -0.042     0.011
         *    60.000    44.000    42.000    40.000    36.000         *     3.500     3.810     3.540     3.330     2.900     0.000     1.000     0.000   -20.433     3.000    -5.000     0.000     3.000     6.000    13.000    16.000    19.000    49.642     2.629    -0.510     0.138     3.754     0.174    -0.033     0.011
         *    50.000    46.000    35.000    32.000    37.000         *     3.600     3.710     3.960     3.750     3.570     0.000     1.000     0.000   -20.377     3.000    -5.000     0.000     3.000     6.000    13.000    16.000    19.000    45.655     2.629    -0.454     0.138     3.931     0.174    -0.023     0.011
         *    46.000    65.000    43.000    37.000    46.000         *         *     3.060     2.470     1.320     1.470     0.000     1.000     0.000   -20.299     0.000     6.000     0.000     3.000     6.000    13.000    16.000    19.000    54.024     2.634    -0.688     0.140     2.886     0.201    -0.058     0.012
         *    48.000    42.000    60.000    35.000    39.000         *     2.550     2.780     2.120     2.570     2.340     0.000     1.000     1.000   -20.286     1.000     0.000     0.000     3.000     6.000    13.000    16.000    19.000    49.414     2.629    -0.432     0.138     2.826     0.174    -0.030     0.011
         *         *    36.000    41.000    34.000    36.000         *         *     3.860     3.250     3.310     3.350     0.000     0.000     0.000   -19.303     1.000    10.000     0.000     3.000     6.000    13.000    16.000    19.000    46.099     2.896    -0.614     0.141     3.976     0.202    -0.041     0.012
         *         *    52.000    33.000         *    43.000         *         *     3.310     3.460         *     3.140     0.000     0.000     0.000   -19.303     0.000    10.000     0.000     3.000     6.000    13.000    16.000    19.000    49.993     3.092    -0.573     0.145     3.759     0.209    -0.036     0.012
         *         *         *    39.000    42.000    55.000         *         *         *     2.060     2.770     3.670     0.000     1.000     0.000   -11.224     3.000    10.000     0.000     3.000     6.000    13.000    16.000    19.000    52.698     3.217    -0.532     0.143     3.276     0.235    -0.026     0.012
         *         *         *    54.000    36.000    47.000         *         *         *     4.180     2.690     3.830     0.000     1.000     0.000   -11.055     3.000    12.000     0.000     3.000     6.000    13.000    16.000    19.000    53.714     3.217    -0.581     0.143     4.009     0.235    -0.031     0.012
    55.000         *         *         *         *         *     4.600         *         *         *         *         *     0.000     1.000     0.000   -27.605     0.000    13.000     0.000     3.000     6.000    13.000    16.000    19.000    56.024     4.186    -0.401     0.182     4.460     0.261    -0.037     0.015
         *         *         *    43.000    35.000    39.000         *         *         *     3.140     2.620     2.620     0.000     1.000     0.000   -11.892     0.000     4.000     0.000     3.000     6.000    13.000    16.000    19.000    48.501     3.217    -0.638     0.143     3.350     0.235    -0.037     0.012
         *         *         *    41.000    42.000    50.000         *         *         *     2.240     2.890     3.080     0.000     0.000     0.000   -11.854     2.000    10.000     0.000     3.000     6.000    13.000    16.000    19.000    52.139     3.217    -0.590     0.143     3.285     0.235    -0.033     0.012
         *         *         *    46.000    44.000    36.000         *         *         *     2.390     2.650     2.470     0.000     1.000     0.000   -14.597     0.000     0.000     0.000     3.000     6.000    13.000    16.000    19.000    49.781     3.217    -0.567     0.143     3.044     0.235    -0.034     0.012
         *         *         *    33.000         *    47.000         *         *         *     2.260         *     1.930     0.000     1.000     0.000   -13.633     3.000     8.000     0.000     3.000     6.000    13.000    16.000    19.000    49.758     3.525    -0.681     0.146     2.901     0.253    -0.045     0.012
         *         *    60.000    55.000    36.000         *         *         *     3.670     3.330     2.790         *     0.000     1.000     0.000   -19.333     0.000    16.000     0.000     3.000     6.000    13.000    16.000    19.000    56.463     3.067    -0.626     0.149     3.784     0.206    -0.045     0.012
         *         *    45.000    29.000    33.000    45.000         *         *     3.390     3.100     3.310     2.290     0.000     1.000     0.000   -19.275     1.000     8.000     0.000     3.000     6.000    13.000    16.000    19.000    47.330     2.896    -0.633     0.141     3.625     0.202    -0.045     0.012
         *         *         *    56.000    39.000    42.000         *         *         *     1.920     2.340     2.370     0.000     1.000     0.000   -12.616     0.000    -4.000     0.000     3.000     6.000    13.000    16.000    19.000    51.484     3.217    -0.527     0.143     2.691     0.235    -0.029     0.012
         *         *         *    42.000    45.000    56.000         *         *         *     2.170     3.020         *     0.000     1.000     0.000   -12.560     0.000    -2.000     0.000     3.000     6.000    13.000    16.000    19.000    52.474     3.221    -0.448     0.144     2.988     0.245    -0.024     0.013
         *         *         *    40.000    44.000    38.000         *         *         *     2.520     2.050     2.000     0.000     1.000     0.000   -14.828     1.000    10.000     0.000     3.000     6.000    13.000    16.000    19.000    50.963     3.217    -0.697     0.143     2.991     0.235    -0.047     0.012
         *         *         *    42.000    25.000    41.000         *         *         *     3.620     3.660     2.930     0.000     1.000     0.000   -15.194     2.000     8.000     0.000     3.000     6.000    13.000    16.000    19.000    47.052     3.217    -0.637     0.143     3.960     0.235    -0.038     0.012
         *         *         *    38.000    34.000    40.000         *         *         *     3.380     2.440     3.290     0.000     1.000     0.000   -15.299     1.000    10.000     0.000     3.000     6.000    13.000    16.000    19.000    48.214     3.217    -0.642     0.143     3.645     0.235    -0.039     0.012
         *         *         *    51.000    40.000    42.000         *         *         *     2.850     1.650     1.340     0.000     0.000     0.000   -13.798     3.000    13.000     0.000     3.000     6.000    13.000    16.000    19.000    54.070     3.217    -0.766     0.143     2.913     0.235    -0.056     0.012
         *         *         *    35.000         *         *         *         *         *     3.460         *         *     0.000     1.000     0.000   -14.888     2.000    10.000     0.000     3.000     6.000    13.000    16.000    19.000    46.832     4.096    -0.666     0.159     3.858     0.282    -0.040     0.013
         *         *         *    70.000    70.000    69.000         *         *         *     3.790     3.760     4.130     0.000     1.000     0.000   -15.466     2.000    17.000     0.000     3.000     6.000    13.000    16.000    19.000    69.201     3.217    -0.270     0.143     4.132     0.235    -0.017     0.012
         *         *         *    41.000    30.000    45.000         *         *         *     2.190     1.610         *     0.000     1.000     1.000   -16.480     0.000     1.000     0.000     3.000     6.000    13.000    16.000    19.000    47.187     3.221    -0.562     0.144     2.544     0.245    -0.039     0.013
         *         *         *    30.000    16.000    29.000         *         *         *     3.660         *     3.440     0.000     1.000     0.000   -16.917     2.000     1.000     0.000     3.000     6.000    13.000    16.000    19.000    38.763     3.217    -0.668     0.143     3.986     0.253    -0.038     0.012
         *         *         *    29.000    24.000    37.000         *         *         *     3.330     3.830     3.670     0.000     1.000     0.000   -16.869     2.000     7.000     0.000     3.000     6.000    13.000    16.000    19.000    42.588     3.217    -0.620     0.143     4.098     0.235    -0.035     0.012
         *         *         *    55.000    54.000    70.000         *         *         *     3.860     3.250     3.480     0.000     1.000     1.000   -18.436     0.000     2.000     0.000     3.000     6.000    13.000    16.000    19.000    59.491     3.217    -0.181     0.143     3.677     0.235    -0.013     0.012
         *         *         *    68.000    55.000         *         *         *         *     2.050     1.730     2.110     0.000     1.000     0.000   -18.800     2.000     2.000     0.000     3.000     6.000    13.000    16.000    19.000    61.176     3.491    -0.426     0.147     2.589     0.236    -0.034     0.012
         *         *         *    35.000    36.000    43.000         *         *         *     3.510     3.410     3.390     0.000     1.000     1.000   -18.527     1.000    19.000     0.000     3.000     6.000    13.000    16.000    19.000    48.982     3.217    -0.569     0.143     3.997     0.235    -0.037     0.012
         *         *         *    57.000    44.000    45.000         *         *         *     3.310     3.390     2.040     0.000     1.000     0.000   -18.645     1.000    22.000     0.000     3.000     6.000    13.000    16.000    19.000    58.061     3.217    -0.661     0.143     3.746     0.235    -0.051     0.012
         *         *         *    45.000         *         *         *         *         *     2.680         *         *     0.000     1.000     0.000   -17.059     1.000    18.000     0.000     3.000     6.000    13.000    16.000    19.000    53.220     4.096    -0.685     0.159     3.419     0.282    -0.047     0.013
         *         *         *    42.000    33.000    38.000         *         *         *     3.880     3.490     3.360     0.000     1.000     0.000   -16.867     0.000    11.000     0.000     3.000     6.000    13.000    16.000    19.000    48.483     3.217    -0.612     0.143     4.114     0.235    -0.038     0.012
