     9.000     8.000     9.000    11.000         *    34.000    39.000    45.000    23.000         *     0.000     1.000     0.000    -8.223     0.000    15.000     3.000     6.000    13.000    16.000    19.000     8.559     0.965     0.090     0.118    46.185     2.229    -1.001     0.136
    10.000    12.000    14.000         *         *    50.000    45.000    27.000         *         *     0.000     1.000     0.000    -8.223     0.000    17.000     3.000     6.000    13.000    16.000    19.000     8.569     1.004     0.230     0.141    48.504     2.466    -1.167     0.158
     7.000     7.000     9.000         *         *    45.000    45.000    46.000         *         *     0.000     1.000     0.000    -8.650     0.000    11.000     3.000     6.000    13.000    16.000    19.000     7.711     1.004     0.083     0.141    50.249     2.466    -0.710     0.158
     9.000    14.000         *         *         *    35.000    33.000         *         *         *     0.000     1.000     0.000    -8.997     0.000     0.000     3.000     6.000    13.000    16.000    19.000     8.908     1.032     0.161     0.164    39.866     2.855    -1.000     0.192
     9.000     6.000     8.000     7.000     9.000    51.000    42.000    35.000    34.000    46.000     0.000     0.000     0.000   -10.008     0.000     8.000     3.000     6.000    13.000    16.000    19.000     8.292     0.922     0.003     0.099    47.381     2.072    -0.546     0.121
     8.000     9.000    10.000    10.000     8.000    50.000    48.000    55.000    42.000    43.000     0.000     1.000     0.000   -10.005     0.000     6.000     3.000     6.000    13.000    16.000    19.000     7.517     0.922     0.094     0.099    52.155     2.072    -0.530     0.121
    10.000         *         *         *         *         *         *         *         *         *     0.000     0.000     0.000    12.623     0.000    -7.000     3.000     6.000    13.000    16.000    19.000    10.557     1.112     0.242     0.165    31.853     4.513    -1.314     0.241
    16.000         *         *         *         *    25.000         *         *         *         *     0.000     1.000     1.000     7.288     0.000     5.000     3.000     6.000    13.000    16.000    19.000    11.665     1.066     0.101     0.165    34.680     3.463    -1.526     0.215
     8.000     8.000         *         *         *    29.000    25.000         *         *         *     0.000     0.000     0.000     7.288     2.000    -6.000     3.000     6.000    13.000    16.000    19.000     9.216     1.032     0.202     0.164    34.131     2.855    -1.211     0.192
    25.000         *         *         *         *    26.000         *         *         *         *     0.000     0.000     0.000     7.122     0.000     1.000     3.000     6.000    13.000    16.000    19.000    12.776     1.066     0.085     0.165    30.515     3.463    -1.506     0.215
    20.000         *         *         *         *    27.000         *         *         *         *     0.000     0.000     1.000     7.221     0.000    -2.000     3.000     6.000    13.000    16.000    19.000    12.413     1.066     0.085     0.165    31.172     3.463    -1.389     0.215
     9.000    14.000         *         *         *    25.000    15.000         *         *         *     0.000     0.000     0.000     8.436     3.000     1.000     3.000     6.000    13.000    16.000    19.000    10.110     1.032     0.232     0.164    31.505     2.855    -1.622     0.192
    10.000    12.000         *         *         *    26.000    28.000         *         *         *     0.000     0.000     0.000     5.583     0.000    -5.000     3.000     6.000    13.000    16.000    19.000    10.198     1.032     0.201     0.164    33.236     2.855    -1.188     0.192
    16.000    15.000         *         *         *    33.000    30.000         *         *         *     0.000     0.000     1.000     5.581     0.000     2.000     3.000     6.000    13.000    16.000    19.000    11.659     1.032     0.116     0.164    35.865     2.855    -1.288     0.192
     9.000    10.000         *         *         *    44.000    41.000         *         *         *     0.000     1.000     0.000     7.339     1.000     8.000     3.000     6.000    13.000    16.000    19.000     8.958     1.032     0.181     0.164    45.678     2.855    -1.196     0.192
    12.000         *         *         *         *    30.000         *         *         *         *     1.000     1.000     1.000     7.339     0.000     2.000     3.000     6.000    13.000    16.000    19.000    10.518     1.066     0.135     0.165    37.205     3.463    -2.026     0.215
    17.000    12.000         *         *         *    35.000    21.000         *         *         *     0.000     0.000     0.000     5.217     0.000     6.000     3.000     6.000    13.000    16.000    19.000    11.374     1.032     0.123     0.164    34.996     2.855    -1.386     0.192
     9.000    11.000         *         *         *    44.000    34.000         *         *         *     0.000     0.000     0.000     8.511     0.000     6.000     3.000     6.000    13.000    16.000    19.000     9.771     1.032     0.192     0.164    41.703     2.855    -1.143     0.192
    13.000         *         *         *         *    29.000         *         *         *         *     0.000     0.000     1.000     8.511     0.000     8.000     3.000     6.000    13.000    16.000    19.000    11.519     1.066     0.112     0.165    35.955     3.463    -1.405     0.215
     8.000     7.000    10.000    13.000         *    45.000    39.000    22.000    22.000         *     0.000     1.000     0.000     4.945     1.000    -1.000     3.000     6.000    13.000    16.000    19.000     8.431     0.965     0.218     0.118    41.936     2.229    -1.131     0.136
    11.000    11.000         *         *         *    36.000    35.000         *         *         *     0.000     1.000     0.000     5.045     2.000    -1.000     3.000     6.000    13.000    16.000    19.000     9.092     1.032     0.187     0.164    40.271     2.855    -1.246     0.192
     8.000     8.000         *         *         *    45.000    31.000         *         *         *     1.000     1.000     1.000     3.739     1.000     2.000     3.000     6.000    13.000    16.000    19.000     8.751     1.032     0.133     0.164    43.895     2.855    -1.726     0.192
     9.000     9.000         *         *         *    33.000    32.000         *         *         *     0.000     0.000     0.000     2.930     1.000     6.000     3.000     6.000    13.000    16.000    19.000     9.455     1.032     0.146     0.164    39.211     2.855    -1.165     0.192
     8.000     9.000         *         *         *    25.000    19.000         *         *         *     0.000     1.000     0.000     2.930     0.000     8.000     3.000     6.000    13.000    16.000    19.000     9.868     1.032     0.160     0.164    35.230     2.855    -1.455     0.192
    12.000         *         *         *         *    32.000         *         *         *         *     0.000     1.000     0.000     2.982     1.000    -2.000     3.000     6.000    13.000    16.000    19.000     9.563     1.066     0.169     0.165    37.427     3.463    -1.245     0.215
    10.000     8.000    10.000         *         *    45.000    41.000    27.000         *         *     0.000     1.000     0.000     3.127     0.000    -6.000     3.000     6.000    13.000    16.000    19.000     8.799     1.004     0.153     0.141    41.949     2.466    -0.893     0.158
    10.000     8.000    12.000         *         *    35.000    43.000    36.000         *         *     0.000     0.000     0.000     3.127     0.000     2.000     3.000     6.000    13.000    16.000    19.000     9.137     1.004     0.157     0.141    42.821     2.466    -0.873     0.158
    14.000    10.000         *         *         *    20.000    20.000         *         *         *     0.000     0.000     0.000     3.597     1.000     1.000     3.000     6.000    13.000    16.000    19.000    10.794     1.032     0.129     0.164    30.912     2.855    -1.408     0.192
         *    19.000         *         *         *         *    17.000         *         *         *     0.000     1.000     0.000     2.597     0.000    -4.000     3.000     6.000    13.000    16.000    19.000    10.712     1.106     0.248     0.165    31.293     3.373    -1.503     0.202
     9.000         *         *         *         *    47.000         *         *         *         *     0.000     1.000     0.000     1.919     0.000    10.000     3.000     6.000    13.000    16.000    19.000     8.911     1.066     0.151     0.165    46.659     3.463    -1.067     0.215
    10.000     9.000    11.000    11.000    14.000    35.000    37.000    35.000    28.000    22.000     0.000     0.000     0.000     2.048     0.000     7.000     3.000     6.000    13.000    16.000    19.000     9.297     0.922     0.163     0.099    42.541     2.072    -0.998     0.121
     8.000     9.000         *         *         *    41.000    34.000         *         *         *     0.000     1.000     0.000     2.303     0.000     1.000     3.000     6.000    13.000    16.000    19.000     8.840     1.032     0.179     0.164    41.799     2.855    -1.054     0.192
     9.000         *         *         *         *    43.000         *         *         *         *     0.000     0.000     0.000     1.484     0.000    11.000     3.000     6.000    13.000    16.000    19.000     9.419     1.066     0.138     0.165    43.939     3.463    -1.040     0.215
     9.000    11.000    12.000    15.000    12.000    26.000    25.000    15.000    12.000    24.000     0.000     0.000     0.000     1.481     0.000     9.000     3.000     6.000    13.000    16.000    19.000    10.059     0.922     0.163     0.099    36.624     2.072    -1.261     0.121
     7.000    10.000         *         *         *    36.000    30.000         *         *         *     0.000     0.000     1.000     0.135     0.000    -2.000     3.000     6.000    13.000    16.000    19.000     9.617     1.032     0.137     0.164    37.754     2.855    -0.959     0.192
     7.000         *         *         *         *    40.000         *         *         *         *     0.000     1.000     1.000     1.836     0.000    -7.000     3.000     6.000    13.000    16.000    19.000     9.062     1.066     0.170     0.165    39.991     3.463    -0.946     0.215
     9.000     8.000         *         *         *    35.000    39.000         *         *         *     0.000     1.000     0.000     1.156     0.000     1.000     3.000     6.000    13.000    16.000    19.000     8.882     1.032     0.151     0.164    41.643     2.855    -1.017     0.192
     7.000     9.000     7.000     9.000     9.000    44.000    38.000    40.000    30.000    34.000     0.000     1.000     0.000     1.156     0.000     1.000     3.000     6.000    13.000    16.000    19.000     8.653     0.922     0.033     0.099    45.161     2.072    -0.751     0.121
    10.000    11.000    10.000     9.000         *    45.000    38.000    26.000    24.000    12.000     0.000     1.000     0.000     0.575     3.000     6.000     3.000     6.000    13.000    16.000    19.000     8.768     0.961     0.108     0.118    43.199     2.099    -1.271     0.125
     9.000     9.000     8.000     9.000    16.000    37.000    32.000    32.000    24.000    15.000     0.000     1.000     0.000     0.575     2.000     2.000     3.000     6.000    13.000    16.000    19.000     8.249     0.922     0.198     0.099    41.775     2.072    -1.174     0.121
    10.000     9.000         *         *         *    45.000    33.000         *         *         *     0.000     1.000     0.000    -0.200     0.000     1.000     3.000     6.000    13.000    16.000    19.000     8.914     1.032     0.156     0.164    42.402     2.855    -1.004     0.192
     8.000     8.000         *         *         *    46.000    43.000         *         *         *     0.000     0.000     0.000    -0.200     0.000     1.000     3.000     6.000    13.000    16.000    19.000     8.578     1.032     0.148     0.164    44.440     2.855    -0.749     0.192
    10.000         *         *         *         *    35.000         *         *         *         *     0.000     0.000     1.000     0.964     0.000     7.000     3.000     6.000    13.000    16.000    19.000    10.303     1.066     0.096     0.165    39.660     3.463    -1.104     0.215
     7.000         *         *         *         *    30.000         *         *         *         *     0.000     0.000     0.000     0.997     0.000     8.000     3.000     6.000    13.000    16.000    19.000     9.559     1.066     0.157     0.165    38.779     3.463    -1.153     0.215
    16.000    12.000    19.000    16.000         *    24.000    35.000    22.000    22.000     1.000     0.000     0.000     1.000    -1.358     0.000     0.000     3.000     6.000    13.000    16.000    19.000    10.554     0.961     0.308     0.118    35.617     2.099    -1.322     0.125
     8.000     7.000         *         *         *    36.000    36.000         *         *         *     0.000     1.000     0.000    -1.358     0.000    -4.000     3.000     6.000    13.000    16.000    19.000     8.480     1.032     0.157     0.164    40.415     2.855    -0.908     0.192
    12.000         *         *         *         *    42.000         *         *         *         *     0.000     0.000     1.000    -0.183     1.000     8.000     3.000     6.000    13.000    16.000    19.000     9.998     1.066     0.072     0.165    42.637     3.463    -1.052     0.215
     9.000    10.000         *         *         *    26.000    25.000         *         *         *     0.000     0.000     0.000    -0.339     0.000    -6.000     3.000     6.000    13.000    16.000    19.000     9.682     1.032     0.172     0.164    32.873     2.855    -1.063     0.192
    10.000    11.000         *         *         *    21.000    17.000         *         *         *     0.000     0.000     0.000    -0.339     0.000    -3.000     3.000     6.000    13.000    16.000    19.000    10.308     1.032     0.165     0.164    29.894     2.855    -1.259     0.192
    10.000     7.000         *         *         *    34.000    34.000         *         *         *     0.000     1.000     0.000    -0.460     0.000     1.000     3.000     6.000    13.000    16.000    19.000     9.033     1.032     0.130     0.164    40.105     2.855    -1.043     0.192
    10.000         *         *         *         *    46.000    33.000         *         *         *     1.000     0.000     1.000    -1.575     0.000    11.000     3.000     6.000    13.000    16.000    19.000     9.592     1.044     0.072     0.165    44.858     2.863    -1.628     0.197
     8.000     9.000    10.000    10.000    21.000    37.000    36.000    22.000     9.000    17.000     0.000     0.000     0.000    -0.167     0.000    -2.000     3.000     6.000    13.000    16.000    19.000     8.654     0.922     0.323     0.099    37.172     2.072    -1.136     0.121
     9.000     8.000    10.000     8.000         *    63.000    65.000    46.000    44.000         *     0.000     0.000     0.000    -1.277     2.000    16.000     3.000     6.000    13.000    16.000    19.000     7.685     0.965     0.091     0.118    56.989     2.229    -0.695     0.136
         *    18.000         *         *         *         *    33.000         *         *         *     0.000     1.000     0.000    -0.011     0.000    -2.000     3.000     6.000    13.000    16.000    19.000     9.792     1.106     0.226     0.165    38.308     3.373    -1.214     0.202
    11.000    12.000         *         *         *    34.000    35.000         *         *         *     0.000     1.000     1.000    -0.783     0.000    -4.000     3.000     6.000    13.000    16.000    19.000     9.832     1.032     0.129     0.164    38.727     2.855    -1.045     0.192
    10.000    10.000     9.000         *         *    41.000    42.000    31.000         *         *     0.000     1.000     0.000    -0.247     0.000    -5.000     3.000     6.000    13.000    16.000    19.000     8.848     1.004     0.114     0.141    42.278     2.466    -0.830     0.158
     8.000     9.000     8.000     7.000    11.000    35.000    35.000    35.000    30.000    25.000     0.000     1.000     0.000    -1.146     1.000     4.000     3.000     6.000    13.000    16.000    19.000     8.668     0.922     0.045     0.099    43.231     2.072    -0.934     0.121
    11.000    12.000         *         *         *    36.000    32.000         *         *         *     0.000     1.000     0.000    -0.881     1.000     2.000     3.000     6.000    13.000    16.000    19.000     9.262     1.032     0.161     0.164    40.032     2.855    -1.192     0.192
    16.000    12.000    15.000         *         *    32.000    32.000     7.000         *         *     0.000     0.000     0.000    -2.070     0.000     5.000     3.000     6.000    13.000    16.000    19.000    10.716     1.004     0.203     0.141    34.626     2.466    -1.384     0.158
     9.000    11.000    12.000    13.000         *    34.000    28.000    18.000    24.000         *     0.000     1.000     0.000    -2.070     0.000    -3.000     3.000     6.000    13.000    16.000    19.000     9.045     0.965     0.214     0.118    37.501     2.229    -1.121     0.136
    11.000     8.000    16.000    24.000         *    45.000    43.000    28.000    18.000         *     0.000     0.000     0.000    -0.262     1.000     7.000     3.000     6.000    13.000    16.000    19.000     7.736     0.965     0.584     0.118    44.596     2.229    -1.358     0.136
    10.000     7.000    15.000         *         *    32.000    39.000    20.000         *         *     0.000     1.000     0.000    -0.914     0.000     1.000     3.000     6.000    13.000    16.000    19.000     8.758     1.004     0.266     0.141    39.720     2.466    -1.187     0.158
     9.000     8.000         *         *         *    40.000    50.000         *         *         *     0.000     1.000     0.000    -1.359     2.000     5.000     3.000     6.000    13.000    16.000    19.000     7.933     1.032     0.128     0.164    47.412     2.855    -0.943     0.192
     7.000     9.000    11.000         *         *    63.000    36.000    37.000         *         *     0.000     0.000     0.000    -0.556     0.000     3.000     3.000     6.000    13.000    16.000    19.000     8.254     1.004     0.188     0.141    47.167     2.466    -0.741     0.158
    10.000    10.000         *         *         *    28.000    30.000         *         *         *     0.000     0.000     0.000    -0.822     0.000     0.000     3.000     6.000    13.000    16.000    19.000     9.759     1.032     0.143     0.164    35.848     2.855    -1.068     0.192
    14.000    13.000    12.000    13.000    14.000    49.000    45.000    40.000    30.000    38.000     0.000     1.000     0.000    -1.538     0.000     0.000     3.000     6.000    13.000    16.000    19.000     8.715     0.922     0.232     0.099    47.660     2.072    -0.854     0.121
     9.000    10.000    10.000     9.000    13.000    35.000    24.000    37.000    30.000    25.000     0.000     0.000     1.000    -2.167     0.000    -2.000     3.000     6.000    13.000    16.000    19.000     9.561     0.922     0.079     0.099    39.388     2.072    -0.785     0.121
     9.000    11.000         *         *         *    31.000    34.000         *         *         *     0.000     1.000     0.000    -2.481     0.000    -8.000     3.000     6.000    13.000    16.000    19.000     8.918     1.032     0.185     0.164    37.364     2.855    -0.977     0.192
    10.000     7.000    10.000    10.000         *    38.000    40.000    21.000    20.000         *     0.000     1.000     1.000    -2.505     0.000    12.000     3.000     6.000    13.000    16.000    19.000     9.772     0.965     0.041     0.118    42.246     2.229    -1.186     0.136
         *     7.000    11.000         *         *         *    40.000    45.000         *         *     0.000     1.000     0.000    -2.505     0.000     9.000     3.000     6.000    13.000    16.000    19.000     8.141     1.067     0.138     0.143    48.936     2.751    -0.844     0.161
     7.000     7.000    10.000    11.000    10.000    43.000    40.000    37.000    26.000    20.000     0.000     0.000     0.000    -3.381     1.000     5.000     3.000     6.000    13.000    16.000    19.000     8.405     0.922     0.126     0.099    43.200     2.072    -0.905     0.121
    15.000    11.000         *         *         *    27.000    38.000         *         *         *     0.000     0.000     0.000    -1.962     0.000     3.000     3.000     6.000    13.000    16.000    19.000    10.355     1.032     0.092     0.164    37.646     2.855    -1.062     0.192
         *     8.000         *         *         *         *    46.000         *         *         *     0.000     0.000     0.000    -1.464     0.000    -1.000     3.000     6.000    13.000    16.000    19.000     8.654     1.106     0.134     0.165    43.613     3.373    -0.712     0.202
    12.000         *         *         *         *    22.000         *         *         *         *     0.000     1.000     1.000    -2.745     0.000     1.000     3.000     6.000    13.000    16.000    19.000    10.451     1.066     0.086     0.165    34.776     3.463    -1.251     0.215
    10.000    12.000         *         *         *    40.000    25.000         *         *         *     0.000     1.000     0.000    -2.745     0.000     7.000     3.000     6.000    13.000    16.000    19.000     9.480     1.032     0.153     0.164    40.150     2.855    -1.222     0.192
    11.000     8.000    12.000         *         *    38.000    29.000    26.000         *         *     0.000     0.000     0.000    -4.216     0.000    -5.000     3.000     6.000    13.000    16.000    19.000     9.152     1.004     0.160     0.141    37.312     2.466    -0.876     0.158
     8.000     9.000         *         *         *    30.000    26.000         *         *         *     0.000     0.000     1.000    -4.213     0.000    -7.000     3.000     6.000    13.000    16.000    19.000     9.614     1.032     0.114     0.164    34.337     2.855    -0.902     0.192
     9.000     9.000         *    11.000         *    44.000    40.000         *    27.000         *     0.000     1.000     0.000    -4.467     0.000     1.000     3.000     6.000    13.000    16.000    19.000     8.448     0.977     0.155     0.128    43.685     2.443    -0.904     0.149
     9.000     7.000     9.000     9.000    12.000    39.000    40.000    21.000         *    27.000     0.000     1.000     0.000    -3.750     0.000    -4.000     3.000     6.000    13.000    16.000    19.000     8.498     0.927     0.118     0.099    40.625     2.208    -0.858     0.127
     8.000     7.000         *         *         *    40.000    32.000         *         *         *     0.000     1.000     0.000    -2.839     0.000     0.000     3.000     6.000    13.000    16.000    19.000     8.504     1.032     0.144     0.164    41.272     2.855    -0.947     0.192
     9.000     9.000         *         *         *    36.000    36.000         *         *         *     0.000     1.000     0.000    -2.842     0.000     9.000     3.000     6.000    13.000    16.000    19.000     8.998     1.032     0.121     0.164    42.900     2.855    -1.095     0.192
     9.000         *         *     7.000     9.000    54.000         *         *    24.000    29.000     1.000     1.000     0.000    -4.333     2.000     8.000     3.000     6.000    13.000    16.000    19.000     7.437     0.954     0.058     0.103    51.453     2.389    -1.444     0.129
    13.000     7.000         *         *         *    35.000    38.000         *         *         *     0.000     0.000     0.000    -5.003     1.000    10.000     3.000     6.000    13.000    16.000    19.000     9.367     1.032     0.049     0.164    42.219     2.855    -0.991     0.192
    11.000    10.000    12.000         *         *    34.000    43.000    34.000         *         *     0.000     1.000     0.000     0.800     1.000    -5.000     3.000     6.000    13.000    16.000    19.000     8.602     1.004     0.191     0.141    42.311     2.466    -0.949     0.158
         *         *         *     8.000    11.000         *         *         *    30.000    25.000     0.000     0.000     0.000    -4.027     0.000    -4.000     3.000     6.000    13.000    16.000    19.000     9.164     1.017     0.061     0.106    39.359     2.631    -0.720     0.130
    13.000     6.000         *     8.000    12.000    33.000    31.000         *    27.000    32.000     0.000     1.000     0.000    -3.777     0.000     0.000     3.000     6.000    13.000    16.000    19.000     9.023     0.927     0.061     0.103    41.068     2.209    -0.857     0.127
     8.000     8.000         *         *         *    37.000    32.000         *         *         *     0.000     1.000     0.000    -3.844     3.000     7.000     3.000     6.000    13.000    16.000    19.000     8.028     1.032     0.129     0.164    42.874     2.855    -1.187     0.192
     8.000     7.000    14.000         *         *    43.000    45.000    25.000         *         *     0.000     1.000     1.000    -4.372     1.000    11.000     3.000     6.000    13.000    16.000    19.000     8.384     1.004     0.210     0.141    46.300     2.466    -1.156     0.158
     7.000         *         *         *         *    33.000         *         *         *         *     0.000     0.000     0.000    -3.258     0.000   -10.000     3.000     6.000    13.000    16.000    19.000     8.812     1.066     0.187     0.165    35.791     3.463    -0.820     0.215
     8.000     7.000         *         *         *    40.000    41.000         *         *         *     0.000     0.000     0.000    -5.556     3.000     0.000     3.000     6.000    13.000    16.000    19.000     7.687     1.032     0.119     0.164    43.506     2.855    -0.820     0.192
    10.000    10.000         *         *         *    51.000    40.000         *         *         *     0.000     0.000     0.000    -5.556     0.000     5.000     3.000     6.000    13.000    16.000    19.000     8.768     1.032     0.118     0.164    45.578     2.855    -0.751     0.192
     9.000     7.000    10.000    10.000         *    39.000    39.000    26.000    20.000         *     0.000     1.000     1.000    -5.892     0.000     4.000     3.000     6.000    13.000    16.000    19.000     9.183     0.965     0.071     0.118    41.353     2.229    -1.007     0.136
     8.000     7.000     7.000         *         *    48.000    37.000    30.000         *         *     0.000     1.000     0.000    -4.172     1.000     2.000     3.000     6.000    13.000    16.000    19.000     8.180     1.004     0.059     0.141    44.373     2.466    -0.852     0.158
    11.000    18.000         *         *         *    38.000    36.000         *         *         *     0.000     1.000     0.000    -4.172     0.000     1.000     3.000     6.000    13.000    16.000    19.000     9.562     1.032     0.196     0.164    40.728     2.855    -1.124     0.192
     6.000         *    10.000    23.000         *    46.000         *    34.000    18.000         *     0.000     1.000     0.000    -3.470     2.000     7.000     3.000     6.000    13.000    16.000    19.000     6.723     0.990     0.516     0.119    46.395     2.418    -1.343     0.139
    12.000     9.000    10.000    10.000    13.000    40.000    35.000    27.000    31.000    25.000     0.000     0.000     0.000    -6.056     2.000     1.000     3.000     6.000    13.000    16.000    19.000     8.523     0.922     0.147     0.099    41.775     2.072    -0.913     0.121
    13.000    13.000         *         *         *         *    40.000         *         *         *     0.000     1.000     0.000    -4.430     0.000     1.000     3.000     6.000    13.000    16.000    19.000     9.360     1.048     0.137     0.164    42.245     3.335    -0.994     0.200
     5.000     6.000         *         *         *    43.000    37.000         *         *         *     0.000     1.000     0.000    -3.928     3.000     3.000     3.000     6.000    13.000    16.000    19.000     7.080     1.032     0.149     0.164    45.462     2.855    -0.969     0.192
     6.000     6.000         *         *         *    38.000    40.000         *         *         *     0.000     0.000     0.000    -4.833     0.000    -9.000     3.000     6.000    13.000    16.000    19.000     7.980     1.032     0.152     0.164    40.256     2.855    -0.586     0.192
    10.000    12.000    11.000    11.000     0.000    33.000    39.000    40.000    30.000    26.000     0.000     1.000     0.000    -4.833     0.000    -7.000     3.000     6.000    13.000    16.000    19.000     9.755     0.922    -0.115     0.099    40.271     2.072    -0.630     0.121
     8.000         *         *         *         *    39.000         *         *         *         *     0.000     1.000     0.000    -4.736     0.000    -3.000     3.000     6.000    13.000    16.000    19.000     8.410     1.066     0.160     0.165    41.382     3.463    -0.878     0.215
    12.000     7.000         *         *         *    38.000    43.000         *         *         *     0.000     1.000     0.000    -4.736     0.000    -4.000     3.000     6.000    13.000    16.000    19.000     8.630     1.032     0.107     0.164    42.421     2.855    -0.785     0.192
     7.000     7.000         *         *         *    37.000    40.000         *         *         *     0.000     1.000     1.000    -5.777     1.000     2.000     3.000     6.000    13.000    16.000    19.000     8.376     1.032     0.082     0.164    43.638     2.855    -0.878     0.192
    10.000    15.000         *         *         *    37.000    35.000    13.000         *         *     0.000     1.000     0.000    -5.683     0.000     6.000     3.000     6.000    13.000    16.000    19.000     9.555     1.025     0.196     0.163    38.986     2.476    -1.295     0.170
     8.000     8.000    13.000     9.000    15.000    36.000    32.000    34.000    20.000    25.000     0.000     1.000     0.000    -4.358     0.000     6.000     3.000     6.000    13.000    16.000    19.000     8.358     0.922     0.217     0.099    42.544     2.072    -1.074     0.121
    10.000     9.000    13.000     9.000         *    43.000    37.000    27.000    20.000         *     0.000     1.000     0.000    -6.656     0.000     7.000     3.000     6.000    13.000    16.000    19.000     8.955     0.965     0.126     0.118    42.431     2.229    -1.079     0.136
     8.000     7.000         *         *         *    37.000    41.000         *         *         *     0.000     1.000     0.000    -5.761     0.000     2.000     3.000     6.000    13.000    16.000    19.000     8.247     1.032     0.118     0.164    43.494     2.855    -0.845     0.192
     9.000     8.000         *         *         *    39.000    34.000         *         *         *     0.000     1.000     0.000    -5.761     0.000    12.000     3.000     6.000    13.000    16.000    19.000     8.832     1.032     0.095     0.164    43.998     2.855    -1.064     0.192
    11.000    10.000    10.000         *         *    40.000    39.000    24.000         *         *     0.000     0.000     0.000    -6.973     2.000     8.000     3.000     6.000    13.000    16.000    19.000     8.877     1.004     0.100     0.141    42.293     2.466    -1.039     0.158
    13.000    10.000    10.000    12.000    11.000    49.000    42.000    42.000    27.000    23.000     0.000     0.000     1.000    -7.570     3.000     2.000     3.000     6.000    13.000    16.000    19.000     8.583     0.922     0.131     0.099    45.318     2.072    -0.908     0.121
    10.000     9.000     9.000     7.000    10.000    35.000    37.000    33.000    22.000    31.000     0.000     1.000     0.000    -4.978     0.000     4.000     3.000     6.000    13.000    16.000    19.000     9.123     0.922     0.009     0.099    42.246     2.072    -0.876     0.121
     9.000     8.000     7.000    10.000     8.000    34.000    34.000    23.000    22.000    29.000     0.000     1.000     0.000    -4.978     0.000     2.000     3.000     6.000    13.000    16.000    19.000     9.151     0.922    -0.004     0.099    39.901     2.072    -0.901     0.121
    12.000    10.000    12.000    10.000         *    33.000    30.000    12.000    14.000         *     0.000     0.000     0.000    -3.816     0.000     3.000     3.000     6.000    13.000    16.000    19.000    10.286     0.965     0.080     0.118    34.623     2.229    -1.163     0.136
    10.000     7.000     9.000    14.000    19.000    37.000    43.000    33.000    28.000         *     0.000     0.000     0.000    -6.917     1.000     3.000     3.000     6.000    13.000    16.000    19.000     7.477     0.928     0.357     0.099    43.845     2.212    -0.957     0.131
     8.000     7.000     8.000     9.000     9.000    38.000    37.000    38.000    28.000    16.000     0.000     0.000     0.000    -6.917     1.000     2.000     3.000     6.000    13.000    16.000    19.000     8.626     0.922     0.040     0.099    40.911     2.072    -0.812     0.121
    10.000    10.000    12.000    10.000    13.000    24.000    26.000    24.000    15.000    22.000     0.000     1.000     0.000    -6.092     0.000    -2.000     3.000     6.000    13.000    16.000    19.000     9.161     0.922     0.146     0.099    36.151     2.072    -1.064     0.121
     8.000    10.000    12.000         *         *    29.000    29.000    15.000         *         *     0.000     1.000     0.000    -6.092     0.000    -3.000     3.000     6.000    13.000    16.000    19.000     8.933     1.004     0.198     0.141    35.370     2.466    -1.148     0.158
     8.000     7.000    12.000    15.000         *    43.000    33.000    19.000    10.000         *     0.000     1.000     1.000    -6.716     0.000    -7.000     3.000     6.000    13.000    16.000    19.000     8.527     0.965     0.279     0.118    37.062     2.229    -1.107     0.136
     7.000    10.000     8.000     9.000    14.000    37.000    43.000    42.000    30.000    32.000     0.000     1.000     0.000    -6.716     1.000    -2.000     3.000     6.000    13.000    16.000    19.000     7.444     0.922     0.190     0.099    45.203     2.072    -0.768     0.121
     9.000     7.000         *         *         *    57.000    46.000         *         *         *     0.000     1.000     1.000    -7.611     1.000     2.000     3.000     6.000    13.000    16.000    19.000     7.872     1.032     0.068     0.164    50.074     2.855    -0.631     0.192
    11.000     8.000    14.000         *         *    34.000    28.000         *         *         *     0.000     0.000     0.000    -8.361     0.000     8.000     3.000     6.000    13.000    16.000    19.000     9.231     1.016     0.180     0.141    38.954     2.855    -1.089     0.177
     8.000     8.000         *         *         *    33.000    30.000         *         *         *     0.000     0.000     0.000    -8.138     1.000    -6.000     3.000     6.000    13.000    16.000    19.000     8.451     1.032     0.132     0.164    37.012     2.855    -0.813     0.192
    11.000         *         *         *         *    32.000         *         *         *         *     0.000     0.000     1.000    -7.810     0.000    -3.000     3.000     6.000    13.000    16.000    19.000     9.829     1.066     0.071     0.165    36.881     3.463    -0.856     0.215
     9.000     9.000    11.000         *         *    35.000    41.000    46.000         *         *     0.000     0.000     0.000    -7.325     1.000     2.000     3.000     6.000    13.000    16.000    19.000     8.164     1.004     0.126     0.141    44.869     2.466    -0.679     0.158
    14.000     9.000    13.000    17.000    57.000    37.000    29.000    31.000    21.000    12.000     0.000     1.000     0.000    -8.939     0.000     0.000     3.000     6.000    13.000    16.000    19.000     4.487     0.922     1.303     0.099    44.710     2.072    -1.682     0.121
     9.000     8.000    10.000    11.000         *    31.000    33.000    18.000    16.000         *     0.000     1.000     0.000    -8.908     0.000     2.000     3.000     6.000    13.000    16.000    19.000     8.922     0.965     0.123     0.118    37.228     2.229    -1.106     0.136
    11.000     8.000    10.000    10.000         *    46.000    50.000    27.000    25.000    24.000     0.000     1.000     0.000    -7.710     2.000    18.000     3.000     6.000    13.000    16.000    19.000     8.327     0.961     0.109     0.118    48.275     2.099    -1.204     0.125
     8.000     8.000    14.000         *    13.000    36.000    44.000    37.000    33.000    19.000     0.000     1.000     0.000    -7.209     0.000    -9.000     3.000     6.000    13.000    16.000    19.000     7.607     0.933     0.283     0.109    41.959     2.084    -0.793     0.124
         *    11.000         *         *         *         *    39.000    22.000         *         *     0.000     0.000     0.000    -6.906     0.000     2.000     3.000     6.000    13.000    16.000    19.000     9.183     1.086     0.144     0.164    39.519     2.759    -0.933     0.173
     7.000     6.000     8.000    11.000    10.000    38.000    41.000    25.000    14.000    14.000     0.000     0.000     0.000    -6.906     0.000    -4.000     3.000     6.000    13.000    16.000    19.000     8.763     0.922     0.099     0.099    36.603     2.072    -0.869     0.121
    11.000     8.000         *         *         *    34.000    38.000         *         *         *     0.000     1.000     0.000    -7.500     0.000    -2.000     3.000     6.000    13.000    16.000    19.000     8.706     1.032     0.105     0.164    40.708     2.855    -0.862     0.192
    14.000     9.000    13.000    11.000    12.000    34.000    41.000    38.000    32.000    31.000     0.000     0.000     0.000    -7.563     0.000    -5.000     3.000     6.000    13.000    16.000    19.000     8.905     0.922     0.150     0.099    41.593     2.072    -0.656     0.121
         *     8.000    11.000     7.000     9.000         *    45.000    36.000    27.000    38.000     0.000     1.000     0.000    -0.861     2.000    -4.000     3.000     6.000    13.000    16.000    19.000     7.912     0.974     0.079     0.101    45.411     2.214    -0.760     0.121
         *    10.000     8.000    10.000    13.000         *    41.000    32.000    20.000    26.000     0.000     1.000     0.000    -0.828     3.000    -2.000     3.000     6.000    13.000    16.000    19.000     7.758     0.974     0.183     0.101    43.388     2.214    -1.052     0.121
     8.000    12.000     9.000     9.000         *    58.000    44.000    60.000    42.000         *     0.000     0.000     0.000    -7.908     1.000    19.000     3.000     6.000    13.000    16.000    19.000     8.026     0.965     0.067     0.118    55.093     2.229    -0.657     0.136
     7.000     6.000     8.000     5.000         *    45.000    56.000    35.000    35.000         *     0.000     0.000     0.000    -7.895     3.000    12.000     3.000     6.000    13.000    16.000    19.000     7.663     0.965    -0.020     0.118    49.313     2.229    -0.745     0.136
     7.000     7.000    10.000         *         *    31.000    30.000         *         *         *     1.000     1.000     1.000    -7.145     1.000    12.000     3.000     6.000    13.000    16.000    19.000     8.593     1.016     0.070     0.141    43.042     2.855    -1.788     0.177
     8.000     8.000     8.000     7.000    11.000    40.000    35.000    32.000    24.000    27.000     0.000     0.000     0.000    -6.911     1.000     6.000     3.000     6.000    13.000    16.000    19.000     8.681     0.922     0.040     0.099    41.912     2.072    -0.849     0.121
     7.000     6.000     8.000         *         *    41.000    45.000    30.000         *         *     0.000     1.000     0.000    -7.683     0.000     6.000     3.000     6.000    13.000    16.000    19.000     8.056     1.004     0.071     0.141    45.275     2.466    -0.810     0.158
     6.000     6.000     8.000     7.000     7.000    47.000    39.000    34.000    30.000    39.000     0.000     1.000     0.000    -8.208     1.000    -4.000     3.000     6.000    13.000    16.000    19.000     7.592     0.922     0.019     0.099    44.411     2.072    -0.592     0.121
    13.000     9.000         *         *         *    46.000    44.000         *         *         *     0.000     1.000     0.000    -7.419     1.000     0.000     3.000     6.000    13.000    16.000    19.000     8.379     1.032     0.098     0.164    45.670     2.855    -0.798     0.192
     8.000         *         *         *         *    55.000         *         *         *         *     0.000     1.000     0.000    -9.153     0.000    -1.000     3.000     6.000    13.000    16.000    19.000     7.503     1.066     0.132     0.165    48.531     3.463    -0.577     0.215
    10.000     7.000         *    10.000    10.000    43.000    43.000         *    37.000    23.000     0.000     1.000     0.000    -9.156     0.000     3.000     3.000     6.000    13.000    16.000    19.000     8.229     0.927     0.101     0.103    44.960     2.209    -0.802     0.127
     8.000         *         *    11.000         *    36.000         *         *    17.000         *     0.000     1.000     0.000    -8.202     0.000    -2.000     3.000     6.000    13.000    16.000    19.000     8.623     1.005     0.159     0.128    38.330     2.728    -1.007     0.155
     9.000     7.000    12.000     6.000     8.000    41.000    40.000    29.000    20.000    25.000     0.000     1.000     0.000   -10.234     0.000    11.000     3.000     6.000    13.000    16.000    19.000     8.958     0.922    -0.002     0.099    43.241     2.072    -0.979     0.121
     7.000     6.000     6.000     9.000    11.000    36.000    44.000    36.000    31.000    30.000     0.000     1.000     0.000   -10.126     0.000    10.000     3.000     6.000    13.000    16.000    19.000     7.884     0.922     0.075     0.099    45.961     2.072    -0.830     0.121
    12.000    10.000    13.000     8.000     9.000    41.000    38.000    24.000    22.000         *     0.000     1.000     0.000   -11.108     0.000     4.000     3.000     6.000    13.000    16.000    19.000     9.283     0.928     0.046     0.099    41.014     2.212    -0.973     0.131
    11.000     9.000    13.000    11.000    13.000    55.000    39.000    47.000    39.000    30.000     0.000     1.000     0.000   -10.317     0.000     2.000     3.000     6.000    13.000    16.000    19.000     7.629     0.922     0.237     0.099    48.773     2.072    -0.744     0.121
     8.000    14.000         *         *         *    37.000    30.000         *         *         *     1.000     1.000     0.000   -10.169     0.000     4.000     3.000     6.000    13.000    16.000    19.000     8.500     1.032     0.153     0.164    42.007     2.855    -1.662     0.192
     8.000     8.000    10.000     9.000         *    46.000    44.000    47.000    30.000         *     0.000     1.000     0.000   -11.281     2.000     2.000     3.000     6.000    13.000    16.000    19.000     7.096     0.965     0.138     0.118    48.040     2.229    -0.744     0.136
     5.000     5.000         *         *         *    43.000    41.000         *         *         *     0.000     1.000     0.000   -10.214     2.000    18.000     3.000     6.000    13.000    16.000    19.000     7.209     1.032     0.067     0.164    49.791     2.855    -0.952     0.192
     9.000    10.000         *         *         *    37.000    38.000         *         *         *     0.000     1.000     0.000   -10.214     3.000    15.000     3.000     6.000    13.000    16.000    19.000     8.019     1.032     0.083     0.164    46.180     2.855    -1.155     0.192
     7.000     6.000     9.000     6.000     9.000    39.000    40.000    28.000    27.000    31.000     0.000     0.000     0.000   -10.578     2.000    12.000     3.000     6.000    13.000    16.000    19.000     8.133     0.922     0.012     0.099    44.216     2.072    -0.871     0.121
     6.000     7.000     9.000     6.000     6.000    43.000    39.000    38.000    22.000    29.000     0.000     1.000     0.000   -10.526     2.000    19.000     3.000     6.000    13.000    16.000    19.000     8.121     0.922    -0.039     0.099    47.527     2.072    -1.026     0.121
     8.000     6.000     7.000     8.000     8.000    52.000    50.000    56.000    51.000    32.000     0.000     1.000     1.000   -13.750     1.000     8.000     3.000     6.000    13.000    16.000    19.000     7.364     0.922     0.023     0.099    53.043     2.072    -0.526     0.121
     8.000     8.000     9.000     8.000         *    47.000    40.000    24.000         *         *     0.000     1.000     1.000   -13.578     1.000    12.000     3.000     6.000    13.000    16.000    19.000     8.535     0.973     0.018     0.118    45.626     2.457    -0.955     0.149
     6.000     7.000     8.000     6.000    11.000    34.000    36.000    24.000    25.000    32.000     0.000     0.000     0.000   -11.089     3.000     0.000     3.000     6.000    13.000    16.000    19.000     7.512     0.922     0.076     0.099    40.649     2.072    -0.798     0.121
     7.000     7.000         *         *         *    51.000    41.000         *         *         *     0.000     1.000     0.000   -13.100     1.000     2.000     3.000     6.000    13.000    16.000    19.000     7.119     1.032     0.104     0.164    47.853     2.855    -0.637     0.192
    10.000     8.000     9.000     7.000     7.000    39.000    41.000    28.000    23.000    23.000     0.000     0.000     0.000   -13.384     0.000    10.000     3.000     6.000    13.000    16.000    19.000     9.408     0.922    -0.064     0.099    41.145     2.072    -0.824     0.121
    11.000     9.000     9.000     7.000    11.000    28.000    27.000    35.000    20.000    27.000     0.000     1.000     0.000   -11.892     0.000    -2.000     3.000     6.000    13.000    16.000    19.000     8.912     0.922     0.029     0.099    38.326     2.072    -0.814     0.121
    10.000     8.000    10.000         *         *    21.000    30.000    17.000         *         *     0.000     0.000     0.000   -11.892     0.000     0.000     3.000     6.000    13.000    16.000    19.000     9.401     1.004     0.073     0.141    33.631     2.466    -0.961     0.158
    10.000     7.000         *         *         *    36.000    42.000         *         *         *     0.000     1.000     0.000   -11.624     1.000     6.000     3.000     6.000    13.000    16.000    19.000     8.082     1.032     0.064     0.164    44.707     2.855    -0.849     0.192
    10.000     7.000     8.000     7.000         *    39.000    46.000    38.000    41.000         *     0.000     1.000     0.000   -14.545     2.000    13.000     3.000     6.000    13.000    16.000    19.000     7.666     0.965    -0.003     0.118    49.358     2.229    -0.780     0.136
     9.000    10.000         *         *         *    34.000    35.000         *         *         *     1.000     0.000     1.000   -13.124     0.000     8.000     3.000     6.000    13.000    16.000    19.000     9.062     1.032     0.028     0.164    42.537     2.855    -1.455     0.192
     9.000     8.000         *         *         *    55.000    67.000         *         *         *     0.000     0.000     0.000   -12.884     0.000    10.000     3.000     6.000    13.000    16.000    19.000     7.426     1.032     0.050     0.164    55.526     2.855    -0.310     0.192
     7.000     7.000     8.000     9.000     9.000    61.000    58.000    60.000    47.000    46.000     0.000     0.000     1.000   -15.213     0.000    13.000     3.000     6.000    13.000    16.000    19.000     7.389     0.922     0.065     0.099    56.159     2.072    -0.358     0.121
     7.000     6.000     7.000     6.000     7.000    47.000    40.000    33.000    29.000    31.000     0.000     0.000     0.000   -15.210     1.000    10.000     3.000     6.000    13.000    16.000    19.000     8.163     0.922    -0.047     0.099    44.607     2.072    -0.685     0.121
     7.000     7.000    10.000     7.000     7.000    45.000    43.000    27.000    27.000    36.000     0.000     1.000     0.000   -16.081     1.000     9.000     3.000     6.000    13.000    16.000    19.000     7.762     0.922     0.021     0.099    45.777     2.072    -0.804     0.121
     7.000     6.000         *         *         *    46.000    43.000         *         *         *     0.000     1.000     0.000   -15.059     0.000     0.000     3.000     6.000    13.000    16.000    19.000     7.232     1.032     0.088     0.164    46.605     2.855    -0.536     0.192
     8.000     6.000     7.000     8.000         *    51.000    49.000    50.000    45.000         *     0.000     1.000     1.000   -15.059     0.000    -7.000     3.000     6.000    13.000    16.000    19.000     7.311     0.965     0.026     0.118    49.040     2.229    -0.245     0.136
     9.000         *     8.000     9.000    10.000    40.000         *    34.000    35.000    35.000     0.000     0.000     0.000   -16.732     0.000     1.000     3.000     6.000    13.000    16.000    19.000     8.099     0.947     0.064     0.099    43.100     2.208    -0.536     0.122
    10.000     8.000     8.000    11.000    13.000    24.000    20.000         *     6.000    13.000     0.000     1.000     1.000   -16.721     1.000     1.000     3.000     6.000    13.000    16.000    19.000     9.033     0.926     0.106     0.099    33.374     2.206    -1.196     0.125
    11.000     6.000     8.000     7.000     9.000    50.000    41.000    34.000    31.000    26.000     0.000     1.000     0.000   -17.606     1.000     2.000     3.000     6.000    13.000    16.000    19.000     7.754     0.922     0.037     0.099    44.697     2.072    -0.726     0.121
    11.000     6.000     7.000    10.000     7.000    42.000    42.000    48.000    43.000    25.000     0.000     1.000     0.000   -17.381     1.000     3.000     3.000     6.000    13.000    16.000    19.000     7.545     0.922     0.030     0.099    46.945     2.072    -0.609     0.121
     7.000     8.000     8.000     7.000     9.000    41.000    50.000    37.000    39.000    57.000     0.000     1.000     0.000   -15.594     1.000    13.000     3.000     6.000    13.000    16.000    19.000     7.087     0.922     0.046     0.099    52.080     2.072    -0.587     0.121
     8.000     8.000     6.000     5.000     8.000    50.000    50.000    52.000    37.000    46.000     0.000     1.000     0.000   -15.538     0.000     7.000     3.000     6.000    13.000    16.000    19.000     7.523     0.922    -0.030     0.099    51.206     2.072    -0.431     0.121
     8.000     6.000     8.000     7.000     9.000    47.000    44.000    32.000    32.000    44.000     0.000     1.000     0.000   -15.242     0.000    15.000     3.000     6.000    13.000    16.000    19.000     7.797     0.922     0.022     0.099    49.138     2.072    -0.739     0.121
     9.000     6.000         *         *         *    51.000         *         *         *         *     0.000     0.000     0.000   -15.605     0.000    10.000     3.000     6.000    13.000    16.000    19.000     7.803     1.050     0.031     0.164    49.436     3.434    -0.489     0.209
     9.000    10.000         *         *         *    49.000    48.000         *         *         *     0.000     0.000     0.000   -15.603     0.000    11.000     3.000     6.000    13.000    16.000    19.000     8.112     1.032     0.058     0.164    49.152     2.855    -0.573     0.192
     8.000     9.000     9.000     9.000    13.000    45.000    45.000    36.000    34.000    31.000     0.000     1.000     0.000   -18.250     0.000    12.000     3.000     6.000    13.000    16.000    19.000     7.429     0.922     0.166     0.099    48.184     2.072    -0.830     0.121
         *     8.000     9.000    11.000    12.000         *    38.000    45.000    35.000    34.000     0.000     1.000     0.000   -11.721     2.000    -2.000     3.000     6.000    13.000    16.000    19.000     6.614     0.974     0.222     0.101    47.103     2.214    -0.715     0.121
         *     6.000     8.000     6.000     8.000         *    40.000    31.000    29.000    35.000     0.000     1.000     1.000   -11.721     0.000    -3.000     3.000     6.000    13.000    16.000    19.000     8.622     0.974    -0.044     0.101    42.347     2.214    -0.598     0.121
         *         *    10.000     7.000         *         *         *    52.000    34.000         *     0.000     0.000     1.000    -4.306     0.000     6.000     3.000     6.000    13.000    16.000    19.000     9.223     1.056    -0.020     0.121    47.753     2.676    -0.573     0.140
         *         *     9.000     9.000    11.000         *         *    45.000    31.000    39.000     0.000     1.000     0.000    -3.381     1.000     6.000     3.000     6.000    13.000    16.000    19.000     7.792     1.005     0.121     0.102    49.362     2.387    -0.789     0.122
         *         *    10.000     9.000     9.000         *         *    29.000    27.000    37.000     0.000     1.000     0.000    -3.475     1.000     6.000     3.000     6.000    13.000    16.000    19.000     8.495     1.005     0.063     0.102    45.514     2.387    -0.903     0.122
    10.000    10.000     8.000     9.000     9.000    46.000    45.000    34.000    30.000    45.000     0.000     0.000     0.000   -13.600     1.000     0.000     3.000     6.000    13.000    16.000    19.000     8.090     0.922     0.050     0.099    45.185     2.072    -0.528     0.121
     8.000     6.000    11.000         *         *    48.000    45.000    42.000         *         *     0.000     0.000     0.000   -13.600     1.000     6.000     3.000     6.000    13.000    16.000    19.000     7.308     1.004     0.140     0.141    48.240     2.466    -0.596     0.158
     9.000         *         *         *         *    39.000         *         *         *         *     0.000     0.000     0.000   -14.078     1.000     1.000     3.000     6.000    13.000    16.000    19.000     8.127     1.066     0.083     0.165    42.308     3.463    -0.678     0.215
     8.000     8.000     9.000         *         *    40.000    34.000    37.000         *         *     0.000     1.000     0.000   -14.150     1.000     0.000     3.000     6.000    13.000    16.000    19.000     7.609     1.004     0.097     0.141    43.560     2.466    -0.736     0.158
     7.000         *         *         *         *    42.000         *         *         *         *     0.000     0.000     0.000   -15.374     0.000     8.000     3.000     6.000    13.000    16.000    19.000     8.017     1.066     0.070     0.165    45.517     3.463    -0.622     0.215
    10.000     6.000     8.000     6.000     7.000    46.000    38.000    60.000    41.000    42.000     0.000     1.000     1.000   -16.471     0.000    10.000     3.000     6.000    13.000    16.000    19.000     8.162     0.922    -0.071     0.099    50.839     2.072    -0.468     0.121
         *         *     4.000     9.000    10.000         *         *    34.000    34.000    32.000     0.000     1.000     0.000    -6.400     1.000    -5.000     3.000     6.000    13.000    16.000    19.000     7.871     1.005     0.049     0.102    43.482     2.387    -0.659     0.122
         *         *    12.000    10.000    11.000         *         *    22.000    19.000    20.000     0.000     1.000     0.000    -6.406     0.000     2.000     3.000     6.000    13.000    16.000    19.000     9.119     1.005     0.118     0.102    39.033     2.387    -1.070     0.122
         *         *     8.000     6.000     7.000         *         *    22.000    25.000    33.000     0.000     0.000     0.000    -4.598     0.000    11.000     3.000     6.000    13.000    16.000    19.000    10.016     1.005    -0.118     0.102    41.580     2.387    -0.840     0.122
         *         *     9.000     7.000     8.000         *         *    30.000    19.000    30.000     0.000     0.000     0.000    -4.542     0.000     2.000     3.000     6.000    13.000    16.000    19.000     9.737     1.005    -0.052     0.102    39.350     2.387    -0.774     0.122
         *         *     9.000     7.000     8.000         *         *    44.000    39.000    51.000     0.000     1.000     0.000    -4.589     1.000    13.000     3.000     6.000    13.000    16.000    19.000     7.767     1.005     0.023     0.102    53.672     2.387    -0.670     0.122
     8.000         *     9.000     7.000     7.000    58.000         *    40.000    40.000    51.000     0.000     1.000     0.000   -14.570     1.000    15.000     3.000     6.000    13.000    16.000    19.000     7.277     0.947     0.021     0.099    54.242     2.208    -0.617     0.122
     7.000     7.000     7.000     6.000    10.000    59.000    55.000    54.000    52.000    57.000     0.000     1.000     0.000   -16.377     0.000     6.000     3.000     6.000    13.000    16.000    19.000     6.376     0.922     0.081     0.099    56.358     2.072    -0.250     0.121
     9.000     6.000     7.000     8.000    10.000    43.000    35.000    37.000    35.000    31.000     0.000     1.000     0.000   -15.978     0.000    -5.000     3.000     6.000    13.000    16.000    19.000     7.585     0.922     0.066     0.099    42.795     2.072    -0.550     0.121
     7.000     7.000         *         *         *    51.000    56.000         *         *         *     0.000     1.000     0.000   -14.936     1.000     4.000     3.000     6.000    13.000    16.000    19.000     6.677     1.032     0.082     0.164    52.362     2.855    -0.462     0.192
     8.000     8.000     7.000     8.000    10.000    55.000    44.000    30.000    29.000    43.000     0.000     1.000     0.000   -14.936     0.000     4.000     3.000     6.000    13.000    16.000    19.000     7.616     0.922     0.072     0.099    47.187     2.072    -0.644     0.121
     8.000     7.000     8.000    12.000     9.000    36.000    40.000    39.000    35.000    23.000     0.000     1.000     0.000   -21.172     0.000     2.000     3.000     6.000    13.000    16.000    19.000     7.368     0.922     0.125     0.099    43.558     2.072    -0.691     0.121
    11.000     7.000     7.000     7.000     8.000    37.000    37.000    28.000    28.000         *     0.000     1.000     0.000   -21.153     0.000    -2.000     3.000     6.000    13.000    16.000    19.000     8.274     0.928    -0.023     0.099    40.166     2.212    -0.636     0.131
         *     6.000    10.000     7.000     9.000         *    56.000    34.000    37.000    35.000     0.000     1.000     0.000   -13.511     0.000     2.000     3.000     6.000    13.000    16.000    19.000     7.467     0.974     0.078     0.101    47.613     2.214    -0.594     0.121
         *     7.000     9.000     7.000    11.000         *    42.000    52.000    50.000    52.000     0.000     0.000     0.000   -13.511     0.000     0.000     3.000     6.000    13.000    16.000    19.000     7.028     0.974     0.104     0.101    50.298     2.214    -0.221     0.121
         *         *     9.000     7.000    12.000         *         *    35.000    35.000    48.000     0.000     0.000     1.000    -5.653     0.000    -5.000     3.000     6.000    13.000    16.000    19.000     8.695     1.005     0.052     0.102    44.421     2.387    -0.443     0.122
         *         *    11.000    10.000     8.000         *         *    46.000    26.000    37.000     0.000     0.000     0.000    -5.650     0.000     3.000     3.000     6.000    13.000    16.000    19.000     8.794     1.005     0.053     0.102    44.959     2.387    -0.637     0.122
     7.000     6.000     9.000     8.000     8.000    68.000    43.000    49.000    46.000    50.000     0.000     1.000     0.000   -15.495     0.000    17.000     3.000     6.000    13.000    16.000    19.000     6.939     0.922     0.069     0.099    56.386     2.072    -0.545     0.121
     7.000     9.000    10.000     7.000     9.000    55.000    70.000    48.000    51.000    60.000     0.000     1.000     0.000   -15.495     0.000    21.000     3.000     6.000    13.000    16.000    19.000     6.814     0.922     0.085     0.099    60.567     2.072    -0.481     0.121
    11.000     9.000    10.000    11.000    10.000    47.000    39.000    41.000    35.000    26.000     0.000     1.000     0.000   -17.758     1.000     1.000     3.000     6.000    13.000    16.000    19.000     7.528     0.922     0.148     0.099    45.706     2.072    -0.743     0.121
    10.000     9.000     8.000    12.000    12.000    44.000    43.000    45.000    35.000    34.000     0.000     1.000     0.000   -21.450     0.000     5.000     3.000     6.000    13.000    16.000    19.000     7.150     0.922     0.186     0.099    47.739     2.072    -0.660     0.121
    10.000     7.000    10.000     8.000     8.000    40.000    40.000    30.000    24.000    42.000     0.000     1.000     0.000   -21.450     2.000     0.000     3.000     6.000    13.000    16.000    19.000     7.204     0.922     0.068     0.099    43.976     2.072    -0.682     0.121
         *         *     9.000     9.000         *         *         *    48.000    39.000         *     0.000     1.000     0.000    -8.367     0.000     0.000     3.000     6.000    13.000    16.000    19.000     7.632     1.056     0.098     0.121    48.491     2.676    -0.552     0.140
    10.000         *    10.000     9.000    13.000    50.000         *    41.000    42.000    43.000     0.000     1.000     0.000   -21.525     0.000    10.000     3.000     6.000    13.000    16.000    19.000     6.883     0.947     0.187     0.099    51.476     2.208    -0.619     0.122
    12.000         *     8.000    10.000     9.000    48.000         *    30.000    25.000    43.000     0.000     0.000     0.000   -21.522     3.000     4.000     3.000     6.000    13.000    16.000    19.000     7.321     0.947     0.086     0.099    45.362     2.208    -0.684     0.122
         *         *    10.000         *         *         *         *    16.000         *         *     0.000     0.000     0.000    -6.025     0.000    -7.000     3.000     6.000    13.000    16.000    19.000     9.578     1.109     0.114     0.143    33.067     3.207    -0.947     0.170
     9.000     8.000     8.000     7.000    13.000    45.000    45.000    31.000    31.000         *     0.000     1.000     0.000   -18.745     0.000     7.000     3.000     6.000    13.000    16.000    19.000     7.584     0.928     0.120     0.099    45.901     2.212    -0.769     0.131
     7.000     8.000     6.000     7.000     8.000    48.000    39.000    62.000    38.000    38.000     0.000     1.000     1.000   -18.691     2.000     5.000     3.000     6.000    13.000    16.000    19.000     7.034     0.922     0.009     0.099    50.690     2.072    -0.508     0.121
     7.000     6.000     8.000    10.000    12.000    42.000    43.000    36.000    24.000    28.000     0.000     0.000     0.000   -19.009     2.000     6.000     3.000     6.000    13.000    16.000    19.000     6.932     0.922     0.176     0.099    44.346     2.072    -0.790     0.121
     7.000     8.000     7.000    10.000     6.000    48.000    45.000    30.000    26.000    38.000     0.000     1.000     0.000   -18.854     0.000     3.000     3.000     6.000    13.000    16.000    19.000     7.723     0.922     0.022     0.099    44.952     2.072    -0.628     0.121
     7.000     7.000     7.000     6.000     8.000    42.000    47.000    27.000    35.000    41.000     0.000     0.000     0.000   -18.138     1.000     6.000     3.000     6.000    13.000    16.000    19.000     7.710     0.922    -0.013     0.099    45.143     2.072    -0.534     0.121
     7.000         *         *         *         *    45.000         *         *         *         *     0.000     1.000     0.000   -17.327     3.000     8.000     3.000     6.000    13.000    16.000    19.000     6.604     1.066     0.064     0.165    49.579     3.463    -0.725     0.215
     6.000    11.000     7.000     7.000    11.000    23.000    26.000    26.000    19.000    19.000     0.000     0.000     0.000   -17.250     0.000    -4.000     3.000     6.000    13.000    16.000    19.000     8.812     0.922     0.026     0.099    33.617     2.072    -0.741     0.121
     7.000     6.000     8.000     7.000     7.000    50.000    44.000    47.000    41.000    38.000     0.000     1.000     0.000   -18.731     1.000     7.000     3.000     6.000    13.000    16.000    19.000     6.913     0.922     0.029     0.099    50.103     2.072    -0.533     0.121
     7.000     8.000     7.000     6.000     7.000    47.000    60.000    47.000    45.000    40.000     0.000     1.000     0.000   -18.734     1.000     8.000     3.000     6.000    13.000    16.000    19.000     6.917     0.922     0.007     0.099    52.397     2.072    -0.469     0.121
    10.000     7.000     7.000     7.000    12.000    41.000    32.000    51.000         *    40.000     0.000     0.000     0.000   -19.008     3.000     2.000     3.000     6.000    13.000    16.000    19.000     6.722     0.927     0.105     0.099    46.861     2.208    -0.522     0.127
     8.000     7.000     8.000     7.000    10.000    49.000    50.000    39.000    37.000    40.000     0.000     0.000     0.000   -19.083     1.000     8.000     3.000     6.000    13.000    16.000    19.000     7.250     0.922     0.070     0.099    48.637     2.072    -0.528     0.121
     9.000     7.000     9.000     8.000    11.000    34.000    39.000    34.000    34.000    37.000     0.000     0.000     0.000   -20.108     1.000    12.000     3.000     6.000    13.000    16.000    19.000     7.711     0.922     0.078     0.099    45.250     2.072    -0.703     0.121
     7.000     6.000     7.000     6.000     7.000    44.000    45.000    32.000         *    40.000     0.000     1.000     0.000   -19.863     2.000     7.000     3.000     6.000    13.000    16.000    19.000     6.904     0.927     0.001     0.099    47.920     2.208    -0.626     0.127
     8.000     8.000     8.000     6.000     6.000    41.000    47.000    37.000    31.000    35.000     0.000     1.000     0.000   -19.922     1.000    13.000     3.000     6.000    13.000    16.000    19.000     7.831     0.922    -0.048     0.099    47.658     2.072    -0.727     0.121
         *     8.000     7.000     7.000     9.000         *    40.000    40.000    44.000    34.000     0.000     0.000     0.000   -17.365     1.000     5.000     3.000     6.000    13.000    16.000    19.000     7.591     0.974     0.025     0.101    46.388     2.214    -0.500     0.121
         *         *     6.000     7.000    10.000         *         *    42.000    37.000    37.000     0.000     1.000     0.000   -10.376     1.000     3.000     3.000     6.000    13.000    16.000    19.000     7.451     1.005     0.051     0.102    48.066     2.387    -0.627     0.122
    10.000     8.000     9.000     8.000     9.000    58.000    48.000    60.000    50.000    42.000     0.000     1.000     0.000   -24.467     0.000     4.000     3.000     6.000    13.000    16.000    19.000     6.586     0.922     0.100     0.099    53.521     2.072    -0.309     0.121
    11.000     7.000     8.000     7.000    10.000    40.000    44.000    30.000    30.000    35.000     0.000     0.000     1.000   -24.239     3.000     1.000     3.000     6.000    13.000    16.000    19.000     7.535     0.922     0.039     0.099    43.558     2.072    -0.625     0.121
     8.000     8.000    11.000     7.000     8.000    60.000    44.000    42.000    40.000    36.000     0.000     1.000     0.000   -20.433     3.000    -5.000     3.000     6.000    13.000    16.000    19.000     6.126     0.922     0.133     0.099    48.974     2.072    -0.529     0.121
     7.000     6.000    10.000     6.000     7.000    50.000    46.000    35.000    32.000    37.000     0.000     1.000     0.000   -20.377     3.000    -5.000     3.000     6.000    13.000    16.000    19.000     6.298     0.922     0.078     0.099    46.167     2.072    -0.564     0.121
     7.000     6.000     6.000     6.000     8.000    46.000    65.000    43.000    37.000    46.000     0.000     1.000     0.000   -20.299     0.000     6.000     3.000     6.000    13.000    16.000    19.000     6.867     0.922     0.016     0.099    51.300     2.072    -0.399     0.121
     7.000     6.000     6.000     7.000     7.000    48.000    42.000    60.000    35.000    39.000     0.000     1.000     1.000   -20.286     1.000     0.000     3.000     6.000    13.000    16.000    19.000     7.094     0.922    -0.011     0.099    48.884     2.072    -0.380     0.121
         *     7.000    11.000     7.000    13.000         *    36.000    41.000    34.000    36.000     0.000     0.000     0.000   -19.303     1.000    10.000     3.000     6.000    13.000    16.000    19.000     7.203     0.974     0.156     0.101    46.841     2.214    -0.682     0.121
         *     7.000    10.000     9.000     9.000         *    52.000    33.000         *    43.000     0.000     0.000     0.000   -19.303     0.000    10.000     3.000     6.000    13.000    16.000    19.000     7.489     0.982     0.089     0.101    48.833     2.393    -0.520     0.128
         *         *     8.000     6.000    11.000         *         *    39.000    42.000    55.000     0.000     1.000     0.000   -11.224     3.000    10.000     3.000     6.000    13.000    16.000    19.000     6.190     1.005     0.122     0.102    54.592     2.387    -0.647     0.122
         *         *     9.000     6.000     7.000         *         *    54.000    36.000    47.000     0.000     1.000     0.000   -11.055     3.000    12.000     3.000     6.000    13.000    16.000    19.000     6.645     1.005     0.040     0.102    54.770     2.387    -0.659     0.122
         *         *    10.000     8.000    11.000         *         *    43.000    35.000    39.000     0.000     1.000     0.000   -11.892     0.000     4.000     3.000     6.000    13.000    16.000    19.000     7.540     1.005     0.123     0.102    48.338     2.387    -0.640     0.122
         *         *     6.000     9.000     9.000         *         *    41.000    42.000    50.000     0.000     0.000     0.000   -11.854     2.000    10.000     3.000     6.000    13.000    16.000    19.000     7.106     1.005     0.063     0.102    51.611     2.387    -0.530     0.122
         *         *     8.000     8.000     7.000         *         *    46.000    44.000    36.000     0.000     1.000     0.000   -14.597     0.000     0.000     3.000     6.000    13.000    16.000    19.000     7.487     1.005     0.026     0.102    48.010     2.387    -0.447     0.122
         *         *     7.000         *     7.000         *         *    33.000         *    47.000     0.000     1.000     0.000   -13.633     3.000     8.000     3.000     6.000    13.000    16.000    19.000     6.716     1.027     0.032     0.111    50.914     2.648    -0.666     0.134
         *     8.000     9.000     7.000         *         *    60.000    55.000    36.000         *     0.000     1.000     0.000   -19.333     0.000    16.000     3.000     6.000    13.000    16.000    19.000     7.052     1.022     0.056     0.121    55.172     2.419    -0.551     0.137
         *     6.000     8.000     6.000    11.000         *    45.000    29.000    33.000    45.000     0.000     1.000     0.000   -19.275     1.000     8.000     3.000     6.000    13.000    16.000    19.000     6.884     0.974     0.089     0.101    48.099     2.214    -0.666     0.121
         *         *     7.000     7.000     8.000         *         *    56.000    39.000    42.000     0.000     1.000     0.000   -12.616     0.000    -4.000     3.000     6.000    13.000    16.000    19.000     7.250     1.005     0.033     0.102    48.781     2.387    -0.333     0.122
         *         *     7.000     8.000     8.000         *         *    42.000    45.000    56.000     0.000     1.000     0.000   -12.560     0.000    -2.000     3.000     6.000    13.000    16.000    19.000     7.053     1.005     0.048     0.102    50.400     2.387    -0.294     0.122
         *         *    10.000     8.000     8.000         *         *    40.000    44.000    38.000     0.000     1.000     0.000   -14.828     1.000    10.000     3.000     6.000    13.000    16.000    19.000     7.246     1.005     0.072     0.102    50.875     2.387    -0.662     0.122
         *         *     8.000    10.000     9.000         *         *    42.000    25.000    41.000     0.000     1.000     0.000   -15.194     2.000     8.000     3.000     6.000    13.000    16.000    19.000     6.946     1.005     0.117     0.102    48.885     2.387    -0.780     0.122
         *         *     6.000     7.000     8.000         *         *    38.000    34.000    40.000     0.000     1.000     0.000   -15.299     1.000    10.000     3.000     6.000    13.000    16.000    19.000     7.525     1.005     0.001     0.102    48.872     2.387    -0.675     0.122
         *         *     9.000     7.000     8.000         *         *    51.000    40.000    42.000     0.000     0.000     0.000   -13.798     3.000    13.000     3.000     6.000    13.000    16.000    19.000     6.863     1.005     0.059     0.102    52.820     2.387    -0.610     0.122
         *         *     6.000         *         *         *         *    35.000         *         *     0.000     1.000     0.000   -14.888     2.000    10.000     3.000     6.000    13.000    16.000    19.000     7.371     1.109     0.012     0.143    48.268     3.207    -0.772     0.170
         *         *     7.000     7.000    10.000         *         *    70.000    70.000    69.000     0.000     1.000     0.000   -15.466     2.000    17.000     3.000     6.000    13.000    16.000    19.000     4.711     1.005     0.157     0.102    67.642     2.387    -0.187     0.122
         *         *     9.000     5.000     9.000         *         *    41.000    30.000    45.000     0.000     1.000     1.000   -16.480     0.000     1.000     3.000     6.000    13.000    16.000    19.000     8.076     1.005    -0.011     0.102    46.581     2.387    -0.498     0.122
         *         *    11.000    11.000    10.000         *         *    30.000    16.000    29.000     0.000     1.000     0.000   -16.917     2.000     1.000     3.000     6.000    13.000    16.000    19.000     7.327     1.005     0.176     0.102    42.009     2.387    -0.945     0.122
         *         *     7.000     5.000     6.000         *         *    29.000    24.000    37.000     0.000     1.000     0.000   -16.869     2.000     7.000     3.000     6.000    13.000    16.000    19.000     7.811     1.005    -0.065     0.102    44.618     2.387    -0.766     0.122
         *         *     7.000     5.000     8.000         *         *    55.000    54.000    70.000     0.000     1.000     1.000   -18.436     0.000     2.000     3.000     6.000    13.000    16.000    19.000     6.532     1.005     0.001     0.102    56.903     2.387    -0.027     0.122
         *         *     8.000     7.000     7.000         *         *    68.000    55.000         *     0.000     1.000     0.000   -18.800     2.000     2.000     3.000     6.000    13.000    16.000    19.000     5.270     1.022     0.099     0.102    58.176     2.657    -0.159     0.135
         *         *     8.000     7.000     6.000         *         *    35.000    36.000    43.000     0.000     1.000     1.000   -18.527     1.000    19.000     3.000     6.000    13.000    16.000    19.000     8.125     1.005    -0.063     0.102    51.296     2.387    -0.743     0.122
         *         *     8.000     7.000     7.000         *         *    57.000    44.000    45.000     0.000     1.000     0.000   -18.645     1.000    22.000     3.000     6.000    13.000    16.000    19.000     6.795     1.005     0.025     0.102    57.546     2.387    -0.602     0.122
         *         *     6.000         *         *         *         *    45.000         *         *     0.000     1.000     0.000   -17.059     1.000    18.000     3.000     6.000    13.000    16.000    19.000     7.209     1.109    -0.010     0.143    53.819     3.207    -0.639     0.170
         *         *     9.000     8.000    10.000         *         *    42.000    33.000    38.000     0.000     1.000     0.000   -16.867     0.000    11.000     3.000     6.000    13.000    16.000    19.000     7.523     1.005     0.087     0.102    49.227     2.387    -0.699     0.122
